node	Africa	Caribbean	Central America	Eastern Asia	Europe	Oceania	South America	South-eastern Asia	Southern Asia	Western Asia
AF100461_EU003591	0.0686753180377546	0.06340362857262319	0.06538529507622183	0.18553893019131265	0.028874535813803306	0.1193336164824246	0.2601624104516437	0.10020266037276125	0.07659780538840662	0.03182579961304816
AF100461_GQ398257.2	0.010880885238150359	0.012702273361629178	0.01603349006656765	0.03646551157979101	0.005340551259457231	0.02730987132697538	0.049967686389480126	0.7308545436421183	0.10455877807076723	0.005886409065063422
0.999992	0.9994088487337056	4.148908118636239e-05	4.271819041789754e-05	0.00012142633719372036	1.912578350828631e-05	7.800926011100757e-05	0.00017029065900251418	4.9188158832573454e-05	4.806684111730658e-05	2.0836954924690193e-05
AF100461_JX475906.1	0.001390171837357585	0.002915971817189551	0.0008504327443895963	0.006945371623039048	0.0003281466819078634	0.00448654909843002	0.003007009740743519	0.9619114586951011	0.017803201203149925	0.0003616865586919235
AF100465_GQ398257.2	0.0059655464976018984	0.006769300648193005	0.01972293447432565	0.01968907292653049	0.0030072104514589715	0.025226564912763656	0.03315459167956452	0.608758807062987	0.2743913938727923	0.003314577473782564
EF105378_EF457904.2	0.9999686527719571	2.135532635178368e-06	2.198764991884245e-06	6.250083710375979e-06	1.9127485973801928e-06	4.01526739029419e-06	8.765251974764054e-06	2.523935766107378e-06	2.473114463178056e-06	1.0725285138719676e-06
0.645488	0.9999070426284946	6.525309154397769e-06	6.71858820329021e-06	1.9097668373197242e-05	2.999381737155559e-06	1.2269082898327448e-05	2.6782954772920205e-05	7.728334785876587e-06	7.558856866233421e-06	3.2771947141518593e-06
0.999883	0.0006071568796364694	0.0039442800390276055	0.00044430356646429675	0.006484797763964813	0.0001802416398357466	0.005470157727090483	0.001640959370793269	0.9748040707845043	0.0062253680882977495	0.00019866414038526752
AY037116_JX475906.1	0.005173989434150513	0.0009413069664045441	0.0006652933061955807	0.011577141265265956	0.0002876204596767057	0.0018451479741493247	0.0025980523541408863	0.9392281721949046	0.03736625789397967	0.0003170181511320876
GQ398257_GQ398257.2	1.1061792240929385e-05	1.2416125927641423e-05	1.7073172437386206e-05	3.629713484339269e-05	5.631515526799713e-06	2.754886409952372e-05	5.276799013877342e-05	0.9997269658101667	0.00010403048180605579	6.207112812708017e-06
AF100465_JQ922552	0.0019401346612430424	0.00218183527388775	0.042429472385837615	0.006372661796801414	0.0009860226646125488	0.04281816685629187	0.027745818863732993	0.06592122482058188	0.8085178586213108	0.0010868040557002313
EF105389_EF457904.2	0.9998574358722293	2.3359852683170564e-06	2.405142095546671e-06	6.836752952246192e-06	0.00011036974104280641	4.392149491505284e-06	9.588013860344533e-06	2.758215259227816e-06	2.704924152822997e-06	1.1732036479154682e-06
EF105378_EF105383.3	0.9999889112396265	7.782623821266838e-07	8.01302890053985e-07	2.2777487852961736e-06	3.627870467453518e-07	1.4632989869500452e-06	3.194365355222807e-06	9.189470055611379e-07	9.01180626248945e-07	3.908672954582491e-07
EF105387_EU003591	0.999998132177933	1.311881350692599e-07	1.3507199209926668e-07	3.839497034685693e-07	5.9787208217869e-08	2.466616543157351e-07	5.384595602809368e-07	1.549084757555467e-07	1.5190862706382693e-07	6.588671074432809e-08
EF105385_EF105385.1	1.0	0.0	0.0	0.0	0.0	0.0	0.0	0.0	0.0	0.0
AF100466_JX649148	0.0006850723259162858	0.06141403792404715	0.000761964502897009	0.0027342685399352248	0.0003354284259888488	0.0018985207711750467	0.0030233693353720983	0.9272975097267326	0.0014801158774812673	0.0003697125704544306
AF100461_KJ734727.1	0.00065100816364446	0.002380853860522355	0.0006211462468769004	0.01361976433844374	0.0002665993910223345	0.014288250590053009	0.0024102713435956054	0.9618723057029542	0.003595951844173935	0.0002938485187133435
AY037116_GU131843.1	0.0071308207539033264	0.0005091049464433091	0.0003994066532084397	0.014483484795641644	0.000173964085915122	0.001202029784614732	0.001570001111010682	0.9588552739983068	0.015484168913221626	0.000191744957734087
FJ882602_JX475906.1	2.5522879201714542e-05	2.3874092824910632e-05	2.428627026471373e-05	7.842573061986774e-05	1.0741435643090696e-05	4.496136925216823e-05	9.676389586507274e-05	0.0009376973198552315	0.9987458876883916	1.1839318081722606e-05
GQ398257.1_GQ398257.2	1.795006062488758e-08	2.0119065751706216e-08	2.359394478109419e-08	5.885497995013508e-08	9.14996620327602e-09	4.064994707376491e-08	8.379077290543716e-08	0.9999996523306901	8.347538820283463e-08	1.0085184386321907e-08
GQ398257	0.0	0.0	0.0	0.0	0.0	0.0	0.0	1.0	0.0	0.0
0.597143	0.0047835798369188715	0.005361591512141753	0.18021729594968802	0.015684464201255535	0.002438415240290813	0.17764773124471775	0.10394354931397408	0.04237720196020999	0.464858525042183	0.002687645698620233
JQ922550_JQ922552	0.0010826070618811098	0.0012169148858649909	0.021283178664907962	0.0035551081227777072	0.0005504354080356106	0.021586937826072836	0.014361404880680953	0.033012772167788106	0.9027439455627634	0.0006066954192273596
EF457904_EF457904.2	0.9999999931605085	4.56527820181488e-10	4.700433049343888e-10	1.336124835593332e-09	5.476617673487273e-10	8.583694475308798e-10	1.8738110886007506e-09	5.390409640462813e-10	5.286299779426089e-10	2.2928231540468297e-10
EF105389_JF260983.1	0.9984644752511206	2.011258958925841e-05	2.0708021920921044e-05	5.886373023499375e-05	0.0012583346385036795	3.7815948298658663e-05	8.255180014746183e-05	2.3747766560614062e-05	2.3289092420631352e-05	1.0101161203174477e-05
EF105383_EF105383.3	0.9999999999165484	5.861324495141702e-12	6.034848734878648e-12	1.7154400851321356e-11	2.6713315609659723e-12	1.1020537298109341e-11	2.40577120310706e-11	6.920704776231782e-12	6.787038454476299e-12	2.943737472278285e-12
EF105378	1.0	0.0	0.0	0.0	0.0	0.0	0.0	0.0	0.0	0.0
EU003591	1.0	0.0	0.0	0.0	0.0	0.0	0.0	0.0	0.0	0.0
EF105387	1.0	0.0	0.0	0.0	0.0	0.0	0.0	0.0	0.0	0.0
EF105385.1	1.0	0.0	0.0	0.0	0.0	0.0	0.0	0.0	0.0	0.0
EF105385	1.0	0.0	0.0	0.0	0.0	0.0	0.0	0.0	0.0	0.0
AF100466_M20558.1	8.496748476547125e-06	0.9991392430024169	9.773752751769046e-06	2.8227393462710346e-05	4.324037454472002e-06	1.8245304830488145e-05	3.8951866207620456e-05	0.0007364920562618758	1.1479840749655557e-05	4.765997387969258e-06
EU482449_JX649148	2.657492624335163e-08	1.0080053115667176e-06	3.018825332108808e-08	9.497929806239785e-08	1.3331225648119465e-08	6.330725496643665e-08	1.2011575790048028e-07	0.9999985848011903	4.400297144491071e-08	1.4693810422593739e-08
AF204178_KJ734727.1	0.0049243716479200565	0.006352208056454961	0.005611439938333334	0.20674369502335724	0.0024791684557187005	0.24681394752542088	0.022336360268437664	0.49422496294500495	0.007781281838386417	0.002732564300965877
AF100461_M84728	2.3055151796018052e-05	4.301752001053729e-05	2.5232048131378472e-05	0.00019516831084043367	1.1080239852176193e-05	0.0001830581981150902	9.990034589650143e-05	0.9993487260540518	5.854937997227951e-05	1.2212751333826935e-05
GQ398259_GU131843.1	0.02395302612111492	0.0005972904267999094	0.0005634772705319604	0.007110839443306394	0.0002482164210041969	0.0012240700518956452	0.0022371117669126852	0.9569533505173967	0.0068390313559066026	0.00027358662513093934
AY037116_FJ196852	0.00037371735906865954	0.00014147246761529885	0.00014103766542365918	0.11669382409698914	6.23134887840464e-05	0.002711432600464884	0.0005614183961774169	0.8785303967586316	0.0007157046154327575	6.868255141248702e-05
0.410163	3.3623836679146833e-06	3.1712979330908426e-06	3.228007836691963e-06	1.036076351899207e-05	1.4277415527677533e-06	5.9719258444743695e-06	1.2861719170648265e-05	0.0001185118865684181	0.9998395306027217	1.5736711852982113e-06
JX475906_JX475906.1	9.511504240378491e-12	1.0604926480393942e-11	1.0916055041106015e-11	3.111970502715713e-11	4.830903381319787e-12	1.9940219538520207e-11	4.351596524908775e-11	2.1257547442174988e-11	0.9999999998429784	5.324670090207477e-12
GQ398257.1	0.0	0.0	0.0	0.0	0.0	0.0	0.0	1.0	0.0	0.0
GQ398257.2	0.0	0.0	0.0	0.0	0.0	0.0	0.0	1.0	0.0	0.0
AF100465_GQ868592	0.0022709757130147043	0.0025435851828583605	0.59377411271185	0.0074433041776543855	0.0011583538859337625	0.02830752210173349	0.2878253070708157	0.00806396242877817	0.06733612747328394	0.0012767492540776346
HM582115	0.0	0.0	0.0	0.0	0.0	1.0	0.0	0.0	0.0	0.0
JQ922550	0.0	0.0	0.0	0.0	0.0	0.0	0.0	0.0	1.0	0.0
JQ922552	0.0	0.0	0.0	0.0	0.0	0.0	0.0	0.0	1.0	0.0
EF457904.1_EF457904.2	0.9999999999864835	9.485154179934148e-13	9.765961719588195e-13	2.7760301803425184e-12	4.4402610336019117e-13	1.783410821880244e-12	3.893166264081207e-12	1.1199505848670835e-12	1.0983200892232417e-12	4.763736220799159e-13
EF457904	1.0	0.0	0.0	0.0	0.0	0.0	0.0	0.0	0.0	0.0
JF260983_JF260983.1	0.0	0.0	0.0	0.0	1.0	0.0	0.0	0.0	0.0	0.0
EF105389	1.0	0.0	0.0	0.0	0.0	0.0	0.0	0.0	0.0	0.0
EF105383.1_EF105383.3	0.9999999999999718	1.985784815668299e-15	2.0445738809651446e-15	5.8118175786973014e-15	9.048412919314343e-16	3.733698011665204e-15	8.15062180901046e-15	2.344696591224574e-15	2.299411601272006e-15	9.973222230918922e-16
EF105383	1.0	0.0	0.0	0.0	0.0	0.0	0.0	0.0	0.0	0.0
AF100466_EU529701	4.020127142591367e-11	0.9999999962246198	4.658120335458008e-11	1.3324211687680013e-10	2.046762179030694e-11	8.603420468653863e-11	4.788210281394467e-10	2.8935354735196334e-09	5.393773769375783e-11	2.2559617722485968e-11
M20558_M20558.1	2.180171500399407e-09	0.9999999480247223	2.5129019832779323e-09	7.153775217559623e-09	1.112066502487471e-09	4.598488977406818e-09	1.0017334057578486e-08	2.0336954524644638e-08	2.8378541905549666e-09	1.2257308364980412e-09
FJ639701_JX649148	3.424232684724341e-08	4.798676928959189e-08	3.947208519199899e-08	1.1229203739894839e-07	1.746832856806891e-08	7.216258042205625e-08	1.5735182377302626e-07	0.9999994552792456	4.449103618628604e-08	1.9253766694771866e-08
FM210213_FM210243	2.8645168111959624e-08	3.237188854599028e-08	3.3023649739908474e-08	9.387439264992257e-08	1.4614809012021445e-08	6.030861726111305e-08	1.3164754770949763e-07	0.9999995522625293	3.7142808842739915e-08	1.610858886181697e-08
EU482449_FM210227	3.115383834812337e-07	3.5282236856101376e-07	3.591574159929685e-07	1.020962782658691e-06	1.589471893622799e-07	6.559085752343899e-07	1.4317674641402796e-06	0.9999951297384811	4.0396415530461794e-07	1.7519318398702687e-07
AF204178_M29095.1	0.0013080895533706183	0.001533718032065907	0.0015026334033549275	0.17227045058410423	0.0006646530042762938	0.7722959045850991	0.005987440711480405	0.04189350774110413	0.0018110151872689458	0.0007325871978755296
KJ734727_KJ734727.1	6.364885590157344e-08	7.216871085204141e-08	7.33075078482107e-08	0.9999983504063642	3.243816419920017e-08	3.8799302478621136e-07	2.922018699597471e-07	6.08057655559195e-07	8.402417719258345e-08	3.575366945175225e-08
AF100461_AJ487271	7.093421056710629e-07	9.143501131226808e-07	8.083646971979908e-07	3.159615279872665e-06	3.571438550464585e-07	2.432484573588607e-06	3.217726033985804e-06	0.9999868875662946	1.1197595130874973e-06	3.936475338568561e-07
M84728	0.0	0.0	0.0	0.0	0.0	0.0	0.0	1.0	0.0	0.0
GQ398259_GQ398259.1	6.893742873640161e-07	4.4949108882062116e-08	4.4852271385159024e-08	2.8021734545052503e-07	1.9817658846884276e-08	8.731480462772521e-08	1.7854777828954128e-07	0.9999984106188089	2.224647142916432e-07	2.184322205652781e-08
GU131843_GU131843.1	1.0	0.0	0.0	0.0	0.0	0.0	0.0	0.0	0.0	0.0
AY037116_FJ196854	0.00011700402443997196	5.389797266931959e-05	5.420654148425543e-05	0.1080874028725839	2.3960595856842817e-05	0.0034582877545747846	0.00021586326307512546	0.8877469099451576	0.0002160574214374013	2.640960872086354e-05
DQ645550_FJ196852	0.0001730992068355674	0.00018817264290046413	0.00019364921528850905	0.9797271834731559	8.569852991364433e-05	0.00040366966837405	0.00077195899262404	0.018132965020812433	0.0002291454721452784	9.445777795010437e-05
FJ898454_KF041236	3.7643067070040856e-07	4.083451745397874e-07	4.1961080408505406e-07	1.219013234781046e-06	1.856828722214534e-07	7.679798313368302e-07	1.6726170653410492e-06	3.024113999256327e-06	0.999991721543964	2.0466238380363913e-07
FJ882602	0.0	0.0	0.0	0.0	0.0	0.0	0.0	0.0	1.0	0.0
JX475906	0.0	0.0	0.0	0.0	0.0	0.0	0.0	0.0	1.0	0.0
JX475906.1	0.0	0.0	0.0	0.0	0.0	0.0	0.0	0.0	1.0	0.0
AF100465_JX966379	4.0387649939535545e-05	4.523073311085133e-05	0.9508181961233643	0.00013236583733460135	2.060254482878966e-05	0.0003452009231303096	0.047701481464541076	0.00010937019893081405	0.000764456193573438	2.2708331246519248e-05
AF100467_GQ868592	0.00018779819590435137	0.00021029468935501665	0.012356942718472994	0.0006154504796051308	9.580908017319179e-05	0.0008785272495566314	0.9836314554178702	0.00035223285982752093	0.0015658875815312702	0.00010560172770379121
EF457904.1	1.0	0.0	0.0	0.0	0.0	0.0	0.0	0.0	0.0	0.0
EF457904.2	1.0	0.0	0.0	0.0	0.0	0.0	0.0	0.0	0.0	0.0
JF260983.1	0.0	0.0	0.0	0.0	1.0	0.0	0.0	0.0	0.0	0.0
JF260983	0.0	0.0	0.0	0.0	1.0	0.0	0.0	0.0	0.0	0.0
EF105383.2_EF105383.3	0.999999999999998	1.292197938315535e-16	1.3304533969817079e-16	3.7818894745350077e-16	5.888002718655572e-17	2.429607092801095e-16	5.303805636198861e-16	1.5257504581765234e-16	1.4962824299755594e-16	6.489815564875106e-17
EF105383.1	1.0	0.0	0.0	0.0	0.0	0.0	0.0	0.0	0.0	0.0
AF100466_EU482576.1	6.846610721707544e-09	0.9999991431558564	7.893168496707511e-09	2.243679648979793e-08	3.493167073668528e-09	1.4414126017530443e-08	7.799267618002107e-07	9.106298594023665e-09	8.877010610087576e-09	3.850203733013406e-09
AF208496_JN819419	6.913980185526978e-08	0.9999366576645773	2.173946376428864e-07	2.2657542218085117e-07	3.527540052948917e-08	1.455593197756242e-07	6.242844662996766e-05	9.142006668978734e-08	8.964324422047167e-08	3.8880899750250605e-08
0.885324	1.1837672157056613e-07	0.9999981268026564	1.3647146357800127e-07	3.8792795632687637e-07	6.039626917067803e-08	2.4921739064187957e-07	5.440586956826105e-07	1.5669796581906789e-07	1.5348150821070727e-07	6.656937275456898e-08
M20558	0.0	1.0	0.0	0.0	0.0	0.0	0.0	0.0	0.0	0.0
M20558.1	0.0	1.0	0.0	0.0	0.0	0.0	0.0	0.0	0.0	0.0
0.523841	1.7812438839649948e-07	2.021265109165482e-07	2.053507420182853e-07	5.837462745324353e-07	9.08791455307395e-08	3.750235992803556e-07	8.186228786618234e-07	0.999997214985164	2.309733923540335e-07	1.001679043676689e-07
FJ639701	0.0	0.0	0.0	0.0	0.0	0.0	0.0	1.0	0.0	0.0
FM210213_FM210222	6.606317405933184e-09	7.39765224800333e-09	7.616139896177294e-09	2.164931568693485e-08	3.370569184525884e-09	1.3908215923651223e-08	3.0361473496350466e-08	0.9999998968098127	8.565428320553815e-09	3.7150751117703244e-09
FM210235_FM210243	2.7286108739382718e-08	3.0557181726122774e-08	3.145698286585625e-08	8.941830753994068e-08	1.3921479639908167e-08	5.744519962875895e-08	1.2540215383584023e-07	0.9999995737903311	3.5377860767465176e-08	1.5344394284111138e-08
EU482449_FM210218	1.2868462581607242e-08	1.4411243881648026e-08	1.4835497780682939e-08	4.217076822538919e-08	6.565540029279413e-09	2.709185945771301e-08	5.914118916294504e-08	0.999999798994202	1.6684632805428263e-08	7.236603974808703e-09
FM210204_FM210227	8.11348482929879e-08	9.085446625484943e-08	9.353688512213543e-08	2.6588398418858754e-07	4.139531924332924e-08	1.7081241562572008e-07	3.728814984559746e-07	0.999998732678759	1.0519548845221836e-07	4.562633544824025e-08
M29095_M29095.1	0.0	0.0	0.0	0.0	0.0	1.0	0.0	0.0	0.0	0.0
AF204178_AF204178.2	6.1750079808553854e-06	6.938170833371917e-06	7.117025219704735e-06	0.999634518159626	3.1495626544404683e-06	0.00028010877613156255	2.837081444996414e-05	2.210487414579752e-05	8.046129457494912e-06	3.4714795009064602e-06
KJ734727	0.0	0.0	0.0	1.0	0.0	0.0	0.0	0.0	0.0	0.0
KJ734727.1	0.0	0.0	0.0	1.0	0.0	0.0	0.0	0.0	0.0	0.0
AF100461_DQ181804.2	2.823420167126646e-07	3.18102974924384e-07	3.253463257614243e-07	9.388968657691147e-07	1.4397415154846708e-07	6.097565759155823e-07	1.2969033861001206e-06	0.9999955566483533	3.6933959803952787e-07	1.5868975175207152e-07
AJ487271	0.0	0.0	0.0	0.0	0.0	0.0	0.0	1.0	0.0	0.0
GQ398259	0.0	0.0	0.0	0.0	0.0	0.0	0.0	1.0	0.0	0.0
GQ398259.1	0.0	0.0	0.0	0.0	0.0	0.0	0.0	1.0	0.0	0.0
GU131843	1.0	0.0	0.0	0.0	0.0	0.0	0.0	0.0	0.0	0.0
GU131843.1	1.0	0.0	0.0	0.0	0.0	0.0	0.0	0.0	0.0	0.0
0.946234	0.00010438167161687422	6.2767947215491e-05	6.372305827657397e-05	0.07591754723665012	2.8180791669740754e-05	0.0057042967084889274	0.000253868896679149	0.9176536785547096	0.00018049398388194116	3.1061150811610636e-05
FJ196854	0.0	0.0	0.0	1.0	0.0	0.0	0.0	0.0	0.0	0.0
FJ196852	0.0	0.0	0.0	1.0	0.0	0.0	0.0	0.0	0.0	0.0
DQ645550	0.0	0.0	0.0	1.0	0.0	0.0	0.0	0.0	0.0	0.0
FJ898454_JQ955623	4.375568303479401e-09	4.8931877886224035e-09	5.037663831458929e-09	1.4332167061107575e-08	2.2294402165742686e-09	9.200330044298509e-09	2.0082400704636408e-08	6.970909331294281e-09	0.9999999303989644	2.479368423774095e-09
KF041236	0.0	0.0	0.0	0.0	0.0	0.0	0.0	0.0	1.0	0.0
AF100469_JX966379	9.169999396190258e-06	1.026809560413892e-05	0.9976930342047025	3.005123566056327e-05	4.678418830206897e-06	3.08937539221419e-05	0.002158524760874616	1.4616641304787119e-05	4.3606289615431045e-05	5.1566000894705155e-06
AF100465_FJ898449.2	4.683835517985595e-05	5.245219625199423e-05	0.9501292880426792	0.00015350294819268558	2.3894307409627134e-05	0.000313768363247953	0.04849608563713142	0.00010821433736544487	0.0006496192676114191	2.633654493050186e-05
AF100467_AF100468	1.3907364942040936e-06	1.5572560175166373e-06	3.0519447434374053e-05	4.557587217203307e-06	7.095442540539583e-07	4.0786893491812835e-06	0.9999493655675504	2.0862545831435644e-06	4.95285031683298e-06	7.82066782973235e-07
GQ868592	0.0	0.0	0.0	0.0	0.0	0.0	1.0	0.0	0.0	0.0
EF105383.2	1.0	0.0	0.0	0.0	0.0	0.0	0.0	0.0	0.0	0.0
EF105383.3	1.0	0.0	0.0	0.0	0.0	0.0	0.0	0.0	0.0	0.0
AF100466_FJ898450	5.861895391710817e-07	0.9994663994476439	6.757927905907979e-07	1.9209794571510576e-06	2.9907622411567803e-07	1.2340988147604117e-06	0.0005270197474663404	7.749989756636193e-07	7.600242789385635e-07	3.2964480949845507e-07
EU482561_EU482576.1	1.0455280773036422e-08	0.9999998341219196	1.2053444992979697e-08	3.426260316001339e-08	5.334325653195081e-09	2.2011395159747255e-08	4.850288388621009e-08	1.3822801362304172e-08	1.3555798368063886e-08	5.87954715875402e-09
AF208496_GQ868553.1	1.9110412629384883e-08	0.9999361503643565	1.081414621099797e-06	6.262600692260282e-08	9.75020819522074e-09	4.02329554775228e-08	6.257571105273723e-05	2.526599609186172e-08	2.4777613178179737e-08	1.074677712207792e-08
EU482545_JN819419	2.4329204224931857e-05	0.9863190350597865	2.8085896235885046e-05	7.97283102431517e-05	1.2412856340048403e-05	5.1220023580788256e-05	0.013407797760103837	3.216527572169099e-05	3.154403918909226e-05	1.368157457399319e-05
EU529701	0.0	1.0	0.0	0.0	0.0	0.0	0.0	0.0	0.0	0.0
EU482572	0.0	1.0	0.0	0.0	0.0	0.0	0.0	0.0	0.0	0.0
FJ639702	0.0	0.0	0.0	0.0	0.0	0.0	0.0	1.0	0.0	0.0
JX649148	0.0	0.0	0.0	0.0	0.0	0.0	0.0	1.0	0.0	0.0
0.995497	1.4538749862239668e-08	1.6279219084658908e-08	1.676110141865688e-08	4.7644384948256074e-08	7.417727739436998e-09	3.0608281105177655e-08	6.68175408141132e-08	0.9999997729068789	1.8850222379176686e-08	8.175893803689139e-09
FM210213_FM210213.3	2.949842867138299e-10	3.3029633334662767e-10	3.40074738313493e-10	9.666817915823133e-10	1.5050215122940376e-10	6.210273867452755e-10	1.3556959739342588e-09	0.9999999953923904	3.8246199153018054e-10	1.6588497837907453e-10
FM210235_FM210237.1	9.312840680669983e-08	1.0427674270387615e-07	1.0736374779052626e-07	3.051875622871924e-07	4.751448192143435e-08	1.9606227835183028e-07	4.280018014276826e-07	0.9999985453483679	1.2074567299079645e-07	5.237093783607104e-08
FM210243	0.0	0.0	0.0	0.0	0.0	0.0	0.0	1.0	0.0	0.0
EU482664_FM210218	1.1800479497691083e-08	1.3213105904986319e-08	1.3604266926371327e-08	3.8670902839469034e-08	6.020651367263406e-09	2.484342828170252e-08	5.423293124013496e-08	0.9999998156782954	1.5299916392971987e-08	6.636022234420472e-09
EU482449_FM210241	9.651743188663136e-09	1.0807145271354951e-08	1.1127080952350317e-08	3.1629360746147075e-08	4.9243575940025284e-09	2.0319715794795216e-08	4.435771655029844e-08	0.9999998492412324	1.2513971468431371e-08	5.427676258041067e-09
FM210204_FM210204.1	2.956921175884409e-12	3.310890683174107e-12	3.4089076610603302e-12	9.690013986107089e-12	1.5086328930493353e-12	6.2251757709576074e-12	1.3589490399657599e-11	0.9999999999538133	3.833797315936789e-12	1.6628302838275724e-12
FM210227	0.0	0.0	0.0	0.0	0.0	0.0	0.0	1.0	0.0	0.0
M29095.1	0.0	0.0	0.0	0.0	0.0	1.0	0.0	0.0	0.0	0.0
M29095	0.0	0.0	0.0	0.0	0.0	1.0	0.0	0.0	0.0	0.0
AF204178.1_AF204178.2	6.473663154670003e-09	7.261986476210336e-09	7.462161423573312e-09	0.9999997546730769	3.3023579554067775e-09	1.626857089039883e-07	2.9747110326872437e-08	1.6338335357670063e-08	8.415707615952885e-09	3.639892011892259e-09
AF204178	0.0	0.0	0.0	1.0	0.0	0.0	0.0	0.0	0.0	0.0
AF100461_EU726767.1	1.8094049593811326e-13	2.0261869110381464e-13	2.0859712103098486e-13	6.261472188832851e-13	9.23158381582023e-14	3.810739410423914e-13	8.315643572046002e-13	0.9999999999971404	2.3462867291540466e-13	1.0175144137027795e-13
DQ181804_DQ181804.2	4.387086014900877e-10	4.912303871770756e-10	5.057679667021351e-10	1.437708371779078e-09	2.2383067693980717e-10	9.236459251737103e-10	2.0162260067642584e-09	0.9999999931473579	5.688157358388265e-10	2.4670841380956503e-10
AY858035_JN851127	9.221454926477864e-09	7.314065702346212e-09	7.4803373003199e-09	6.182646618331684e-06	3.3093427188373846e-09	6.481944734003285e-07	2.9811150729631914e-08	0.9999930939057626	1.4469203775095474e-08	3.647590688087549e-09
AY037116_AY037116.2	7.925315121846801e-07	8.831343233026713e-07	9.092082073108719e-07	8.560808552067367e-06	4.023740450061061e-07	0.9999099041877679	3.6245138238559052e-06	7.344862063389575e-05	1.0311204322936114e-06	4.4350070222182705e-07
JQ955623	0.0	0.0	0.0	0.0	0.0	0.0	0.0	0.0	1.0	0.0
FJ898454_KJ010186.1	6.573879886133902e-07	7.360824408706836e-07	7.57874108151243e-07	2.1543008587551716e-06	3.3540181215116516e-07	1.3839916255155788e-06	3.0212384523095826e-06	8.691793605106034e-07	0.9999896453903889	4.3915296422048873e-07
JQ922549_JQ922549.3	0.0	0.0	0.0	0.0	0.0	0.0	0.0	0.0	1.0	0.0
JX966379	0.0	0.0	1.0	0.0	0.0	0.0	0.0	0.0	0.0	0.0
AF100469	0.0	0.0	1.0	0.0	0.0	0.0	0.0	0.0	0.0	0.0
FJ898449_FJ898449.2	2.8973724879116188e-09	3.244244456992717e-09	0.9999997218557116	9.494920103740485e-09	1.4782376400693474e-09	7.117546170651973e-09	2.416909807261991e-07	4.0495308554755204e-09	6.542127486583207e-09	1.629328331580333e-09
AF100465	0.0	0.0	0.0	0.0	0.0	0.0	1.0	0.0	0.0	0.0
AF100468	0.0	0.0	0.0	0.0	0.0	0.0	1.0	0.0	0.0	0.0
AF100467	0.0	0.0	0.0	0.0	0.0	0.0	1.0	0.0	0.0	0.0
EU482554_FJ898450	8.964057940099971e-08	0.9999905577418029	1.0334278115029574e-07	2.9375773494048243e-07	4.573497858880153e-08	1.8871939046378145e-07	8.435917097967517e-06	1.1851255491851845e-07	1.162235281031397e-07	5.0409551440940125e-08
AF100466_JX669488	9.245917802734956e-06	0.8535521414610577	1.0659222266649814e-05	3.0299445729231477e-05	4.7173038771212275e-06	1.9465335713162792e-05	0.14634406016732365	1.222388833376365e-05	1.1987798318414093e-05	5.199459577630912e-06
0.999993	5.289520833268192e-10	0.9999999916299745	6.098061809450453e-10	1.7334087631162948e-09	2.6987344758196127e-10	1.1135973840546e-09	2.431797804051909e-09	6.993196020151711e-10	6.858130291164465e-10	2.974572167342787e-10
EU482576_EU482576.1	4.1533137366664687e-10	0.9999999934285246	4.788177356393775e-10	1.3610666549791267e-09	2.1190371157209488e-10	8.743928718644853e-10	1.9087992507885133e-09	5.491033222835502e-10	5.384980538391695e-10	2.335623931315275e-10
EU482444_GQ868553.1	0.00021115973267801382	0.17398529144632663	0.0676099966235828	0.0006919835322938224	0.00010773453181256142	0.0004445524147342726	0.7562775853192253	0.00027917108599432314	0.00027377923341640777	0.00011874607993586529
AF208496_EU920849.1	6.67237358131622e-09	0.999999761533031	9.001123561050601e-09	2.1865781799789167e-08	3.4042714240224904e-09	1.4047279516869912e-08	1.622514038218812e-07	8.821444606985445e-09	8.65106855867267e-09	3.752222057674765e-09
EU677142_EU677142.1	1.331800720924893e-11	0.9999999997814141	1.5484883997791815e-11	4.364393511441196e-11	6.794900017952129e-12	2.803826368426405e-11	6.894161773129128e-11	1.7607535766752755e-11	1.726746741978724e-11	7.489406851386888e-12
EU920834_JN819419	1.2794288808559707e-05	0.006934050742885444	1.475025228092632e-05	4.192767745371492e-05	6.527696815976961e-06	2.693568471848582e-05	0.992922315188538	1.6915135568849647e-05	1.6588440123947434e-05	7.194892806103195e-06
EU482545	0.0	1.0	0.0	0.0	0.0	0.0	0.0	0.0	0.0	0.0
FM210217	0.0	0.0	0.0	0.0	0.0	0.0	0.0	1.0	0.0	0.0
FM210222	0.0	0.0	0.0	0.0	0.0	0.0	0.0	1.0	0.0	0.0
FM210213.1_FM210213.3	7.453535758306017e-13	8.345785269999633e-13	8.592861846172748e-13	2.4425698672278454e-12	3.802823460160881e-13	1.569185221841891e-12	3.4255141288075903e-12	0.9999999999883578	9.663884682330988e-13	4.191510103444815e-13
FM210213	0.0	0.0	0.0	0.0	0.0	0.0	0.0	1.0	0.0	0.0
FM210237_FM210237.1	0.0	0.0	0.0	0.0	0.0	0.0	0.0	1.0	0.0	0.0
FM210235_FM210235.2	1.398826969639569e-10	1.5662780617344527e-10	1.6126476462407097e-10	4.5840426829878146e-10	7.136870593151812e-11	2.9449360409156654e-10	6.428763077862948e-10	0.9999999978150538	1.8136496508093763e-10	7.86633024424133e-11
EU482664_FM210202	1.7623051778550626e-08	1.9732676022077958e-08	2.03168609035118e-08	5.7751833007886356e-08	8.991350805331398e-09	3.7101629765623824e-08	8.099245085499137e-08	0.9999997247306155	2.284917462865848e-08	9.91035690690959e-09
FM210218	0.0	0.0	0.0	0.0	0.0	0.0	0.0	1.0	0.0	0.0
FM210221_FM210241	1.0829982673075805e-08	1.2126420736516804e-08	1.24854227474731e-08	3.5490524494970046e-08	5.525500046906997e-09	2.2800251202917274e-08	4.977269830613515e-08	0.9999998308373201	1.4041618241996335e-08	6.090261490133877e-09
EU482449	0.0	0.0	0.0	0.0	0.0	0.0	0.0	1.0	0.0	0.0
FM210204	0.0	0.0	0.0	0.0	0.0	0.0	0.0	1.0	0.0	0.0
FM210204.1	0.0	0.0	0.0	0.0	0.0	0.0	0.0	1.0	0.0	0.0
AF204178.2	0.0	0.0	0.0	1.0	0.0	0.0	0.0	0.0	0.0	0.0
AF204178.1	0.0	0.0	0.0	1.0	0.0	0.0	0.0	0.0	0.0	0.0
AF100462_EU726767.1	4.2366107845208437e-07	4.7437679274989955e-07	4.884206951958859e-07	1.3883636146625323e-06	2.1615355993955246e-07	8.919293137328299e-07	1.9470719093903742e-06	0.9999933824784816	5.49297935814218e-07	2.3824661856479373e-07
AF100461_GQ868542	2.258563704839035e-10	2.5289323496981047e-10	2.603801271728037e-10	7.40145361444279e-10	1.1523281461956618e-10	4.754930953971585e-10	1.0379962118066082e-09	0.9999999964721579	2.928341649045049e-10	1.2701076234179462e-10
EU687246_FJ687434.2	1.0503262302389438e-08	1.1760589154583193e-08	1.210876083849305e-08	3.366342705339365e-07	5.358806019976167e-09	2.211241016498307e-08	4.8271148864194586e-08	0.9999995337262135	1.3618008817734518e-08	5.9065296641934426e-09
DQ181802	0.0	0.0	0.0	0.0	0.0	0.0	0.0	1.0	0.0	0.0
DQ181804.1_DQ181804.2	7.630581958344579e-13	8.544027215142932e-13	8.796970674627318e-13	2.5005902978067958e-12	3.8931530587192355e-13	1.606460030970887e-12	3.5068813874031925e-12	0.9999999999880811	9.893437100554608e-13	4.291072291635753e-13
DQ181804	0.0	0.0	0.0	0.0	0.0	0.0	0.0	1.0	0.0	0.0
AY858035_JN851129.1	1.2935817431810286e-09	1.0307233648297984e-09	1.0542658975030408e-09	1.1103206631791069e-06	4.664155847429377e-10	8.994508565446175e-08	4.20155230044643e-09	0.9999987891478209	2.025803400418624e-09	5.140879287005432e-10
AY858036_JN851127	4.7424006540671697e-07	5.309475293002366e-07	5.46665154673999e-07	3.2376164900673604e-05	2.419299774500084e-07	4.889889885086444e-05	2.179261209769636e-06	0.9999138703059728	6.149286947852321e-07	2.6665764409820517e-07
AY037116.1_AY037116.2	2.888721270335247e-10	3.225620666784682e-10	3.3209663926754785e-10	2.190336162491001e-09	1.4697106177957443e-10	0.9999999793772764	1.3238889162268115e-09	1.5480723414795504e-08	3.752803951531652e-10	1.619929762232569e-10
AY037116	0.0	0.0	0.0	0.0	0.0	1.0	0.0	0.0	0.0	0.0
FJ898454_FJ898454.1	2.2810692123973113e-10	2.5541319483054447e-10	2.6297469032848436e-10	7.475205193105161e-10	1.1638105438078947e-10	4.802311560489795e-10	1.048339346497628e-09	3.015767658117321e-10	0.9999999964311083	1.2834803337975844e-10
KF041233_KJ010186.1	8.969619687621695e-08	1.0043356887584416e-07	1.034068999043899e-07	2.9393999655634695e-07	4.5763354739773745e-08	1.8883648090212808e-07	4.122279666283041e-07	1.1858602630861898e-07	0.9999858982488251	1.2748860684073044e-05
JQ922549	0.0	0.0	0.0	0.0	0.0	0.0	0.0	0.0	1.0	0.0
JQ922549.1	0.0	0.0	0.0	0.0	0.0	0.0	0.0	0.0	1.0	0.0
JQ922549.3	0.0	0.0	0.0	0.0	0.0	0.0	0.0	0.0	1.0	0.0
JQ922549.2	0.0	0.0	0.0	0.0	0.0	0.0	0.0	0.0	1.0	0.0
FJ898449.1_FJ898449.2	1.4770344454755217e-12	1.6538490852285186e-12	0.9999999999661985	4.840335723046586e-12	7.535882244370416e-13	3.1554826256284316e-12	1.7087287405840225e-11	1.96263931311729e-12	2.0406697460126194e-12	8.306124882355334e-13
FJ898449	0.0	0.0	1.0	0.0	0.0	0.0	0.0	0.0	0.0	0.0
EU482554_GQ398270	2.056628044562114e-09	0.9999999667151429	2.3709983058979368e-09	6.739697577954861e-09	1.0492997726574833e-09	4.329797882512758e-09	1.019632806768542e-08	2.7190368128227962e-09	2.666521889960274e-09	1.15654871826475e-09
FJ898450	0.0	1.0	0.0	0.0	0.0	0.0	0.0	0.0	0.0	0.0
AF100466_AF100466.1	0.0	0.0	0.0	0.0	0.0	0.0	1.0	0.0	0.0	0.0
FJ850072_JX669488	5.955652157040372e-05	0.03035022823919919	6.866016055840675e-05	0.00019517041267646718	3.0385973151216492e-05	0.00012538373269144025	0.968981166429471	7.873877558272993e-05	7.721803117337298e-05	3.349172392581658e-05
EU569708	0.0	1.0	0.0	0.0	0.0	0.0	0.0	0.0	0.0	0.0
EU482561_EU482744.1	1.9612932111326394e-10	0.9999999968967948	2.2610908633960415e-10	6.427279419666298e-10	1.0006595631124594e-10	4.1290904376196887e-10	9.013790126143908e-10	2.592996065576629e-10	2.5429154746454324e-10	1.1029369921676835e-10
EU482575_EU482575.1	2.4787423062985556e-10	0.9999999960780783	2.857635742412917e-10	8.122992177556925e-10	1.2646641405834254e-10	5.218470698905517e-10	1.1391864427880999e-09	3.277107678623944e-10	3.2138142999542884e-10	1.3939254814883054e-10
EU482576.1	0.0	1.0	0.0	0.0	0.0	0.0	0.0	0.0	0.0	0.0
EU482576	0.0	1.0	0.0	0.0	0.0	0.0	0.0	0.0	0.0	0.0
EU482444_GU131959	1.0030664256843339e-07	5.672618459582259e-06	0.9999686846361667	3.287110850006395e-07	5.117684625637621e-08	2.1117454356544698e-07	2.46323021139494e-05	1.3261389364575376e-07	1.300526163803693e-07	5.6407632484987335e-08
0.999091	1.9067214775393647e-06	0.001189118344131906	0.0004624198376958474	6.248444466161932e-06	9.728168485271422e-07	4.014201127817897e-06	0.9983292543777057	2.5208476009584046e-06	2.472160472258733e-06	1.0722484733041897e-06
0.376005	2.3483634037921605e-08	0.9999970299909622	2.7101146396140093e-08	7.695732432772088e-08	1.1981443082194394e-08	4.9439853356005394e-08	2.7063444981522056e-06	3.104735706433042e-08	3.0447714832722224e-08	1.3206066560539773e-08
EU482726_EU920849.1	2.2519915323091465e-08	0.9999996397971478	2.5966851642553283e-08	7.379915836506703e-08	1.1489749977526944e-08	4.741094625155983e-08	1.0738066903406504e-07	2.977323913177021e-08	2.9198204958703147e-08	1.2664117496219928e-08
EU677142	0.0	1.0	0.0	0.0	0.0	0.0	0.0	0.0	0.0	0.0
EU677142.1	0.0	1.0	0.0	0.0	0.0	0.0	0.0	0.0	0.0	0.0
EU920834_EU920835	1.2066015953372351e-06	0.00018657235461511877	1.3910463514336243e-06	3.954108216674102e-06	6.15612912127356e-07	2.5402459362237226e-06	0.9997998818461852	1.5952297035941234e-06	1.5644197670688888e-06	6.785347171713657e-07
EU920840_JN819419	3.5303392399064725e-08	7.78955742380005e-06	4.070006467711131e-08	1.1569140510095328e-07	1.8011930604723433e-08	7.432386914056366e-08	0.9999918141122761	4.6674080673493655e-08	4.577262712656696e-08	1.9852930303804103e-08
FM210213.2_FM210213.3	4.6485245458534694e-14	5.20499115268284e-14	5.359084668850067e-14	1.5233503066131569e-13	2.3716956316211168e-14	9.786490945040406e-14	2.136380239698444e-13	0.9999999999992738	6.027046305374579e-14	2.6141066779406272e-14
FM210213.1	0.0	0.0	0.0	0.0	0.0	0.0	0.0	1.0	0.0	0.0
FM210237.1	0.0	0.0	0.0	0.0	0.0	0.0	0.0	1.0	0.0	0.0
FM210237	0.0	0.0	0.0	0.0	0.0	0.0	0.0	1.0	0.0	0.0
FM210235.1_FM210235.2	3.79772616403027e-13	4.252345209657454e-13	4.3782356877731623e-13	1.2445384033884892e-12	1.9376149280222879e-13	7.995313856991771e-13	1.7453682459001256e-12	0.999999999994068	4.923943332979631e-13	2.135658579072542e-13
FM210235	0.0	0.0	0.0	0.0	0.0	0.0	0.0	1.0	0.0	0.0
EU482664_EU482664.1	1.3481857055902579e-11	1.5095746189104114e-11	1.554265503886896e-11	4.418088121777037e-11	6.878496858566942e-12	2.8383215082216565e-11	6.196024722373738e-11	0.9999999997894155	1.747990700207228e-11	7.581548126343213e-12
FM210202	0.0	0.0	0.0	0.0	0.0	0.0	0.0	1.0	0.0	0.0
FM210241	0.0	0.0	0.0	0.0	0.0	0.0	0.0	1.0	0.0	0.0
FM210221	0.0	0.0	0.0	0.0	0.0	0.0	0.0	1.0	0.0	0.0
AF100462_AF100462.1	3.7885784678597914e-10	4.2421024589500196e-10	4.367689701015699e-10	1.2415406466564469e-09	1.932947737210921e-10	7.976055306270997e-10	1.7411641254002744e-09	0.9999999940822981	4.912082883956002e-10	2.1305143546178731e-10
EU726767_EU726767.1	0.0	0.0	0.0	0.0	0.0	0.0	0.0	1.0	0.0	0.0
GQ868542	0.0	0.0	0.0	0.0	0.0	0.0	0.0	1.0	0.0	0.0
AF100461_FJ906957	9.276816402463765e-08	1.0387327596873137e-07	1.0694843937637561e-07	3.040070235558729e-07	4.733068465068178e-08	1.9530386217385557e-07	4.263461890765441e-07	0.9999985509754076	1.202785990965276e-07	5.216835464349959e-08
AF169679_AF169680	2.020262533583794e-08	2.2621045688098814e-08	2.329074067262629e-08	6.620525544431992e-08	1.0307459449477392e-08	4.253237946039971e-08	9.284771787644945e-08	0.9999996844380693	2.6193721725712296e-08	1.1360985035446382e-08
EU687246_FJ639831.1	8.900418217035836e-08	9.965871454028117e-08	1.0260910605670785e-07	6.376949107471966e-06	4.541028620312122e-08	1.8737958986570816e-07	4.090475895386615e-07	0.999992524491345	1.1539840696154284e-07	5.005167224161675e-08
FJ639828_FJ687434.2	1.8244779366780192e-07	2.0428829459757903e-07	2.1033623986836926e-07	5.982708035808636e-07	9.308558682922712e-08	3.841054646608791e-07	8.384980165720686e-07	0.9999971498151765	2.3655275774119402e-07	1.0259986606459203e-07
DQ181804.1	0.0	0.0	0.0	0.0	0.0	0.0	0.0	1.0	0.0	0.0
DQ181804.2	0.0	0.0	0.0	0.0	0.0	0.0	0.0	1.0	0.0	0.0
AY858035_JX470186.1	1.115947807940677e-07	1.2494602321399934e-07	1.286449179481869e-07	7.91709710048454e-06	5.6932590844898027e-08	2.3652009886588289e-07	5.12838414702972e-07	0.9999907039798269	1.4469457436935968e-07	6.275167181481102e-08
JN851129_JN851129.1	0.0	0.0	0.0	0.0	0.0	0.0	0.0	1.0	0.0	0.0
GU370051	0.0	0.0	0.0	0.0	0.0	0.0	0.0	1.0	0.0	0.0
0.661108	1.974979995688055e-06	2.2113422982748535e-06	2.2768079966742515e-06	0.00013711939047535797	1.0076152542998634e-06	0.0002158506724367275	9.07641476147687e-06	0.9996268114628027	2.5607103540397364e-06	1.1106036246563798e-06
AY858036_AY858036.2	3.5110749174450784e-11	3.931377901124978e-11	4.047766131510392e-11	1.22651104122488e-10	1.7913636081585995e-11	8.571546127734977e-11	1.6136277200607388e-10	0.9999999994321873	4.552286842205734e-11	1.974458909597258e-11
AY037116.2	0.0	0.0	0.0	0.0	0.0	1.0	0.0	0.0	0.0	0.0
AY037116.1	0.0	0.0	0.0	0.0	0.0	1.0	0.0	0.0	0.0	0.0
FJ898454	0.0	0.0	0.0	0.0	0.0	0.0	0.0	0.0	1.0	0.0
FJ898454.1	0.0	0.0	0.0	0.0	0.0	0.0	0.0	0.0	1.0	0.0
0.510027	2.6520433302305154e-06	2.969514720926923e-06	3.05742706336402e-06	8.690910374484976e-06	1.3530830091802153e-06	5.583319562906912e-06	1.2188325369172759e-05	3.5062263751677083e-06	0.9995215670325148	0.00043843211767967963
KJ010185_KJ010186.1	3.698641114596187e-08	4.1413988644779875e-08	4.264004781369665e-08	1.2120676184652673e-07	1.8870613431363406e-08	7.786711119801287e-08	1.6998304971451444e-07	4.889917538268502e-08	0.9999990829385075	3.5919433330935954e-07
FJ898449.1	0.0	0.0	1.0	0.0	0.0	0.0	0.0	0.0	0.0	0.0
FJ898449.2	0.0	0.0	1.0	0.0	0.0	0.0	0.0	0.0	0.0	0.0
0.999983	1.8788124184018951e-10	0.9999999970190611	2.1660022933695187e-10	6.156984749482291e-10	9.585775360343054e-11	3.9554444724882404e-10	8.717087870681514e-10	2.483949456936454e-10	2.4359749707947594e-10	1.0565537604664528e-10
GQ398270	0.0	1.0	0.0	0.0	0.0	0.0	0.0	0.0	0.0	0.0
AF100466.1	0.0	0.0	0.0	0.0	0.0	0.0	1.0	0.0	0.0	0.0
AF100466	0.0	0.0	0.0	0.0	0.0	0.0	1.0	0.0	0.0	0.0
FJ850072_KC294201.2	2.6910845049902017e-05	0.007823300877473339	3.102435960274199e-05	8.818850724270321e-05	1.3730019712387466e-05	5.665512547184064e-05	0.9918745872127581	3.557842085297513e-05	3.4891266601401e-05	1.5133365234507582e-05
JX669488	0.0	0.0	0.0	0.0	0.0	0.0	1.0	0.0	0.0	0.0
EU482590_EU482744.1	1.772108811285867e-08	0.9999997196129684	2.0429882790588942e-08	5.8073104151557534e-08	9.041369331335491e-09	3.73080246521347e-08	8.144300867688032e-08	2.342878232259061e-08	2.297628367545011e-08	9.965487827211824e-09
EU482561_GQ398285.1	2.2904806584403937e-09	0.9999999637595013	2.6405969592856806e-09	7.506047088509157e-09	1.168612302323202e-09	4.822125386777229e-09	1.0526646844192082e-08	3.0282098039890638e-09	2.969723587304526e-09	1.2880561833891661e-09
EU482575	0.0	1.0	0.0	0.0	0.0	0.0	0.0	0.0	0.0	0.0
EU482575.1	0.0	1.0	0.0	0.0	0.0	0.0	0.0	0.0	0.0	0.0
0.992572	1.683986015366577e-09	8.825717708133752e-08	0.9999995115720793	5.51852655081541e-09	8.591763336860421e-10	3.5452784487629228e-09	3.8320703821748747e-07	2.226372417859719e-09	2.183372722269717e-09	9.469927597252612e-10
FJ898439_GU131959	8.655542704150588e-08	3.7402244270986705e-07	0.9999971516528132	2.8364749937768115e-07	4.4160921639222995e-08	1.8222425086286819e-07	1.6024049426856188e-06	1.1443361976878608e-07	1.122234725480723e-07	4.8674610106777634e-08
0.999997	8.34845701317453e-07	5.248065729099156e-05	2.0948017956431748e-05	2.73584110943557e-06	4.2594158283157823e-07	1.7575920737553427e-06	0.9999181614708251	1.1037368633867994e-06	1.0824195182902827e-06	4.6947707844431625e-07
EU482605_GU131947.1	5.15646631471025e-07	6.583414802891073e-06	2.9231517272279956e-06	1.6898059726416012e-06	2.6308495335597694e-07	1.0855855529972821e-06	0.9999852990450432	6.817286053325003e-07	6.685618403066211e-07	2.899748704109534e-07
EU482607	0.0	0.0	0.0	0.0	0.0	0.0	1.0	0.0	0.0	0.0
AF208496_EU920833	1.3737123157728637e-06	0.999749900633071	1.5837123030404522e-06	4.501740405560563e-06	7.008734634581681e-07	2.892062418255629e-06	0.00023467750477896928	1.8161642566898025e-06	1.7810872365537464e-06	7.725097507410951e-07
FJ898460	0.0	1.0	0.0	0.0	0.0	0.0	0.0	0.0	0.0	0.0
0.999668	3.406971384696468e-09	0.9999997865625633	3.927766129887561e-09	1.1164856401864455e-08	1.7382502922030317e-09	7.172661836557457e-09	1.7518939840490833e-07	4.504305291136117e-09	4.41731007206755e-09	1.9159168808158854e-09
EU482726_EU482726.1	0.0	1.0	0.0	0.0	0.0	0.0	0.0	0.0	0.0	0.0
EU920834_EU920834.2	2.8722672683236004e-10	1.3870041496230395e-09	3.311314209213884e-10	9.412597869959968e-10	1.4654421345817996e-10	6.046954756484789e-10	0.999999995388474	3.7973810735478784e-10	3.724039242309698e-10	1.615224997284909e-10
EU920835	0.0	0.0	0.0	0.0	0.0	0.0	1.0	0.0	0.0	0.0
FJ850085_JN819419	5.466599118973242e-08	3.605148151143922e-06	6.30222135588223e-08	1.7914384148939545e-07	2.789080518431943e-08	1.1508774934989116e-07	0.9999957811494318	7.227307939981018e-08	7.087721210887097e-08	3.0741524803347076e-08
EU920840_FJ850088.1	5.679874371839708e-07	9.197909024308805e-07	6.548083778517416e-07	1.861330037201652e-06	2.897894397022207e-07	1.1957781132630499e-06	0.9999927037549451	7.50927592200583e-07	7.364243322824733e-07	3.194088227098723e-07
FM210213.2	0.0	0.0	0.0	0.0	0.0	0.0	0.0	1.0	0.0	0.0
FM210213.3	0.0	0.0	0.0	0.0	0.0	0.0	0.0	1.0	0.0	0.0
FM210235.2	0.0	0.0	0.0	0.0	0.0	0.0	0.0	1.0	0.0	0.0
FM210235.1	0.0	0.0	0.0	0.0	0.0	0.0	0.0	1.0	0.0	0.0
EU482664	0.0	0.0	0.0	0.0	0.0	0.0	0.0	1.0	0.0	0.0
EU482664.1	0.0	0.0	0.0	0.0	0.0	0.0	0.0	1.0	0.0	0.0
AF100462	0.0	0.0	0.0	0.0	0.0	0.0	0.0	1.0	0.0	0.0
AF100462.1	0.0	0.0	0.0	0.0	0.0	0.0	0.0	1.0	0.0	0.0
EU726767.1	0.0	0.0	0.0	0.0	0.0	0.0	0.0	1.0	0.0	0.0
EU726767	0.0	0.0	0.0	0.0	0.0	0.0	0.0	1.0	0.0	0.0
EU482464_FJ906957	7.073297928925172e-08	7.920029845423779e-08	8.154501953297142e-08	2.317963573712024e-07	3.608824613855299e-08	1.4891341424613253e-07	3.25076350050363e-07	0.9999988951616368	9.17088717695801e-08	3.9776826321290466e-08
AF100461_AF100461.1	8.605401236550915e-11	9.635538515438504e-11	9.920798176109517e-11	2.8200433240526794e-10	4.390509788590907e-11	1.8116862769944314e-10	3.9548912725099e-10	0.9999999986558491	1.1157336315516338e-10	4.839263860377467e-11
AF169679_AF169679.1	0.0	0.0	0.0	0.0	0.0	0.0	0.0	1.0	0.0	0.0
AF169680	0.0	0.0	0.0	0.0	0.0	0.0	0.0	1.0	0.0	0.0
FJ196851_FJ639831.1	3.251108974675872e-05	3.640293448528713e-05	3.748064163388744e-05	0.0034307734185424293	1.6587286733896977e-05	6.844526306822705e-05	0.0001494152585856377	0.9961679491676043	4.2152266038196856e-05	1.8282673561429e-05
EU687246	0.0	0.0	0.0	0.0	0.0	0.0	0.0	1.0	0.0	0.0
FJ687434_FJ687434.2	0.0	0.0	0.0	0.0	0.0	0.0	0.0	1.0	0.0	0.0
FJ639828	0.0	0.0	0.0	0.0	0.0	0.0	0.0	1.0	0.0	0.0
0.854803	3.7655246495668026e-07	4.2162843605095966e-07	4.3411071830760237e-07	1.6877032058751547e-06	1.9211834799380125e-07	7.928470118674825e-07	1.7305670968399074e-06	0.9999936644983266	4.882196242990008e-07	2.1175476724314656e-07
EU179859_JX470186.1	1.9423653946727782e-06	2.174875053823926e-06	2.2392620023076033e-06	0.00013484157019465017	9.909990646106946e-07	4.090797130111655e-06	8.926739129874275e-06	0.9998411827221131	2.5183808228350843e-06	1.0922890939681847e-06
JN851129.1	0.0	0.0	0.0	0.0	0.0	0.0	0.0	1.0	0.0	0.0
JN851129	0.0	0.0	0.0	0.0	0.0	0.0	0.0	1.0	0.0	0.0
0.932444	0.000665215833039384	0.0007448475869660234	0.0007668987636024315	0.0529346058470627	0.0003393957289017092	0.08467099098901633	0.0030572149267433573	0.8555842590643689	0.0008624858888216933	0.00037408537147747277
JN851126_JN851127	1.7628421468078378e-07	1.973866912105614e-07	2.0323031161377235e-07	1.005480979650791e-06	8.994081483383952e-08	1.064288523623878e-06	8.101704831333471e-07	0.9999961255227859	2.2856152835127914e-07	9.913366687607127e-08
AY858036.1_AY858036.2	2.0707024170777238e-14	2.3185825026389787e-14	2.387224027336165e-14	6.794835973445866e-14	1.0564805647140698e-14	4.373439957458205e-14	9.516584556592429e-14	0.9999999999996764	2.6847700384783035e-14	1.1644634591858668e-14
AY858036	0.0	0.0	0.0	0.0	0.0	0.0	0.0	1.0	0.0	0.0
KJ830750_KJ830750.1	0.0	0.0	0.0	0.0	0.0	0.0	0.0	0.0	0.0	1.0
KF041233	0.0	0.0	0.0	0.0	0.0	0.0	0.0	0.0	1.0	0.0
KJ010186_KJ010186.1	0.0	0.0	0.0	0.0	0.0	0.0	0.0	0.0	1.0	0.0
KJ010185_KJ010185.2	0.0	0.0	0.0	0.0	0.0	0.0	0.0	0.0	1.0	0.0
EU482554_EU569714	1.5610208938026986e-08	0.9999997530116822	1.7996340682324476e-08	5.115562225706796e-08	7.964390417177878e-09	3.2864012422707656e-08	7.174186894582296e-08	2.0638020921174792e-08	2.0239422461474176e-08	8.778430881976268e-09
EU482565_EU482728.2	7.112075356779079e-10	0.9999999887471097	8.199206787499787e-10	2.33067117717373e-09	3.62860901110639e-10	1.4972979144887893e-09	3.268590031271413e-09	9.402767162752149e-10	9.221164066102815e-10	3.9994891929219044e-10
FJ850072_FJ850072.1	0.0	0.0	0.0	0.0	0.0	0.0	1.0	0.0	0.0	0.0
KC294201_KC294201.2	0.0	0.0	0.0	0.0	0.0	0.0	1.0	0.0	0.0	0.0
EU482744_EU482744.1	1.7816210647377897e-11	0.9999999997181079	2.053954548277777e-11	5.83848265931545e-11	9.089901225135908e-12	3.750828514631067e-11	8.188017509199406e-11	2.3554542385458627e-11	2.3099614834525815e-11	1.0018980166610385e-11
EU482590_EU482590.2	6.370749332524367e-14	0.9999999999989919	7.344563794435073e-14	2.0877340440663931e-13	3.250381537853551e-14	1.3412273085980862e-13	2.9278845043908586e-13	8.422671248678939e-14	8.259997521430509e-14	3.5826030839168325e-14
0.993926	7.202474449242759e-09	0.9999998860408337	8.30342402583452e-09	2.360295520094526e-08	3.674730986065061e-09	1.5163295425055724e-08	3.310130760572259e-08	9.52228243438738e-09	9.338371044546857e-09	4.050325295637523e-09
GQ398285_GQ398285.1	0.0	1.0	0.0	0.0	0.0	0.0	0.0	0.0	0.0	0.0
0.573137	4.390382545551636e-11	6.32618485015941e-11	0.9999999992313922	1.4387555730733918e-10	2.2399905608153886e-11	9.24302724519999e-11	2.6307898492179975e-10	5.804458299487151e-11	5.69235219462303e-11	2.468940029859159e-11
EU482603_GQ868604.1	1.8383017597623982e-08	2.0922758957616414e-08	0.9999997079357102	6.024228810149059e-08	9.379088375727646e-09	3.8701577992557395e-08	8.595941569368212e-08	2.430390927374871e-08	2.383450860601047e-08	1.0337725140230696e-08
GU131959	0.0	0.0	1.0	0.0	0.0	0.0	0.0	0.0	0.0	0.0
FJ898439	0.0	0.0	1.0	0.0	0.0	0.0	0.0	0.0	0.0	0.0
FJ898466_JN819408	8.604668774524426e-07	2.0428883650834073e-06	1.4105108136813394e-06	2.8198032917065782e-06	4.390136083564416e-07	1.8115320725168794e-06	0.9999878786508788	1.1376102324670025e-06	1.1156386641591416e-06	4.838851958954576e-07
GQ868553_GQ868553.1	7.641339349642845e-09	1.101246089697029e-08	9.761773486811195e-09	2.5041142681707453e-08	3.898641596170191e-09	1.608723318885491e-08	0.9999999022504064	1.0102499075432907e-08	9.907381501612066e-09	4.297121812582445e-09
EU482605_FJ639732	1.617416946405695e-11	2.3229932604588862e-11	2.0631490225906927e-11	5.3003755856818016e-11	8.25212531086261e-12	3.405131272131007e-11	0.9999999997932073	2.1383624595100273e-11	2.0970625700535905e-11	9.095575163489183e-12
GQ868555_GU131947.1	2.989923309532644e-07	3.9550686131188295e-07	3.682390706335976e-07	9.79816400967317e-07	1.5254707127288666e-07	6.294654810676957e-07	0.9999962243420168	3.952932344456019e-07	3.8765862282358903e-07	1.6813890973107923e-07
AF208496_AY702039	3.18514024959163e-08	0.9999980965946924	3.6720228410632375e-08	1.0437902022372724e-07	1.6250711686131612e-08	6.705643027983449e-08	1.5458286118905433e-06	4.2110257056123785e-08	4.129694827690006e-08	1.7911697172949412e-08
EU920833	0.0	0.0	0.0	0.0	0.0	0.0	1.0	0.0	0.0	0.0
0.902833	2.289941484334839e-08	0.9999920985701715	2.6399755801250588e-08	7.504280181545642e-08	1.1683372135593993e-08	4.8209902690748746e-08	7.644351836552641e-06	3.0274969700655647e-08	2.9690245209085572e-08	1.2877529777986612e-08
EU920849_EU920849.1	0.0	1.0	0.0	0.0	0.0	0.0	0.0	0.0	0.0	0.0
EU482726	0.0	1.0	0.0	0.0	0.0	0.0	0.0	0.0	0.0	0.0
EU482726.1	0.0	1.0	0.0	0.0	0.0	0.0	0.0	0.0	0.0	0.0
EU920834.1_EU920834.2	7.536002641708465e-13	9.063956124736472e-13	8.687934404716276e-13	2.4695947760724208e-12	3.844898390644867e-13	1.5865468900377675e-12	0.9999999999906335	9.963235008517938e-13	9.770807152027847e-13	4.23788551320888e-13
EU920834	0.0	0.0	0.0	0.0	0.0	0.0	1.0	0.0	0.0	0.0
JN819419	0.0	0.0	0.0	0.0	0.0	0.0	1.0	0.0	0.0	0.0
FJ850085	0.0	0.0	0.0	0.0	0.0	0.0	1.0	0.0	0.0	0.0
FJ850088_FJ850088.1	0.0	0.0	0.0	0.0	0.0	0.0	1.0	0.0	0.0	0.0
EU920840	0.0	0.0	0.0	0.0	0.0	0.0	1.0	0.0	0.0	0.0
EU482464_JN368476	1.3795928807113785e-08	1.5447414911064845e-08	1.59047348967319e-08	4.521011381358969e-08	7.0387375097704995e-09	2.9044427111754145e-08	6.340366583219389e-08	0.9999997845096937	1.788711685308735e-08	7.758166976925847e-09
FJ906957	0.0	0.0	0.0	0.0	0.0	0.0	0.0	1.0	0.0	0.0
AF100461	0.0	0.0	0.0	0.0	0.0	0.0	0.0	1.0	0.0	0.0
AF100461.1	0.0	0.0	0.0	0.0	0.0	0.0	0.0	1.0	0.0	0.0
AF169679	0.0	0.0	0.0	0.0	0.0	0.0	0.0	1.0	0.0	0.0
AF169679.1	0.0	0.0	0.0	0.0	0.0	0.0	0.0	1.0	0.0	0.0
FJ639831_FJ639831.1	3.736197490377043e-09	4.183451047802829e-09	4.307301917623747e-09	6.783033691984039e-08	1.9062227550686424e-09	7.865778172791048e-09	1.7170907481111186e-08	0.9999998860545781	4.84416830725638e-09	2.1010578116472977e-09
FJ196851	0.0	0.0	0.0	1.0	0.0	0.0	0.0	0.0	0.0	0.0
FJ687434	0.0	0.0	0.0	0.0	0.0	0.0	0.0	1.0	0.0	0.0
FJ687434.2	0.0	0.0	0.0	0.0	0.0	0.0	0.0	1.0	0.0	0.0
FJ687434.1	0.0	0.0	0.0	0.0	0.0	0.0	0.0	1.0	0.0	0.0
AY858035_AY858035.1	2.7687363911148417e-09	3.1001768906659192e-09	3.1919574802826246e-09	9.083430922653278e-09	1.4126202663468557e-09	5.828994381258587e-09	1.2724626140830383e-08	0.9999999567426471	3.589806251712944e-09	1.557004205100086e-09
JN851130	0.0	0.0	0.0	0.0	0.0	0.0	0.0	1.0	0.0	0.0
JX470186_JX470186.1	2.0257457494766453e-07	2.268244169730744e-07	2.335395430760894e-07	0.9999838665734178	1.033543502948618e-07	4.2647819119924507e-07	9.309971680721008e-07	1.3633091993665349e-05	2.626481439097657e-07	1.1391819999910287e-07
EU179859	0.0	0.0	0.0	0.0	0.0	0.0	0.0	1.0	0.0	0.0
KC131142_KC131142.1	0.0	0.0	0.0	1.0	0.0	0.0	0.0	0.0	0.0	0.0
HM488257	0.0	0.0	0.0	0.0	0.0	1.0	0.0	0.0	0.0	0.0
JN851127	0.0	0.0	0.0	0.0	0.0	0.0	0.0	1.0	0.0	0.0
JN851126	0.0	0.0	0.0	0.0	0.0	0.0	0.0	1.0	0.0	0.0
AY858036.2	0.0	0.0	0.0	0.0	0.0	0.0	0.0	1.0	0.0	0.0
AY858036.1	0.0	0.0	0.0	0.0	0.0	0.0	0.0	1.0	0.0	0.0
KJ830750.1	0.0	0.0	0.0	0.0	0.0	0.0	0.0	0.0	0.0	1.0
KJ830750	0.0	0.0	0.0	0.0	0.0	0.0	0.0	0.0	0.0	1.0
KJ010186	0.0	0.0	0.0	0.0	0.0	0.0	0.0	0.0	1.0	0.0
KJ010186.1	0.0	0.0	0.0	0.0	0.0	0.0	0.0	0.0	1.0	0.0
KJ010185	0.0	0.0	0.0	0.0	0.0	0.0	0.0	0.0	1.0	0.0
KJ010185.1	0.0	0.0	0.0	0.0	0.0	0.0	0.0	0.0	1.0	0.0
KJ010185.2	0.0	0.0	0.0	0.0	0.0	0.0	0.0	0.0	1.0	0.0
EU482554_EU482554.1	0.0	1.0	0.0	0.0	0.0	0.0	0.0	0.0	0.0	0.0
EU569714	0.0	1.0	0.0	0.0	0.0	0.0	0.0	0.0	0.0	0.0
EU482565_EU677143.1	1.2254917951992924e-10	0.9999999980609995	1.4128169544274778e-10	4.016012572492495e-10	6.252507669028668e-11	2.580015279824068e-10	5.632145269234959e-10	1.6202041502749017e-10	1.588911863036461e-10	6.891576572290085e-11
EU482728_EU482728.2	8.928898314848847e-11	0.9999999985872497	1.0293744089511363e-10	2.9260553217419634e-10	4.555559278998737e-11	1.8797917843716866e-10	4.103564848484179e-10	1.1804761291566258e-10	1.1576766578027096e-10	5.021183061692052e-11
FJ850072.1	0.0	0.0	0.0	0.0	0.0	0.0	1.0	0.0	0.0	0.0
FJ850072	0.0	0.0	0.0	0.0	0.0	0.0	1.0	0.0	0.0	0.0
KC294201	0.0	0.0	0.0	0.0	0.0	0.0	1.0	0.0	0.0	0.0
KC294201.1	0.0	0.0	0.0	0.0	0.0	0.0	1.0	0.0	0.0	0.0
KC294201.2	0.0	0.0	0.0	0.0	0.0	0.0	1.0	0.0	0.0	0.0
EU482744.1	0.0	1.0	0.0	0.0	0.0	0.0	0.0	0.0	0.0	0.0
EU482744	0.0	1.0	0.0	0.0	0.0	0.0	0.0	0.0	0.0	0.0
EU482590.1_EU482590.2	7.796859322131479e-18	1.0	8.988664864787539e-18	2.5550791271142905e-17	3.9779885019986525e-18	1.6414647788373502e-17	3.5832996089842363e-17	1.0308109676713606e-17	1.0109020982344867e-17	4.3845787668537364e-18
EU482590	0.0	1.0	0.0	0.0	0.0	0.0	0.0	0.0	0.0	0.0
EU482561_GQ398314.2	1.1205086232954179e-12	0.9999999999822711	1.2917863561187812e-12	3.671976210994424e-12	5.716879368603214e-13	2.358995287117917e-12	5.149660838847014e-12	1.4814074879928633e-12	1.4527958907299007e-12	6.301201695190404e-13
GQ398286_GQ398286.2	1.650554505198434e-11	0.9999999997388456	1.9028535305467143e-11	5.4089694198100065e-11	8.421194448082572e-12	3.474895434042374e-11	7.585658620640403e-11	2.1821731243353977e-11	2.1400270847766685e-11	9.281924859777264e-12
GQ398285.1	0.0	1.0	0.0	0.0	0.0	0.0	0.0	0.0	0.0	0.0
GQ398285	0.0	1.0	0.0	0.0	0.0	0.0	0.0	0.0	0.0	0.0
FJ850061_KJ189309.1	7.253646875535279e-11	8.145132774539558e-11	0.9999999988534773	2.377065041372495e-10	3.70083936060418e-11	1.5271028208137234e-10	3.3437186955597515e-10	9.589936724512811e-11	9.404718673731367e-11	4.079102207532508e-11
EU482444_FJ850120	1.0062878157453399e-10	1.1267589378232449e-10	0.9999999984111592	3.2976675449076317e-10	5.134120285297101e-11	2.1185273950378082e-10	4.6247663960902084e-10	1.3303978874673127e-10	1.3047028583384373e-10	5.658878797180178e-11
EU482603_EU482634	8.455345324205628e-11	9.467752195036898e-11	0.9999999986649667	2.7708690714859744e-10	4.3139506678854584e-11	1.7800951600081427e-10	3.886029289137703e-10	1.1178684051538339e-10	1.0962781264084589e-10	4.754879630788707e-11
EU482687_GQ868604.1	5.52239931863082e-09	6.183838914196806e-09	0.9999999128044798	1.809724486187908e-08	2.8175500012680816e-09	1.1626250521767481e-08	2.538155535217451e-08	7.301080538091958e-09	7.160068981424744e-09	3.105531829441403e-09
JN819408	0.0	0.0	0.0	0.0	0.0	0.0	1.0	0.0	0.0	0.0
FJ898466	0.0	0.0	0.0	0.0	0.0	0.0	1.0	0.0	0.0	0.0
GQ868553	0.0	0.0	0.0	0.0	0.0	0.0	1.0	0.0	0.0	0.0
GQ868553.1	0.0	0.0	0.0	0.0	0.0	0.0	1.0	0.0	0.0	0.0
EU482605_HQ332189	6.730358416258013e-08	7.536047165730028e-08	7.759145378896994e-08	2.2055801697699084e-07	3.43385551643954e-08	1.416935439360843e-07	0.9999991690625369	8.898104974326244e-08	8.726248818614542e-08	3.784829940624467e-08
FJ639732	0.0	0.0	0.0	0.0	0.0	0.0	1.0	0.0	0.0	0.0
FJ850108_JN819407	5.586024750364275e-08	6.254720920107584e-08	6.439889658861028e-08	1.8305749345363001e-07	2.850011948497519e-08	1.1760200489201589e-07	0.9999993103432986	7.385198758190535e-08	7.242562559650341e-08	3.141311712787323e-08
FJ024473	0.0	0.0	0.0	0.0	0.0	0.0	1.0	0.0	0.0	0.0
GQ868558_GU131947.1	1.962305424673244e-07	2.2057435882839664e-07	2.2655666630515197e-07	6.430596506177672e-07	1.0011759984693122e-07	4.131221440381251e-07	0.9999975761322012	2.5943342955188944e-07	2.5442278605031976e-07	1.1035062123901588e-07
GQ868555	0.0	0.0	0.0	0.0	0.0	0.0	1.0	0.0	0.0	0.0
AY702039	0.0	1.0	0.0	0.0	0.0	0.0	0.0	0.0	0.0	0.0
AF208496	0.0	1.0	0.0	0.0	0.0	0.0	0.0	0.0	0.0	0.0
EU920842_FJ898453.1	6.560962704917518e-06	0.9945558809445986	7.563852637964867e-06	2.1500681451986552e-05	3.347429153700427e-06	1.3812727343711235e-05	0.005370463063959043	8.67414946876694e-06	8.50661874328414e-06	3.6895699380447917e-06
FJ898451_FJ898451.2	8.758923268783418e-11	0.9999999985904449	1.0097787146317935e-10	2.8703534455904596e-10	4.468837337388776e-11	1.8440071126378142e-10	4.2624328212943245e-10	1.1580039856337401e-10	1.1356385366034073e-10	4.925597269120676e-11
EU920849.1	0.0	1.0	0.0	0.0	0.0	0.0	0.0	0.0	0.0	0.0
EU920849	0.0	1.0	0.0	0.0	0.0	0.0	0.0	0.0	0.0	0.0
EU920834.2	0.0	0.0	0.0	0.0	0.0	0.0	1.0	0.0	0.0	0.0
EU920834.1	0.0	0.0	0.0	0.0	0.0	0.0	1.0	0.0	0.0	0.0
FJ850088	0.0	0.0	0.0	0.0	0.0	0.0	1.0	0.0	0.0	0.0
FJ850088.1	0.0	0.0	0.0	0.0	0.0	0.0	1.0	0.0	0.0	0.0
EU482464_GU131927.1	2.1589041433413698e-11	2.417342719122666e-11	2.4889080356514317e-11	7.074862693026122e-11	1.1014814432718841e-11	4.545118701990509e-11	9.921944276602276e-11	0.9999999996627825	2.7991280055496637e-11	1.2140638782205678e-11
GQ868623_JN368476	3.531644369904131e-08	3.9544112370386e-08	4.071481394126747e-08	1.1573417501992193e-07	1.8018589429655486e-08	7.43513459082403e-08	1.6230817264879472e-07	0.9999994483625285	4.578954879460493e-08	1.9860269727332998e-08
FJ639831	0.0	0.0	0.0	0.0	0.0	0.0	0.0	1.0	0.0	0.0
FJ639831.1	0.0	0.0	0.0	0.0	0.0	0.0	0.0	1.0	0.0	0.0
AY858035.1	0.0	0.0	0.0	0.0	0.0	0.0	0.0	1.0	0.0	0.0
AY858035	0.0	0.0	0.0	0.0	0.0	0.0	0.0	1.0	0.0	0.0
JX470186.1	0.0	0.0	0.0	1.0	0.0	0.0	0.0	0.0	0.0	0.0
JX470186	0.0	0.0	0.0	1.0	0.0	0.0	0.0	0.0	0.0	0.0
KC131142	0.0	0.0	0.0	1.0	0.0	0.0	0.0	0.0	0.0	0.0
KC131142.1	0.0	0.0	0.0	1.0	0.0	0.0	0.0	0.0	0.0	0.0
EU482554	0.0	1.0	0.0	0.0	0.0	0.0	0.0	0.0	0.0	0.0
EU482554.1	0.0	1.0	0.0	0.0	0.0	0.0	0.0	0.0	0.0	0.0
EU482721_EU677143.1	8.770363539691863e-10	0.9999999861233342	1.0110976143544246e-09	2.8741024932773574e-09	4.474674208910154e-10	1.8464156211129213e-09	4.030705050400305e-09	1.1595164865316443e-09	1.1371218253723724e-09	4.932030727368388e-10
EU482565	0.0	1.0	0.0	0.0	0.0	0.0	0.0	0.0	0.0	0.0
EU482728.1_EU482728.2	4.884121190193288e-13	0.9999999999922722	5.630693940191935e-13	1.6005567872613515e-12	2.4918979725345937e-13	1.0282490138713637e-12	2.244656319677574e-12	6.457222687084469e-13	6.332509226097148e-13	2.746594901933871e-13
EU482728	0.0	1.0	0.0	0.0	0.0	0.0	0.0	0.0	0.0	0.0
EU482590.2	0.0	1.0	0.0	0.0	0.0	0.0	0.0	0.0	0.0	0.0
EU482590.1	0.0	1.0	0.0	0.0	0.0	0.0	0.0	0.0	0.0	0.0
0.762723	1.2716132345176707e-09	0.9999999798802502	1.4659883846131909e-09	4.167155387882732e-09	6.487821078856846e-10	2.677114271947098e-09	5.844111093671333e-09	1.6811806069864156e-09	1.6487106330978877e-09	7.150941369289925e-10
EU482561_GQ398302	6.445104119370211e-09	0.9999998980241167	7.43028424063485e-09	2.1121005685888482e-08	3.288317644549969e-09	1.3568811454447988e-08	2.9620566585377765e-08	8.520974586744824e-09	8.356402249194272e-09	3.6244166406515095e-09
GQ398296_GQ398296.1	0.0	1.0	0.0	0.0	0.0	0.0	0.0	0.0	0.0	0.0
GQ398286.1_GQ398286.2	1.9823257449421822e-14	0.9999999999996865	2.285338369970029e-14	6.496204336617946e-14	1.0113904451517227e-14	4.173370014858187e-14	9.110420969848681e-14	2.6208028578680104e-14	2.5701852145236144e-14	1.1147646778222118e-14
GQ398286	0.0	1.0	0.0	0.0	0.0	0.0	0.0	0.0	0.0	0.0
FJ850061_GQ199898	8.566380124185099e-10	9.591849158603663e-10	0.9999999864744763	2.8072558636659444e-09	4.370601062536842e-10	1.8034712023171541e-09	3.936959116776961e-09	1.1325481479686301e-09	1.1106743477122968e-09	4.817320263132803e-10
GU369819_KJ189309.1	6.8016623946674414e-09	7.615878343029894e-09	0.999999892608034	2.228946925457933e-08	3.4702350885903854e-09	1.4319469926433083e-08	3.1259250311653606e-08	8.992374884743136e-09	8.81869801951516e-09	3.8249278693941665e-09
0.455546	1.2895296645608046e-09	1.4438970773744146e-09	0.9999999796395183	4.225868639647675e-09	6.579231414434075e-10	2.714833547957157e-09	5.926452337091731e-09	1.7048676479178276e-09	1.671940187428905e-09	7.251694756646758e-10
0.991897	8.903124616469683e-09	9.968901851187162e-09	0.9999998594278939	2.9176091210300677e-08	4.542409436020902e-09	1.8743656741442407e-08	4.091719717496746e-08	1.1770686275115362e-08	1.1543349679383301e-08	5.006689173064895e-09
EU482634	0.0	0.0	1.0	0.0	0.0	0.0	0.0	0.0	0.0	0.0
EU482603	0.0	0.0	1.0	0.0	0.0	0.0	0.0	0.0	0.0	0.0
EU482693	0.0	0.0	1.0	0.0	0.0	0.0	0.0	0.0	0.0	0.0
EU482687_JF357906.1	1.83410726815496e-12	2.0536664826449305e-12	0.999999999971041	6.010483201164426e-12	9.357687913443096e-13	3.861327179189022e-12	8.429241381139374e-12	2.424845453519147e-12	2.3780124908783176e-12	1.0314137336372912e-12
GQ868604_GQ868604.1	0.0	0.0	1.0	0.0	0.0	0.0	0.0	0.0	0.0	0.0
EU482605_FJ850106.1	1.5770824264733334e-07	1.7658721925637712e-07	1.8181507336369373e-07	5.168196863810006e-07	8.046336992906007e-08	3.3202154219086576e-07	0.9999980529169705	2.085036801313036e-07	2.0447668325696952e-07	8.868753218446925e-08
HQ332189	0.0	0.0	0.0	0.0	0.0	0.0	1.0	0.0	0.0	0.0
FJ850108_HQ332188	7.307945717141292e-09	8.182767032956928e-09	8.425017379443945e-09	2.3948591083271462e-08	3.728542844616959e-09	1.5385343001242374e-08	0.9999999097753114	9.661724400994857e-09	9.475119857904864e-09	4.109637265064543e-09
JN819407	0.0	0.0	0.0	0.0	0.0	0.0	1.0	0.0	0.0	0.0
GU131947_GU131947.1	0.0	0.0	0.0	0.0	0.0	0.0	1.0	0.0	0.0	0.0
GQ868558	0.0	0.0	0.0	0.0	0.0	0.0	1.0	0.0	0.0	0.0
EU920842_GQ199892.1	4.936746823823066e-06	0.004997507081245872	5.69136377717096e-06	1.6178025335911503e-05	2.5187477792119335e-06	1.0393282344265017e-05	0.9949470710244134	6.526798240631073e-06	6.400741011819194e-06	2.7761890277571216e-06
FJ898453_FJ898453.1	6.804227421364476e-10	0.9999999169011489	7.844302100172619e-10	2.2297875006053494e-09	3.4715437753688103e-10	1.4324870050772902e-09	7.546015331573986e-08	8.995766067708519e-10	8.822023705875434e-10	3.826370317067975e-10
FJ898451.1_FJ898451.2	2.751188451092432e-13	0.9999999999956467	3.1717272231092055e-13	9.015815081068395e-13	1.4036672425539277e-13	5.792048767115307e-13	1.265010551292417e-12	3.6373046022094674e-13	3.5670544548025994e-13	1.5471360926100957e-13
FJ898451	0.0	1.0	0.0	0.0	0.0	0.0	0.0	0.0	0.0	0.0
FJ639710_GU131927.1	1.3735119040140526e-07	1.537932571502632e-07	1.5834629923274581e-07	4.5010836438048195e-07	7.007712125851845e-08	2.8916404934397955e-07	6.312419482314387e-07	0.999997854595326	1.7808273926100174e-07	7.723970488048403e-08
EU482464_GU131924	2.0645483072377445e-09	2.3116917136737575e-09	2.3801292371979477e-09	6.765652769659333e-09	1.053340722039263e-09	4.3464723301081555e-09	9.48830142549197e-09	0.99999996775207	2.6767909096024842e-09	1.1610026931438575e-09
FJ810411_FJ810411.1	3.048143016984059e-10	3.413030796979626e-10	3.51407341182115e-10	9.988953599621988e-10	1.555174638022743e-10	6.417224162344555e-10	1.4008729963722159e-09	0.9999999952388469	3.952071012544072e-10	1.7141290612574708e-10
GQ868638_JN368476	1.497835475345846e-08	1.6771386964717097e-08	1.7267903080227607e-08	4.908499693003627e-08	7.642015910045409e-09	3.153377630265067e-08	6.883788781329714e-08	0.9999997660403802	1.9420191673064942e-08	8.42310647160208e-09
GQ868623	0.0	0.0	0.0	0.0	0.0	0.0	0.0	1.0	0.0	0.0
EU482721_EU677146.1	2.3576073266366314e-10	0.9999999962697408	2.7179844173603793e-10	7.726025340898665e-10	1.202860594260976e-10	4.963446471347858e-10	1.083514920898503e-09	3.1169569558105387e-10	3.056756695025796e-10	1.325804993763033e-10
EU677143_EU677143.1	1.8886618566362987e-10	0.9999999970117169	2.1773572884690844e-10	6.189261969073338e-10	9.636027584256484e-11	3.9761803935620153e-10	8.679958189290778e-10	2.4969712490734377e-10	2.448745263762346e-10	1.0620926109142933e-10
EU482728.1	0.0	1.0	0.0	0.0	0.0	0.0	0.0	0.0	0.0	0.0
EU482728.2	0.0	1.0	0.0	0.0	0.0	0.0	0.0	0.0	0.0	0.0
GQ398314_GQ398314.2	1.1232792673804719e-12	0.9999999999822273	1.2949805129082297e-12	3.681055783393905e-12	5.731015304443678e-13	2.3648282956312322e-12	5.162394232456378e-12	1.4850705145942044e-12	1.4563881703944738e-12	6.316782465246568e-13
GQ398308	0.0	1.0	0.0	0.0	0.0	0.0	0.0	0.0	0.0	0.0
EU482561	0.0	1.0	0.0	0.0	0.0	0.0	0.0	0.0	0.0	0.0
GQ398302	0.0	1.0	0.0	0.0	0.0	0.0	0.0	0.0	0.0	0.0
GQ398296	0.0	1.0	0.0	0.0	0.0	0.0	0.0	0.0	0.0	0.0
GQ398296.1	0.0	1.0	0.0	0.0	0.0	0.0	0.0	0.0	0.0	0.0
GQ398286.1	0.0	1.0	0.0	0.0	0.0	0.0	0.0	0.0	0.0	0.0
GQ398286.2	0.0	1.0	0.0	0.0	0.0	0.0	0.0	0.0	0.0	0.0
FJ850061_FJ873808.2	3.405655597861033e-09	3.813340598685286e-09	0.9999999462278469	1.1160544486848351e-08	1.7375789725490295e-09	7.16989172405755e-09	1.565179510689086e-08	4.502565709274341e-09	4.415604088135024e-09	1.9151769455699104e-09
GQ199898	0.0	0.0	1.0	0.0	0.0	0.0	0.0	0.0	0.0	0.0
0.999996	5.592700814907265e-08	6.262193089056077e-08	0.9999991169642499	1.832762722267271e-07	2.8534181030648114e-08	1.1774255539261883e-07	2.5703070727404554e-07	7.394025082056943e-08	7.251218413726485e-08	3.1450660104643693e-08
GU369819_GU369819.1	0.0	0.0	1.0	0.0	0.0	0.0	0.0	0.0	0.0	0.0
FJ850066_FJ850066.2	1.9806076385912273e-10	2.2177026568735257e-10	0.9999999968728037	6.490573995612528e-10	1.0105138604877018e-10	4.169752903217627e-10	9.10252485488186e-10	2.618531375471037e-10	2.5679576030669863e-10	1.1137984974264453e-10
EU482444_FJ906956	6.415653544205112e-13	7.183660020977526e-13	0.9999999999898704	2.102449432563826e-12	3.2732918444753836e-13	1.350680946127005e-12	2.948521691458903e-12	8.482038427157793e-13	8.318218094525603e-13	3.6078550533244183e-13
FJ744744	0.0	0.0	1.0	0.0	0.0	0.0	0.0	0.0	0.0	0.0
FJ850120	0.0	0.0	1.0	0.0	0.0	0.0	0.0	0.0	0.0	0.0
EU482687	0.0	0.0	1.0	0.0	0.0	0.0	0.0	0.0	0.0	0.0
0.838993	8.10079907060132e-10	9.070531321834348e-10	0.9999999872095873	2.6546820665967694e-09	4.1330597652804506e-10	1.7054529016685236e-09	3.7229849794425483e-09	1.0709943816961168e-09	1.050309418127111e-09	4.5554998662970714e-10
EU596500_EU596500.1	0.0	0.0	1.0	0.0	0.0	0.0	0.0	0.0	0.0	0.0
GQ868604	0.0	0.0	1.0	0.0	0.0	0.0	0.0	0.0	0.0	0.0
GQ868604.1	0.0	0.0	1.0	0.0	0.0	0.0	0.0	0.0	0.0	0.0
FJ850106_FJ850106.1	2.089045230852711e-09	2.3391211206317597e-09	2.408370690331979e-09	6.845930706737724e-09	1.0658391494763294e-09	4.398045451595287e-09	0.9999999742084216	2.761895074612982e-09	2.708552405429871e-09	1.1747785850379872e-09
EU482605	0.0	0.0	0.0	0.0	0.0	0.0	1.0	0.0	0.0	0.0
0.993403	1.992050106738321e-08	2.230514884174377e-08	2.296549170448422e-08	6.528071672968744e-08	1.01635185304894e-08	4.193842613792638e-08	0.9999997540593388	2.633659289386034e-08	2.5827933395872604e-08	1.120233191295519e-08
FJ850108	0.0	0.0	0.0	0.0	0.0	0.0	1.0	0.0	0.0	0.0
GU131947.1	0.0	0.0	0.0	0.0	0.0	0.0	1.0	0.0	0.0	0.0
GU131947	0.0	0.0	0.0	0.0	0.0	0.0	1.0	0.0	0.0	0.0
0.996475	6.807700704380539e-09	0.0009836915834835797	7.84830629915137e-09	2.2309257169781535e-08	3.473315858117934e-09	1.4332182317805371e-08	0.9990162319905455	9.000358042603621e-09	8.826526992318908e-09	3.828323524421644e-09
EU920842	0.0	0.0	0.0	0.0	0.0	0.0	1.0	0.0	0.0	0.0
FJ898453	0.0	1.0	0.0	0.0	0.0	0.0	0.0	0.0	0.0	0.0
FJ898453.1	0.0	1.0	0.0	0.0	0.0	0.0	0.0	0.0	0.0	0.0
FJ898451.2	0.0	1.0	0.0	0.0	0.0	0.0	0.0	0.0	0.0	0.0
FJ898451.1	0.0	1.0	0.0	0.0	0.0	0.0	0.0	0.0	0.0	0.0
FJ639710_FJ639710.2	3.04958673530053e-11	3.414647340248372e-11	3.515737812776683e-11	9.99368475403102e-11	1.555911228824984e-11	6.420263607676503e-11	1.4015365039545843e-10	0.9999999995236594	3.953942866088021e-11	1.7149409390167312e-11
GU131927_GU131927.1	0.0	0.0	0.0	0.0	0.0	0.0	0.0	1.0	0.0	0.0
EU482464_FJ639707.2	3.3064422172255427e-09	3.7022505351439e-09	3.811855486614135e-09	1.0835416088965597e-08	1.6869599128601982e-09	6.961018813602087e-09	1.5195827723199523e-08	0.9999999483538762	4.286968940938429e-09	1.8593841110259593e-09
GQ868631_GU131924	9.87177301111641e-09	1.105350540312551e-08	1.138074390624277e-08	3.2350412039264934e-08	5.036617682852621e-09	2.078294225013012e-08	4.536893498938255e-08	0.9999998458044089	1.2799251131677492e-08	5.551410452267601e-09
FJ810411.1	0.0	0.0	0.0	0.0	0.0	0.0	0.0	1.0	0.0	0.0
FJ810411	0.0	0.0	0.0	0.0	0.0	0.0	0.0	1.0	0.0	0.0
JF730047_JN368476	1.8705657915533308e-08	2.0944878959993616e-08	2.156495110804743e-08	6.129960042148545e-08	9.543700743592407e-09	3.93808293374903e-08	8.59679185236335e-08	0.9999997078204725	2.4252828035506622e-08	1.0519162540700484e-08
GQ868638	0.0	0.0	0.0	0.0	0.0	0.0	0.0	1.0	0.0	0.0
EU677146_EU677146.1	9.505143705195654e-11	0.9999999984960748	1.0958072696672911e-10	3.1148945078988387e-10	4.849561959106432e-11	2.001108134089162e-10	4.3683971090112323e-10	1.2566606598629163e-10	1.2323897762690163e-10	5.34523576017286e-11
EU596490_EU596490.1	0.0	1.0	0.0	0.0	0.0	0.0	0.0	0.0	0.0	0.0
EU482721	0.0	1.0	0.0	0.0	0.0	0.0	0.0	0.0	0.0	0.0
EU677143.1	0.0	1.0	0.0	0.0	0.0	0.0	0.0	0.0	0.0	0.0
EU677143	0.0	1.0	0.0	0.0	0.0	0.0	0.0	0.0	0.0	0.0
GQ398314.1_GQ398314.2	9.574585839792592e-16	0.9999999999999849	1.103812955669802e-15	3.137651125829249e-15	4.884991611171176e-16	2.0157277153075387e-15	4.4003114944666595e-15	1.265841499352716e-15	1.2413932989272573e-15	5.384286677510112e-16
GQ398314	0.0	1.0	0.0	0.0	0.0	0.0	0.0	0.0	0.0	0.0
FJ873808_FJ873808.2	9.587668466043884e-13	1.073539120820525e-12	0.9999999999848621	3.141938383541803e-12	4.891666418892262e-13	2.0184819871648283e-12	4.406324039729263e-12	1.2675711335642117e-12	1.2430895273419875e-12	5.39164371742916e-13
FJ850061	0.0	0.0	1.0	0.0	0.0	0.0	0.0	0.0	0.0	0.0
KJ189309_KJ189309.1	0.0	0.0	1.0	0.0	0.0	0.0	0.0	0.0	0.0	0.0
KJ189308_KJ189308.1	0.0	0.0	1.0	0.0	0.0	0.0	0.0	0.0	0.0	0.0
GU369819.1	0.0	0.0	1.0	0.0	0.0	0.0	0.0	0.0	0.0	0.0
GU369819	0.0	0.0	1.0	0.0	0.0	0.0	0.0	0.0	0.0	0.0
FJ850066.1_FJ850066.2	1.5749787682023952e-12	1.7635166757308856e-12	0.9999999999751326	5.16130304526515e-12	8.035604045102045e-13	3.3157866117739758e-12	7.2383258066986874e-12	2.082255586559346e-12	2.0420393336214665e-12	8.856923255885857e-13
FJ850066	0.0	0.0	1.0	0.0	0.0	0.0	0.0	0.0	0.0	0.0
FJ906956	0.0	0.0	1.0	0.0	0.0	0.0	0.0	0.0	0.0	0.0
0.999990	1.1302036603163307e-11	1.2654983306313004e-11	0.9999999998215513	3.703747448239172e-11	5.7663438314109155e-12	2.3794061489045102e-11	5.194217526265384e-11	1.4942251496694948e-11	1.465365994744838e-11	6.355721921488571e-12
EU482762_EU482762.2	1.574109033665786e-11	1.7625428268194885e-11	0.9999999997514626	5.15845287127995e-11	8.03116662505446e-12	3.313955568593897e-11	7.234328659518719e-11	2.0811057236950077e-11	2.0409116789702288e-11	8.852032287068208e-12
FJ744708_HQ705625	2.105768140311441e-11	2.357845899662797e-11	0.9999999996675186	6.900732717569622e-11	1.0743712441055049e-11	4.433252020986983e-11	9.677740538900529e-11	2.7840041800479144e-11	2.7302345001836272e-11	1.1841827451880412e-11
JF357906_JF357906.1	2.9891971364883863e-11	3.3470286099543424e-11	0.9999999995280334	9.795784295596773e-11	1.525100216366015e-11	6.293126006031085e-11	1.3737825049570632e-10	3.951972282067159e-11	3.875644708293318e-11	1.680980732509099e-11
EU596500.1	0.0	0.0	1.0	0.0	0.0	0.0	0.0	0.0	0.0	0.0
EU596500	0.0	0.0	1.0	0.0	0.0	0.0	0.0	0.0	0.0	0.0
FJ850106	0.0	0.0	0.0	0.0	0.0	0.0	1.0	0.0	0.0	0.0
FJ850106.1	0.0	0.0	0.0	0.0	0.0	0.0	1.0	0.0	0.0	0.0
HQ332186	0.0	0.0	0.0	0.0	0.0	0.0	1.0	0.0	0.0	0.0
HQ332188	0.0	0.0	0.0	0.0	0.0	0.0	1.0	0.0	0.0	0.0
GQ199892_GQ199892.1	4.7639386089249835e-09	0.9999986187452213	5.492140594418529e-09	1.5611722104523633e-08	2.4305803436441007e-09	1.0029470985704537e-08	1.3277728983277246e-06	6.298331115778607e-09	6.176686453675813e-09	2.6790099972686126e-09
HM181971_JX669476.1	1.4230598347774075e-13	4.462460377056509e-09	1.6405846776081617e-13	4.66345528404437e-13	7.260507630722609e-14	2.9959532427816494e-13	0.999999995535942	1.8814058645092095e-13	1.8450687814852495e-13	8.0026042252891e-14
EU920846	0.0	0.0	0.0	0.0	0.0	0.0	1.0	0.0	0.0	0.0
FJ639710.1_FJ639710.2	5.377139158373316e-14	6.02082692475883e-14	6.199073220257907e-14	1.7621218313058695e-13	2.743437692269172e-14	1.1320435799480327e-13	2.471238719026351e-13	0.99999999999916	6.971731864225038e-14	3.023844500220654e-14
FJ639710	0.0	0.0	0.0	0.0	0.0	0.0	0.0	1.0	0.0	0.0
GU131927	0.0	0.0	0.0	0.0	0.0	0.0	0.0	1.0	0.0	0.0
GU131927.1	0.0	0.0	0.0	0.0	0.0	0.0	0.0	1.0	0.0	0.0
EU482464_FJ410224	1.7710763444463475e-15	1.9830887441030765e-15	2.0417979923009808e-15	5.803926957327284e-15	9.0361016446342e-16	3.728628823388771e-15	8.13955582669263e-15	0.9999999999999725	2.2962897222632302e-15	9.959681730173251e-16
FJ639707_FJ639707.2	2.427172777367466e-10	2.717725314261086e-10	2.798183443269753e-10	7.953995634817042e-10	1.2383531627055692e-10	5.109901899720772e-10	1.1154859802831939e-09	0.999999996208793	3.1469518071895023e-10	1.3649252581642697e-10
0.999919	3.2184814022582174e-09	3.6037600874391375e-09	3.710449233877139e-09	1.0547163046244881e-08	1.6420819567358343e-09	6.7758358139847195e-09	1.4791575266080433e-08	0.9999999497278108	4.172923312129293e-09	1.8099191783284878e-09
GU131924	0.0	0.0	0.0	0.0	0.0	0.0	0.0	1.0	0.0	0.0
JF730047_JF730047.1	1.2764014485784808e-11	1.4291971961401388e-11	1.4715085113354106e-11	4.1828466621477486e-11	6.51225073661012e-12	2.687194849792133e-11	5.866116884545526e-11	0.999999999800628	1.6549187938981332e-11	7.177867982731038e-12
JN368476	0.0	0.0	0.0	0.0	0.0	0.0	0.0	1.0	0.0	0.0
EU677146.1	0.0	1.0	0.0	0.0	0.0	0.0	0.0	0.0	0.0	0.0
EU677146	0.0	1.0	0.0	0.0	0.0	0.0	0.0	0.0	0.0	0.0
EU596490	0.0	1.0	0.0	0.0	0.0	0.0	0.0	0.0	0.0	0.0
EU596490.1	0.0	1.0	0.0	0.0	0.0	0.0	0.0	0.0	0.0	0.0
GQ398314.2	0.0	1.0	0.0	0.0	0.0	0.0	0.0	0.0	0.0	0.0
GQ398314.1	0.0	1.0	0.0	0.0	0.0	0.0	0.0	0.0	0.0	0.0
FJ873808.1_FJ873808.2	4.758451130640472e-16	5.328076853450191e-16	0.9999999999999925	1.5593739298055071e-15	2.427780610492729e-16	1.0017918254076955e-15	2.1869005674368588e-15	6.291076203811069e-16	6.169571661574738e-16	2.675924103349564e-16
FJ873808	0.0	0.0	1.0	0.0	0.0	0.0	0.0	0.0	0.0	0.0
KJ189309.1	0.0	0.0	1.0	0.0	0.0	0.0	0.0	0.0	0.0	0.0
KJ189309	0.0	0.0	1.0	0.0	0.0	0.0	0.0	0.0	0.0	0.0
KJ189308.1	0.0	0.0	1.0	0.0	0.0	0.0	0.0	0.0	0.0	0.0
KJ189308	0.0	0.0	1.0	0.0	0.0	0.0	0.0	0.0	0.0	0.0
FJ850066.1	0.0	0.0	1.0	0.0	0.0	0.0	0.0	0.0	0.0	0.0
FJ850066.2	0.0	0.0	1.0	0.0	0.0	0.0	0.0	0.0	0.0	0.0
EU482635_FJ410291	4.823475426365911e-12	5.4008850919829995e-12	0.9999999999238417	1.580682794554648e-11	2.4609562636704294e-12	1.015481323549472e-11	2.2167845917369904e-11	6.37704384081669e-12	6.2538789374524515e-12	2.712490640539495e-12
EU482444	0.0	0.0	1.0	0.0	0.0	0.0	0.0	0.0	0.0	0.0
EU482762.1_EU482762.2	5.703307756632685e-14	6.386040585884338e-14	0.9999999999990995	1.8690093026453956e-13	2.9098502027406424e-14	1.2007115196767617e-13	2.621140078319597e-13	7.540256845284373e-14	7.394625886979393e-14	3.207266035900165e-14
EU482762	0.0	0.0	1.0	0.0	0.0	0.0	0.0	0.0	0.0	0.0
HQ705625	0.0	0.0	1.0	0.0	0.0	0.0	0.0	0.0	0.0	0.0
FJ744708_FJ744708.1	0.0	0.0	1.0	0.0	0.0	0.0	0.0	0.0	0.0	0.0
FJ850050	0.0	0.0	1.0	0.0	0.0	0.0	0.0	0.0	0.0	0.0
JF357906.1	0.0	0.0	1.0	0.0	0.0	0.0	0.0	0.0	0.0	0.0
JF357906	0.0	0.0	1.0	0.0	0.0	0.0	0.0	0.0	0.0	0.0
GQ199892.1	0.0	1.0	0.0	0.0	0.0	0.0	0.0	0.0	0.0	0.0
GQ199892	0.0	1.0	0.0	0.0	0.0	0.0	0.0	0.0	0.0	0.0
JX669476_JX669476.1	0.0	0.0	0.0	0.0	0.0	0.0	1.0	0.0	0.0	0.0
HM181971	0.0	0.0	0.0	0.0	0.0	0.0	1.0	0.0	0.0	0.0
0.979227	6.068720945885057e-08	6.8107134086096e-08	6.996368215293719e-08	1.9887574697029683e-07	3.096285458946754e-08	1.2776415828084407e-07	0.9999992505939802	8.023364090972296e-08	7.868402499427999e-08	3.4127568424581916e-08
JX669477_JX669477.2	3.0366228646038012e-09	3.400266088754785e-09	3.5007923220054724e-09	9.951201346218593e-09	1.549297010658112e-09	6.392970903951967e-09	0.999999962509391	4.014673119252208e-09	3.937134554501117e-09	1.7076506815111514e-09
JX567950_JX567950.1	0.0	0.0	0.0	0.0	0.0	0.0	1.0	0.0	0.0	0.0
FJ639710.1	0.0	0.0	0.0	0.0	0.0	0.0	0.0	1.0	0.0	0.0
FJ639710.2	0.0	0.0	0.0	0.0	0.0	0.0	0.0	1.0	0.0	0.0
EU482464_FM210214.1	2.5822890891543283e-10	2.8914103238858233e-10	2.9770103893653803e-10	8.462321403112699e-10	1.3174941192454756e-10	5.436466676513077e-10	1.1867747128880278e-09	0.9999999959665038	3.3480679214826444e-10	1.4521552130671127e-10
EU482661_FJ410224	1.3183526940921813e-08	1.4761703506516297e-08	1.51987230385796e-08	4.3203234939590476e-08	6.726287652505638e-09	2.7755143757628456e-08	6.058917441070827e-08	0.9999997940753169	1.7093106975624368e-08	7.413781615032098e-09
0.439301	4.90441902697723e-11	5.4915183070800373e-11	5.65409444606141e-11	1.6072085141874754e-10	2.502254009241934e-11	1.0325222965857067e-10	2.2539848489735186e-10	0.9999999992339369	6.358826394262878e-11	2.75800942930944e-11
EU482784	0.0	0.0	0.0	0.0	0.0	0.0	0.0	1.0	0.0	0.0
FJ639707.1_FJ639707.2	7.495546773684921e-13	8.392825348496993e-13	8.641294544810963e-13	2.4563371373636093e-12	3.8242576465725417e-13	1.5780297577266274e-12	3.4448216536406052e-12	0.9999999999882924	9.718354080629196e-13	4.2151350783732576e-13
FJ639707	0.0	0.0	0.0	0.0	0.0	0.0	0.0	1.0	0.0	0.0
GU131932_GU131932.1	2.1191257530311412e-12	2.3728025284470276e-12	2.4430492347436825e-12	6.944506442396623e-12	1.081186351011729e-12	4.4613736657452784e-12	9.73912978097572e-12	0.9999999999668996	2.74755331814334e-12	1.1916944242740558e-12
GQ868631	0.0	0.0	0.0	0.0	0.0	0.0	0.0	1.0	0.0	0.0
JF730047.1	0.0	0.0	0.0	0.0	0.0	0.0	0.0	1.0	0.0	0.0
JF730047	0.0	0.0	0.0	0.0	0.0	0.0	0.0	1.0	0.0	0.0
FJ873808.1	0.0	0.0	1.0	0.0	0.0	0.0	0.0	0.0	0.0	0.0
FJ873808.2	0.0	0.0	1.0	0.0	0.0	0.0	0.0	0.0	0.0	0.0
FJ410291	0.0	0.0	1.0	0.0	0.0	0.0	0.0	0.0	0.0	0.0
EU482635_EU482635.1	0.0	0.0	1.0	0.0	0.0	0.0	0.0	0.0	0.0	0.0
EU482639	0.0	0.0	1.0	0.0	0.0	0.0	0.0	0.0	0.0	0.0
EU482762.1	0.0	0.0	1.0	0.0	0.0	0.0	0.0	0.0	0.0	0.0
EU482762.2	0.0	0.0	1.0	0.0	0.0	0.0	0.0	0.0	0.0	0.0
FJ744708	0.0	0.0	1.0	0.0	0.0	0.0	0.0	0.0	0.0	0.0
FJ744708.1	0.0	0.0	1.0	0.0	0.0	0.0	0.0	0.0	0.0	0.0
JX669476	0.0	0.0	0.0	0.0	0.0	0.0	1.0	0.0	0.0	0.0
JX669476.1	0.0	0.0	0.0	0.0	0.0	0.0	1.0	0.0	0.0	0.0
JX286525_KC294211	2.538170623759795e-07	2.8420805374910324e-07	2.926148101949918e-07	8.31774245742118e-07	1.2949847034904539e-07	5.34358452480371e-07	0.9999968663400876	3.355676957472154e-07	3.290866108040118e-07	1.4273451095878882e-07
JX669478	0.0	0.0	0.0	0.0	0.0	0.0	1.0	0.0	0.0	0.0
JX669477.1_JX669477.2	1.5659315809337434e-11	1.7533885956045465e-11	1.8052953889069775e-11	5.131654851814217e-11	7.989444937385469e-12	3.296739661411688e-11	0.9999999998066684	2.0702944372326793e-11	2.030309199454444e-11	8.806046225072588e-12
JX669477	0.0	0.0	0.0	0.0	0.0	0.0	1.0	0.0	0.0	0.0
JX567950.1	0.0	0.0	0.0	0.0	0.0	0.0	1.0	0.0	0.0	0.0
JX567950	0.0	0.0	0.0	0.0	0.0	0.0	1.0	0.0	0.0	0.0
EU482649_FM210214.1	4.5676827509430655e-08	5.1144719302660045e-08	5.265885629147649e-08	1.4968579493395415e-07	2.3304498277213738e-08	9.616295545173754e-08	2.0992267705740534e-07	0.9999992865349114	5.922230844785214e-08	2.5686451398014982e-08
EU482464_EU482676	3.870759479457699e-09	4.334121213302323e-09	4.462432666225552e-09	1.2684718735361796e-08	1.974876814767976e-09	8.149070145264147e-09	1.7789330749937128e-08	0.9999999395393266	5.018634706461661e-09	2.1767290038251444e-09
FJ410215_FJ410224	2.021334212953844e-08	2.2633045370115324e-08	2.3303095604659678e-08	6.624037504152967e-08	1.0312927200062278e-08	4.255494141602135e-08	9.289697037811708e-08	0.9999996842706745	2.6207616588746988e-08	1.1367011644901113e-08
EU482661_EU482661.1	4.041063700381762e-10	4.5248122496581444e-10	4.658769101666926e-10	1.3242816223291819e-09	2.0617667026943571e-10	8.507609871049225e-10	1.8572019038942618e-09	0.9999999936879201	5.239442710245499e-10	2.272499908508479e-10
EU482469_EU482776	2.6374390884442177e-11	2.9531622315164686e-11	3.040590459292122e-11	8.643051369146562e-11	1.3456318672791851e-11	5.5525734031411894e-11	1.21212068396769e-10	0.9999999995880363	3.4195726744817506e-11	1.483168920752215e-11
EU660413_EU660413.1	1.2886435936005037e-10	1.4429048265723215e-10	1.4856219555162926e-10	4.2229649301894573e-10	6.574710645305888e-11	2.712968111872199e-10	5.922379632990949e-10	0.9999999979871582	1.6707913517811846e-10	7.246711919637717e-11
FJ639707.1	0.0	0.0	0.0	0.0	0.0	0.0	0.0	1.0	0.0	0.0
FJ639707.2	0.0	0.0	0.0	0.0	0.0	0.0	0.0	1.0	0.0	0.0
GU131932.1	0.0	0.0	0.0	0.0	0.0	0.0	0.0	1.0	0.0	0.0
GU131932	0.0	0.0	0.0	0.0	0.0	0.0	0.0	1.0	0.0	0.0
EU482635.1	0.0	0.0	1.0	0.0	0.0	0.0	0.0	0.0	0.0	0.0
EU482635.2	0.0	0.0	1.0	0.0	0.0	0.0	0.0	0.0	0.0	0.0
EU482635	0.0	0.0	1.0	0.0	0.0	0.0	0.0	0.0	0.0	0.0
KC294211	0.0	0.0	0.0	0.0	0.0	0.0	1.0	0.0	0.0	0.0
JX286525	0.0	0.0	0.0	0.0	0.0	0.0	1.0	0.0	0.0	0.0
JX669477.1	0.0	0.0	0.0	0.0	0.0	0.0	1.0	0.0	0.0	0.0
JX669477.2	0.0	0.0	0.0	0.0	0.0	0.0	1.0	0.0	0.0	0.0
FM210214_FM210214.1	2.674813599386759e-11	2.995010778700177e-11	3.083677930730044e-11	8.765529958088561e-11	1.364700490766496e-11	5.63125757686267e-11	1.2292973527920514e-10	0.9999999995821982	3.4680306111602516e-11	1.5041865485340904e-11
EU482649_EU482649.1	6.054068158226614e-13	6.77878989138954e-13	6.979475644560427e-13	1.9839556603649635e-12	3.088809548657843e-13	1.2745567464840449e-12	2.782343398522003e-12	0.9999999999905435	7.849404421898424e-13	3.404516819265768e-13
EU482474_EU482676	1.687962257133578e-10	1.8900252172013728e-10	1.9459793240999828e-10	5.531556941545139e-10	8.612050279816294e-11	3.5536495896839025e-10	7.757578078647911e-10	0.9999999973634285	2.188528120077039e-10	9.492288068954324e-11
EU482464_EU482464.1	6.194553061275252e-11	6.936091992355297e-11	7.141434666763376e-11	2.0299934338611924e-10	3.160485502518596e-11	1.3041328887209776e-10	2.8469077926407306e-10	0.9999999990324204	8.031550177509302e-11	3.4835187734529017e-11
FJ410215_FJ410215.1	5.0279900337489975e-11	5.6298817793239063e-11	5.796554162337547e-11	1.6477034990364168e-10	2.5653004262425814e-11	1.058537573624959e-10	2.3107759134204798e-10	0.9999999992146357	6.519042431086763e-11	2.827499821543695e-11
FJ410224	0.0	0.0	0.0	0.0	0.0	0.0	0.0	1.0	0.0	0.0
EU482661.1	0.0	0.0	0.0	0.0	0.0	0.0	0.0	1.0	0.0	0.0
EU482661	0.0	0.0	0.0	0.0	0.0	0.0	0.0	1.0	0.0	0.0
0.999991	3.909921157277124e-09	4.3779708659315956e-09	4.507580485740829e-09	1.2813053980933258e-08	1.994857257873119e-09	8.231516823041565e-09	1.796931094326855e-08	0.9999999389276272	5.069409795048506e-09	2.198751648321759e-09
EU482776	0.0	0.0	0.0	0.0	0.0	0.0	0.0	1.0	0.0	0.0
EU660413	0.0	0.0	0.0	0.0	0.0	0.0	0.0	1.0	0.0	0.0
EU660413.1	0.0	0.0	0.0	0.0	0.0	0.0	0.0	1.0	0.0	0.0
FM210214.1	0.0	0.0	0.0	0.0	0.0	0.0	0.0	1.0	0.0	0.0
FM210214	0.0	0.0	0.0	0.0	0.0	0.0	0.0	1.0	0.0	0.0
EU482649.1	0.0	0.0	0.0	0.0	0.0	0.0	0.0	1.0	0.0	0.0
EU482649	0.0	0.0	0.0	0.0	0.0	0.0	0.0	1.0	0.0	0.0
0.461609	7.819245467867296e-10	8.755273437720722e-10	9.014472892522808e-10	2.562415205827904e-09	3.98941000220302e-10	1.646177711088796e-09	3.593587888398746e-09	0.9999999877864577	1.0138045748293234e-09	4.3971676587664495e-10
EU482474_EU482701	4.175053560543776e-12	4.6748417977035715e-12	4.813240267365327e-12	1.3681909300132574e-11	2.130128859953747e-12	8.78969734639072e-12	1.9187812903740913e-11	0.9999999999347865	5.413167315479103e-12	2.3478493628935885e-12
EU482464	0.0	0.0	0.0	0.0	0.0	0.0	0.0	1.0	0.0	0.0
EU482464.1	0.0	0.0	0.0	0.0	0.0	0.0	0.0	1.0	0.0	0.0
FJ410215.1	0.0	0.0	0.0	0.0	0.0	0.0	0.0	1.0	0.0	0.0
FJ410215	0.0	0.0	0.0	0.0	0.0	0.0	0.0	1.0	0.0	0.0
EU482469_EU482541.1	3.842952591320975e-09	4.302985612036241e-09	4.4303752969609594e-09	1.2593593839384163e-08	1.960689630324329e-09	8.090528589491886e-09	1.7661535175756938e-08	0.9999999399736658	4.982581674848026e-09	2.1610917470452916e-09
FM210211	0.0	0.0	0.0	0.0	0.0	0.0	0.0	1.0	0.0	0.0
EU482642_FM210207.1	5.5048445150464555e-11	6.163819662578576e-11	6.346299251297698e-11	1.8039716682434204e-10	2.8085934709616752e-11	1.158929257422397e-10	2.529929858076804e-10	0.9999999991401518	7.137308294019295e-11	3.095659852037141e-11
EU482676	0.0	0.0	0.0	0.0	0.0	0.0	0.0	1.0	0.0	0.0
0.748676	1.3249929055479888e-10	1.4836054500124043e-10	1.527527518982614e-10	4.342083878479774e-10	6.760166274307962e-11	2.7894939446872216e-10	6.089434686707965e-10	0.9999999979303812	1.7179200663044668e-10	7.451122971280388e-11
EU482474_FJ410217.1	1.5172513492945592e-09	1.6988788101632254e-09	1.7491740367488335e-09	4.972126715387144e-09	7.741076467807429e-10	3.194253670117029e-09	6.973020728007305e-09	0.9999999763007651	1.9671928262156624e-09	8.532292010468731e-10
0.717815	3.791529549444786e-09	4.245406809263576e-09	4.3710918764635594e-09	1.2425077343802896e-08	1.934453390721977e-09	7.982268187998115e-09	1.7425203906671853e-08	0.9999999407768858	4.915909109931173e-09	2.1321739009970286e-09
EU482541_EU482541.1	2.3216484489986848e-11	2.59956885619909e-11	2.6765289688717893e-11	7.608185870040988e-11	1.1845142324916293e-11	4.887742615871504e-11	1.066988852278221e-10	0.9999999996373621	3.0101341982581894e-11	1.3055834500802204e-11
EU482652_FM210207.1	4.3961063340247655e-21	4.9223564055958446e-21	5.068082533482964e-21	1.4406312940337788e-20	2.24291086036079e-21	9.255077478238677e-21	2.0203732627380047e-20	1.0	5.699773374790937e-21	2.472158813265192e-21
0.998902	2.002398825181562e-09	2.242102427642172e-09	2.308479763654486e-09	6.561985064751576e-09	1.0216318101799835e-09	4.215629664358583e-09	9.202673321213685e-09	0.9999999687228353	2.5962109745041995e-09	1.1260528129246515e-09
EU482699	0.0	0.0	0.0	0.0	0.0	0.0	0.0	1.0	0.0	0.0
EU482701	0.0	0.0	0.0	0.0	0.0	0.0	0.0	1.0	0.0	0.0
FJ410217_FJ410217.1	1.9452936289265337e-13	2.178161269894653e-13	2.2426456309650118e-13	6.374847797074033e-13	9.924965129120092e-14	4.09540668165688e-13	8.940227868554588e-13	0.9999999999969617	2.52217121012056e-13	1.0939395964829878e-13
EU482474	0.0	0.0	0.0	0.0	0.0	0.0	0.0	1.0	0.0	0.0
FJ432726_FJ432726.1	5.394165267297369e-12	6.039891198904345e-12	6.218701891335153e-12	1.7677013927331665e-11	2.7521244804662356e-12	1.1356280691589832e-11	2.479063619659982e-11	0.9999999999157438	6.9938070723633186e-12	3.0334191651705067e-12
EU482469	0.0	0.0	0.0	0.0	0.0	0.0	0.0	1.0	0.0	0.0
EU482541.1	0.0	0.0	0.0	0.0	0.0	0.0	0.0	1.0	0.0	0.0
EU482541	0.0	0.0	0.0	0.0	0.0	0.0	0.0	1.0	0.0	0.0
FM210207_FM210207.1	2.1864116926342068e-10	2.4481431482241786e-10	2.5206203099954226e-10	7.165006637058424e-10	1.115515903851987e-10	4.6030300627715813e-10	1.0048364142028536e-09	0.999999996584858	2.834792929268993e-10	1.2295328012284767e-10
FJ390385_FJ410202	1.9411677594012103e-09	2.173541499865561e-09	2.237889092863355e-09	6.361327066905889e-09	9.903914779415955e-10	4.0867205309542846e-09	8.921266096838575e-09	0.9999999696792553	2.516821812385048e-09	1.0916194058564627e-09
0.986394	8.673959086613189e-12	9.712303303814078e-12	9.999835582403474e-12	2.8425101564600184e-11	4.4254882751842676e-12	1.8261196906986664e-11	3.9863992563237977e-11	0.999999999864514	1.1246225022641887e-11	4.877817498613693e-12
FJ547067_FJ547067.1	0.0	0.0	0.0	0.0	0.0	0.0	0.0	1.0	0.0	0.0
FJ410241_FJ461309	1.8410071188259483e-09	2.0613908071245044e-09	2.1224181841837633e-09	6.033094439486511e-09	9.392891224803085e-10	3.875853363884335e-09	8.46094538386869e-09	0.9999999712437493	2.3869584949456325e-09	1.0352938778718555e-09
FJ410223_FJ410223.1	0.0	0.0	0.0	0.0	0.0	0.0	0.0	1.0	0.0	0.0
FJ024452_FJ410195	2.4537688816134385e-10	2.7475051908500124e-10	2.8288449516924345e-10	8.041152716936695e-10	1.2519226004134067e-10	5.165894404613261e-10	1.1277090826899004e-09	0.9999999961672504	3.1814349964793247e-10	1.3798816283051176e-10
EU482642	0.0	0.0	0.0	0.0	0.0	0.0	0.0	1.0	0.0	0.0
FJ410217	0.0	0.0	0.0	0.0	0.0	0.0	0.0	1.0	0.0	0.0
FJ410217.1	0.0	0.0	0.0	0.0	0.0	0.0	0.0	1.0	0.0	0.0
FJ432726.1	0.0	0.0	0.0	0.0	0.0	0.0	0.0	1.0	0.0	0.0
FJ432726	0.0	0.0	0.0	0.0	0.0	0.0	0.0	1.0	0.0	0.0
FM210207	0.0	0.0	0.0	0.0	0.0	0.0	0.0	1.0	0.0	0.0
FM210207.1	0.0	0.0	0.0	0.0	0.0	0.0	0.0	1.0	0.0	0.0
0.905535	8.457961976131409e-09	9.470449563348071e-09	9.750821773423726e-09	2.7717265645408392e-08	4.3152856940600294e-09	1.780646041048468e-08	3.8871307778822105e-08	0.9999998678879222	1.0966173885155246e-08	4.756351110008738e-09
FJ410202	0.0	0.0	0.0	0.0	0.0	0.0	0.0	1.0	0.0	0.0
EU677148	0.0	0.0	0.0	0.0	0.0	0.0	0.0	1.0	0.0	0.0
EU482652_FJ547064	2.314211814192706e-13	2.5912419950651887e-13	2.667955591409018e-13	7.58381555683706e-13	1.180720031964274e-13	4.872086345054303e-13	1.063571105530273e-12	0.9999999999963851	3.000492226512169e-13	1.3014014442596726e-13
FJ859028	0.0	0.0	0.0	0.0	0.0	0.0	0.0	1.0	0.0	0.0
FJ547067.1	0.0	0.0	0.0	0.0	0.0	0.0	0.0	1.0	0.0	0.0
FJ547067	0.0	0.0	0.0	0.0	0.0	0.0	0.0	1.0	0.0	0.0
0.725004	6.3674030552453205e-09	7.129633551721268e-09	7.340706014813396e-09	2.0866374482608288e-08	3.248674253934403e-09	1.3405228202821071e-08	2.9263466141220633e-08	0.9999999005421342	8.255658904324696e-09	3.5807212984825285e-09
FJ461309	0.0	0.0	0.0	0.0	0.0	0.0	0.0	1.0	0.0	0.0
FJ410223.1	0.0	0.0	0.0	0.0	0.0	0.0	0.0	1.0	0.0	0.0
FJ410223	0.0	0.0	0.0	0.0	0.0	0.0	0.0	1.0	0.0	0.0
0.563909	5.170592993317267e-10	5.789555485588684e-10	5.960955001101893e-10	1.694435372782473e-09	2.6380570209272323e-10	1.0885596281238584e-09	2.3763137291164134e-09	0.9999999919236127	6.703934353700808e-10	2.9076928688696554e-10
FJ410195	0.0	0.0	0.0	0.0	0.0	0.0	0.0	1.0	0.0	0.0
GU131899	0.0	0.0	0.0	0.0	0.0	0.0	0.0	1.0	0.0	0.0
FJ390385	0.0	0.0	0.0	0.0	0.0	0.0	0.0	1.0	0.0	0.0
FJ547064	0.0	0.0	0.0	0.0	0.0	0.0	0.0	1.0	0.0	0.0
FJ390387	0.0	0.0	0.0	0.0	0.0	0.0	0.0	1.0	0.0	0.0
EU482652	0.0	0.0	0.0	0.0	0.0	0.0	0.0	1.0	0.0	0.0
FJ461311	0.0	0.0	0.0	0.0	0.0	0.0	0.0	1.0	0.0	0.0
FJ410241_FJ410241.1	2.0688333584931016e-10	2.3164897207947094e-10	2.385069289092114e-10	6.779695148223354e-10	1.0555269721587053e-10	4.3554936044707903e-10	9.50799476848229e-10	0.9999999967685139	2.682346694471897e-10	1.1634123999210196e-10
JF730049_JF730049.1	0.0	0.0	0.0	0.0	0.0	0.0	0.0	1.0	0.0	0.0
FJ024452_FJ024452.1	0.0	0.0	0.0	0.0	0.0	0.0	0.0	1.0	0.0	0.0
FM210206	0.0	0.0	0.0	0.0	0.0	0.0	0.0	1.0	0.0	0.0
FJ410241	0.0	0.0	0.0	0.0	0.0	0.0	0.0	1.0	0.0	0.0
FJ410241.1	0.0	0.0	0.0	0.0	0.0	0.0	0.0	1.0	0.0	0.0
JF730049	0.0	0.0	0.0	0.0	0.0	0.0	0.0	1.0	0.0	0.0
JF730049.1	0.0	0.0	0.0	0.0	0.0	0.0	0.0	1.0	0.0	0.0
FJ024452	0.0	0.0	0.0	0.0	0.0	0.0	0.0	1.0	0.0	0.0
FJ024452.1	0.0	0.0	0.0	0.0	0.0	0.0	0.0	1.0	0.0	0.0
