node	Africa	Caribbean	Central America	Eastern Asia	Europe	Oceania	South America	South-eastern Asia	Southern Asia	Western Asia
root	0.056302641560238426	0.15536451806885063	0.047757631218470646	0.23803804442706067	0.021293972728434883	0.08480415843145937	0.16983862519114784	0.15170000287672206	0.05309138917498591	0.02180901632262945
n0	0.009222321880246985	0.0325985182992657	0.009839209886650054	0.049266196236750055	0.004372925470653549	0.018877472687272242	0.03489200447368422	0.7017307309701263	0.13472192515289574	0.004478694942455156
n342	0.18853584373260784	0.11228214189413763	0.0345190915226178	0.17204759149080914	0.015391600438392465	0.06126064102615452	0.12276141699246178	0.2421967425100272	0.03524106359409884	0.01576386679869287
n1	0.0005228497072568542	0.0020999339059774315	0.0005566503430401697	0.0035835577840831303	0.0002478201925347928	0.0035475845845935657	0.001976961980393961	0.9584904707448332	0.02872035645114628	0.00025381430614054477
n328	0.004959427660851067	0.01926190853136973	0.005422806396262106	0.02653616623244173	0.0023685748191649906	0.010508880472547475	0.018940287254730438	0.530554295041165	0.3790217892244534	0.002425864367014171
n343	0.9995569727033452	7.367586273986607e-05	2.26505050596791e-05	0.00011289277220336634	1.0197365938459955e-05	4.0195980795682244e-05	8.055287349764646e-05	6.953597948716866e-05	2.2982112325801978e-05	1.0343844607106682e-05
n353	0.003942538352335691	0.007623536383087227	0.0023437381719313755	0.011681466066347266	0.0010450422451102497	0.004159240430664923	0.008335127231606607	0.9574207785800819	0.002378213667136572	0.0010703188716982112
n2	0.00023694685676582298	0.001319166145794506	0.0002532586312464846	0.0027123929469873975	0.00011282701059215227	0.00499469688386956	0.0008999909662656033	0.9819137225084457	0.007441442053055117	0.00011555599697774519
n286	0.00038546903299754674	0.0013207162494018004	0.00039514616043427104	0.0020687975791414187	0.0001761436574144488	0.0010146066368852686	0.001404946476786107	0.9460027522772143	0.04705101782396435	0.00018040410576045668
n329	4.0650762384860346e-05	0.005533778928269592	0.000348072175670978	0.00021759897894740315	1.945064425006404e-05	0.002505033024321687	0.0002893523655913504	0.0016498624305007388	0.989376279586268	1.9921103795261585e-05
GQ398257	0.0	0.0	0.0	0.0	0.0	0.0	0.0	1.0	0.0	0.0
n344	0.9999827832025592	2.874355024299343e-06	8.836771903878257e-07	4.404349244657633e-06	8.346991015322229e-07	1.5681798443317614e-06	3.142656254745846e-06	2.209516279083599e-06	8.958140450224599e-07	4.035504566894662e-07
n349	0.9999565782032891	7.2886233609221224e-06	2.2407755178111702e-06	1.1168286670516209e-05	1.0064303195784202e-06	3.976511983475653e-06	7.968957775333521e-06	6.475972353941906e-06	2.2729398939176247e-06	1.023298835638074e-06
FJ467493	0.0	0.0	0.0	0.0	0.0	0.0	0.0	1.0	0.0	0.0
EF105379	0.0	0.0	0.0	0.0	0.0	0.0	0.0	1.0	0.0	0.0
n3	3.86398451068511e-05	0.004750987682210858	4.1493699276753185e-05	0.0002478340559747866	1.8500353933377912e-05	0.00012700820871682788	0.00014755771988581812	0.9944826096724686	0.00012642093394902716	1.8947828477172882e-05
n178	0.0004683567358097289	0.0023014297879362365	0.0005024706128029424	0.008082467732796441	0.00022399474541181052	0.018343088160791426	0.0017866043160033207	0.9638494056612813	0.004212769662375162	0.0002294125847916656
n287	5.1231361967576746e-05	6.834415419456622e-05	2.0700339003182478e-05	0.0001065315243638553	9.228672943038384e-06	4.5713496935887914e-05	7.360808330583164e-05	0.9982615291638671	0.0013536613133298455	9.451890089086747e-06
n313	7.023879328847571e-06	2.4530116209709262e-05	7.536059531087599e-06	3.764969439134859e-05	3.3602079714049324e-06	1.3527742356277439e-05	2.6800627875166963e-05	0.0004827095560818096	0.999393420633755	3.4414824992697535e-06
n330	0.0008133095809792848	0.7848214326179588	0.04504699931467964	0.004354591326012143	0.0003895665681093951	0.0018855597342073889	0.022580898400156348	0.002256261521884746	0.13745239178478652	0.00039898915122574496
n341	5.148619072649809e-05	0.00019644550669830802	5.624276174282116e-05	0.0002756657062868379	2.4661451094615695e-05	0.995947868632586	0.00019710845776869457	0.00013405475211100733	0.0030912085947297106	2.5257946255496684e-05
n340	1.529769123433165e-05	0.001411062387852723	9.308051761298176e-05	8.189332235865357e-05	7.322252130119961e-06	0.0006404033534194051	9.219632190967383e-05	0.0004281393256349158	0.9972231054698396	7.49935800759363e-06
JQ922552	0.0	0.0	0.0	0.0	0.0	0.0	0.0	0.0	1.0	0.0
n345	0.9999953070262748	8.105129049789046e-07	2.4918008621106076e-07	1.241942233018834e-06	1.1335202409749814e-07	4.4219604024675474e-07	8.861690780183704e-07	5.832885941691624e-07	2.525392377159656e-07	1.1379352688646084e-07
n347	0.9999168618037565	3.169678911645959e-06	9.744704408558252e-07	4.85687284423968e-06	6.523042271413854e-05	1.7292993545574357e-06	3.4655480934471965e-06	2.2792864189393803e-06	9.876042621934643e-07	4.450132034242594e-07
n350	0.9999963406820831	6.321972725999892e-07	1.9435960718990103e-07	9.68710656755779e-07	8.66690860050368e-08	3.449113952267347e-07	6.912088214982111e-07	4.555218973077951e-07	1.9698062231090647e-07	8.875855810471598e-08
n351	0.9999999183989612	1.4097469958125243e-08	4.334056536254941e-09	2.1601436713549627e-08	1.9326557486385547e-09	7.691235401721665e-09	1.541337808674943e-08	1.0159059750844548e-08	4.392505050820979e-09	1.9792415431224063e-09
n4	0.00012643734447505736	0.0947257679582318	0.0001358225583592175	0.0006834630286945299	6.0561332251313544e-05	0.000249497915916699	0.00048303073833765774	0.9033223567057354	0.00015103626757876807	6.202615041970628e-05
n155	3.5708540266830146e-06	0.00021823845394186144	3.8353089658529035e-06	6.775548163563546e-05	1.7100632909537667e-06	9.185319092157939e-06	1.3639306626128296e-05	0.9996726660107096	7.64777652006264e-06	1.7514251910768247e-06
n179	0.004183132159526752	0.02215432840755086	0.004493359048187925	0.1142909208159638	0.0020035030863804005	0.2952948385393416	0.015979720972767546	0.5329842803033957	0.006563954149190926	0.002051962517694626
n183	2.0770798867086966e-05	8.008189431070489e-05	2.2305517894631444e-05	0.0001741289959385373	9.945172131631232e-06	0.00023654415185255887	7.932203056641284e-05	0.9993023107109319	6.440500801148648e-05	1.0185719495166284e-05
n288	6.679715197508108e-06	1.8281345925783075e-05	5.60610763728487e-06	3.1135833359935014e-05	2.499629342084902e-06	1.0490157171853426e-05	1.993679640496013e-05	0.9998362073899021	6.660293630541734e-05	2.5600887530048434e-06
n311	0.00041357699861421945	2.5079901558794997e-05	7.70134436521323e-06	3.848261202588446e-05	3.4338902349247425e-06	1.3929420829749025e-05	2.7388324451995672e-05	0.9994201105573308	4.678000364675634e-05	3.516946941510839e-06
n314	2.5595692954220263e-08	8.93919314428921e-08	2.7463446311698644e-08	1.7889515653606298e-07	1.224551311944861e-08	4.927691108450346e-08	9.766878484486658e-08	1.6932189443242972e-06	0.9999978137019198	1.2541699637043761e-08
JX475906	0.0	0.0	0.0	0.0	0.0	0.0	0.0	0.0	1.0	0.0
n331	0.0008056826940656642	0.7966486426002845	0.0783306057048095	0.0043137588020885406	0.00038591459216588014	0.001725216180891066	0.03722842880829575	0.0021441439350894796	0.0780223578386495	0.000395248843660408
EU056812	0.0	1.0	0.0	0.0	0.0	0.0	0.0	0.0	0.0	0.0
HM582107	0.0	0.0	0.0	0.0	0.0	1.0	0.0	0.0	0.0	0.0
HM582115	0.0	0.0	0.0	0.0	0.0	1.0	0.0	0.0	0.0	0.0
JQ922553	0.0	0.0	0.0	0.0	0.0	0.0	0.0	0.0	1.0	0.0
JQ922550	0.0	0.0	0.0	0.0	0.0	0.0	0.0	0.0	1.0	0.0
n346	0.9999996916360278	5.329033992363896e-08	1.638331913624228e-08	8.16563483360763e-08	7.306551197910714e-09	2.90739069238827e-08	5.826465127960625e-08	3.830295118808022e-08	1.6604103939118006e-08	7.481800400568936e-09
EF105378	1.0	0.0	0.0	0.0	0.0	0.0	0.0	0.0	0.0	0.0
n348	0.9988774979695207	3.433883998850122e-05	1.055696351425306e-05	5.261712128945264e-05	0.0009285083322065883	1.8734431784688994e-05	3.7544150401006196e-05	2.4681891370490314e-05	1.069923203244821e-05	4.8210678917578226e-06
EF457904	1.0	0.0	0.0	0.0	0.0	0.0	0.0	0.0	0.0	0.0
EF105385	1.0	0.0	0.0	0.0	0.0	0.0	0.0	0.0	0.0	0.0
EF105384	1.0	0.0	0.0	0.0	0.0	0.0	0.0	0.0	0.0	0.0
n352	0.9999999866416127	2.3084238685958467e-09	7.096904410636448e-10	3.5371788476420667e-09	3.1644643439399215e-10	1.2594196502990672e-09	2.523900419999371e-09	1.6599763534861481e-09	7.192555988507323e-10	3.2409563530532445e-10
EU003591	1.0	0.0	0.0	0.0	0.0	0.0	0.0	0.0	0.0	0.0
n5	9.267741456553691e-06	0.9935570456932958	9.955827328267288e-06	4.96662369858213e-05	4.439172800611443e-06	1.772652039805657e-05	3.5415034132413244e-05	0.006301754182731179	1.0183046242242978e-05	4.54654462896649e-06
JN819418	0.0	0.0	0.0	0.0	0.0	0.0	0.0	1.0	0.0	0.0
n156	4.340243624800539e-06	3.3340790062306744e-05	4.662434686743923e-06	0.0006590085909391105	2.0789145382396545e-06	8.484129185303482e-06	1.658117102214817e-05	0.999264317069358	5.057458610567787e-06	2.12919797278465e-06
DQ181801	0.0	0.0	0.0	0.0	0.0	0.0	0.0	1.0	0.0	0.0
n180	0.00029208393221017955	0.025693713258950274	0.0003137627839999422	0.0034919303928650724	0.0001399021756322501	0.9567533981347444	0.0011158430949552273	0.011695915502810739	0.00036016468524558304	0.00014328603858637762
KJ734727	0.0	0.0	0.0	1.0	0.0	0.0	0.0	0.0	0.0	0.0
n184	9.480637739013423e-07	3.377429057965312e-06	1.0183904830115003e-06	5.61842535911698e-06	4.540821859132245e-07	3.5049522992201894e-06	3.621708452492595e-06	0.9999795994810488	1.3924021088567167e-06	4.650652308860672e-07
n285	8.122056069884276e-07	2.849534404667585e-06	8.724980513410967e-07	4.44516008255864e-06	3.8903467464526705e-07	1.850336495254549e-06	3.1028935281132845e-06	0.9999843315469793	9.48345784448633e-07	3.9844439266801376e-07
n289	3.9215054910734026e-07	1.3602202872051576e-06	4.1815118961623965e-07	0.00011674540299070765	1.8644806167146495e-07	5.523786706393129e-06	1.4870869041750968e-06	0.9998731510879204	5.447076446398929e-07	1.90957746284771e-07
GQ398263	0.0	0.0	0.0	0.0	0.0	0.0	0.0	1.0	0.0	0.0
n312	0.005176778260029636	0.00017683395431988228	5.435986780852914e-05	0.00027099080411068297	2.4238336941407972e-05	9.661418864681648e-05	0.00019332201284187335	0.9939051355483626	7.690242884671011e-05	2.4824598091972627e-05
GQ398259	0.0	0.0	0.0	0.0	0.0	0.0	0.0	1.0	0.0	0.0
FJ882602	0.0	0.0	0.0	0.0	0.0	0.0	0.0	0.0	1.0	0.0
n316	1.4653437805291174e-07	5.120231721244933e-07	1.5741354504869484e-07	1.431169873587746e-05	7.018865332632089e-08	2.7935630292356165e-07	5.598160585755626e-07	3.9686243223702454e-07	0.9999834942203909	7.188633090249703e-08
JQ922551	0.0	0.0	0.0	0.0	0.0	0.0	0.0	0.0	1.0	0.0
n332	0.001114942855373428	0.155226730627912	0.5635366051410389	0.005969593862567042	0.0005340492952243238	0.0021615715213151553	0.25216609261448136	0.0028231608170716273	0.015920286732316682	0.0005469665326997863
GQ868600	0.0	1.0	0.0	0.0	0.0	0.0	0.0	0.0	0.0	0.0
EF105380	1.0	0.0	0.0	0.0	0.0	0.0	0.0	0.0	0.0	0.0
EF105383	1.0	0.0	0.0	0.0	0.0	0.0	0.0	0.0	0.0	0.0
EF105389	1.0	0.0	0.0	0.0	0.0	0.0	0.0	0.0	0.0	0.0
JF260983	0.0	0.0	0.0	0.0	1.0	0.0	0.0	0.0	0.0	0.0
EF105388	1.0	0.0	0.0	0.0	0.0	0.0	0.0	0.0	0.0	0.0
EF105387	1.0	0.0	0.0	0.0	0.0	0.0	0.0	0.0	0.0	0.0
n6	1.0066947509602567e-10	0.9999999372870619	1.0814991996164563e-10	5.393518264758383e-10	4.8219886933727e-11	1.92368875609646e-10	1.262290811296787e-08	4.894156105321625e-08	1.1032273019334794e-10	4.9386198238942706e-11
M20558	0.0	1.0	0.0	0.0	0.0	0.0	0.0	0.0	0.0	0.0
n157	1.851698180375924e-09	1.3137024739031737e-08	1.989159583777911e-09	2.431212498418148e-07	8.86938759623191e-10	3.6070572025116534e-09	7.074116041669866e-09	0.999999725286547	2.1378172791517774e-09	9.083914582526682e-10
AF119661	0.0	0.0	0.0	1.0	0.0	0.0	0.0	0.0	0.0	0.0
n181	0.0	0.0	0.0	0.0	0.0	1.0	0.0	0.0	0.0	0.0
KF704355	0.0	1.0	0.0	0.0	0.0	0.0	0.0	0.0	0.0	0.0
n185	5.358066440519481e-09	1.8740377419122793e-08	5.7558690979209965e-09	2.883969722348312e-08	2.566465884832941e-09	1.0689251874593485e-08	2.0469817264150115e-08	0.9999998990177018	5.9342111112726055e-09	2.6285418946754916e-09
AJ487271	0.0	0.0	0.0	0.0	0.0	0.0	0.0	1.0	0.0	0.0
M84727	0.0	0.0	0.0	0.0	0.0	0.0	0.0	1.0	0.0	0.0
M84728	0.0	0.0	0.0	0.0	0.0	0.0	0.0	1.0	0.0	0.0
n290	2.103100141768502e-06	7.3478142747400985e-06	2.25897326269065e-06	0.0006904472186479679	1.0072468204564424e-06	4.432193397418028e-06	8.033676636319305e-06	0.9992810380445717	2.300122794758226e-06	1.0316094523195474e-06
n293	1.2687173856743165e-06	4.431743898022533e-06	1.3624694301438632e-06	0.000516979465509528	6.075074014669557e-07	0.00011100105141197567	4.845404253770761e-06	0.9993574832793132	1.3981600002158725e-06	6.222013959035301e-07
GQ398262	0.0	0.0	0.0	0.0	0.0	0.0	0.0	1.0	0.0	0.0
GU131843	1.0	0.0	0.0	0.0	0.0	0.0	0.0	0.0	0.0	0.0
n317	2.3792715661764983e-05	8.313708252945892e-05	2.5559254143002745e-05	0.0029560040447214504	1.1396539377642736e-05	4.535756712559779e-05	9.089739491203608e-05	5.977725341475081e-05	0.9966924059566443	1.1672191469807944e-05
n318	1.1949596978220344e-09	4.175456947287146e-09	1.283681812158033e-09	9.30311033216374e-09	5.723770432731781e-10	2.2780290704482418e-09	4.565208825206087e-09	3.0069572849756457e-09	0.999999973033997	5.862220790518302e-10
n333	1.498309696902481e-05	0.0012601219790573004	0.9468882014594516	8.022205621983351e-05	7.176793157988785e-06	2.8851222789336525e-05	0.05154159566779779	3.781332491959919e-05	0.0001336840188682352	7.350380769400688e-06
n336	7.625056309148344e-05	0.002455057512614718	0.008214731458688665	0.0004082585379744605	3.652346652053687e-05	0.00014588316086363266	0.9881383468967385	0.0001918342749860156	0.0002957072561158618	3.7406872405899075e-05
n104	2.157885958067214e-10	0.9999999226168943	2.318102879249839e-10	1.1553705170621673e-09	1.0336118419456443e-10	4.113734028838379e-10	7.417582453692271e-08	7.487788135151947e-10	2.349372368789347e-10	1.0586121738238458e-10
n8	2.574601037350521e-07	0.9965640088693684	2.7895460796571087e-07	1.3784854083640516e-06	1.233215368902921e-07	4.90812501951385e-07	0.0034324085615220767	6.469276546959242e-07	2.8030293771162637e-07	1.263043581244061e-07
n102	6.022157929038799e-08	0.9999989298119745	6.469285412418798e-08	3.224366457842753e-07	2.8845703095560163e-08	1.1480423071962223e-07	2.3062498226155504e-07	1.5345392894279955e-07	6.556469714293573e-08	2.954340422608475e-08
n175	3.0126048882543225e-08	1.0539124470749992e-07	3.236281871165629e-08	1.6564022639065995e-07	1.443016040307502e-08	5.743262859406925e-08	1.1509318273576157e-07	0.9999994319432892	3.2801212666760975e-08	1.4779187750181901e-08
n159	3.620866609652287e-07	1.265249197366726e-06	3.8897052697297486e-07	1.939975835343513e-06	1.7343690480104392e-07	6.902691604021129e-07	1.3833113987976183e-06	0.9999932248553993	3.942130321719994e-07	1.776318840030936e-07
n167	3.50929084760422e-08	1.226252770290366e-07	3.769845336892876e-08	1.879909052624103e-07	1.6809250610977854e-08	6.689986582447307e-08	1.3406851328469573e-07	0.9999993433924701	3.820653428827863e-08	1.7215821846759424e-08
AF204177	0.0	0.0	0.0	1.0	0.0	0.0	0.0	0.0	0.0	0.0
AF204178	0.0	0.0	0.0	1.0	0.0	0.0	0.0	0.0	0.0	0.0
M29095	0.0	0.0	0.0	0.0	0.0	1.0	0.0	0.0	0.0	0.0
DQ181804	0.0	0.0	0.0	0.0	0.0	0.0	0.0	1.0	0.0	0.0
n187	2.693463753455467e-15	9.411569332083479e-15	2.8934454862120344e-15	1.4421312418211776e-14	1.2901497529409724e-15	5.134801054399651e-15	1.029007558382168e-14	0.9999999999999497	2.9324550836433746e-15	1.3213550571830266e-15
DQ181805	0.0	0.0	0.0	0.0	0.0	0.0	0.0	1.0	0.0	0.0
n291	2.822327924568074e-05	9.861798986067218e-05	3.031862682081434e-05	0.015064174738246216	1.3518681820399053e-05	5.4030152740495696e-05	0.00010782334175755535	0.9845587145913698	3.073293522296747e-05	1.3845662915574587e-05
AB189123	0.0	0.0	0.0	0.0	0.0	0.0	0.0	1.0	0.0	0.0
n294	1.8187886473124447e-12	6.3537096181081995e-12	1.953348787297915e-12	5.671092728089442e-10	8.709728293409335e-13	1.268354476344141e-10	6.94677206936898e-12	0.9999999992852214	1.99828582279174e-12	8.920393544200382e-13
n309	0.0005778863052742641	0.0020192635432188717	0.0006207924171997022	0.35972778775225694	0.00027680327402451906	0.09275000575498218	0.002207748833045961	0.5409070460449686	0.000629167663202405	0.00028349841182650045
KF041236	0.0	0.0	0.0	0.0	0.0	0.0	0.0	0.0	1.0	0.0
AF276619	0.0	0.0	0.0	1.0	0.0	0.0	0.0	0.0	0.0	0.0
JQ955623	0.0	0.0	0.0	0.0	0.0	0.0	0.0	0.0	1.0	0.0
n320	1.2116329979024291e-08	4.233717358107131e-08	1.30159317268282e-08	7.700345646740592e-07	5.803634865322019e-09	2.3098127085768035e-08	4.628907713046328e-08	3.0429892573563934e-08	0.9999990509266616	5.948606537615089e-09
JQ922549	0.0	0.0	0.0	0.0	0.0	0.0	0.0	0.0	1.0	0.0
n334	3.93273298377457e-06	5.321788313110202e-05	0.998194675329257	2.1056524460634528e-05	1.8837507169462525e-06	7.5066311124479725e-06	0.0016977969012690075	9.882969791024171e-06	8.117963622193203e-06	1.929313655748106e-06
n335	1.757337126517598e-05	0.0011145797396699187	0.9466089219209	9.409082837905033e-05	8.417516220599274e-06	3.3752363427235895e-05	0.051948267259845984	4.429523540336799e-05	0.0001214806512529886	8.621113635571362e-06
n337	3.2916338392521383e-07	4.026527844255308e-06	1.1042019994380589e-05	1.7623970105215112e-06	1.5766688622213753e-07	6.281908794637973e-07	0.9999804275359675	8.271235428426513e-07	6.378940606786569e-07	1.6148043045779088e-07
GQ868592	0.0	0.0	0.0	0.0	0.0	0.0	1.0	0.0	0.0	0.0
GQ868603	0.0	1.0	0.0	0.0	0.0	0.0	0.0	0.0	0.0	0.0
n106	2.0644655270563877e-06	0.9976433653544925	2.217746000609573e-06	1.1053501335364077e-05	9.888641306402778e-07	3.935621363197968e-06	0.0023279291150607455	5.184917278140067e-06	2.2476326778556677e-06	1.0127821339420982e-06
n140	4.397147522620454e-08	0.999999220503341	4.723622751047475e-08	2.3543079491826803e-07	2.1062020194898814e-08	8.382560763772952e-08	1.680926495380914e-07	1.1043363925912124e-07	4.787278997238523e-08	2.1571454659104144e-08
n9	4.711595923783725e-08	0.9964567520187204	6.043196256760263e-08	2.5226689994049424e-07	2.2568205407334597e-08	8.982013675893158e-08	0.0035425830228347746	1.1834494580792471e-07	5.129626464543905e-08	2.311407050115622e-08
n96	3.3977942323168216e-05	0.9681098529200014	3.65013832275363e-05	0.00018192371144328532	1.627518985228861e-05	6.477430304103073e-05	0.03141769820391504	8.533490940016954e-05	3.6992593222639984e-05	1.6668843573323818e-05
n103	5.868986301921408e-07	0.9999895969992998	6.304741216851255e-07	3.1423555929279153e-06	2.8112022027604065e-07	1.1188420249173902e-06	2.2422319341326004e-06	1.474187914312837e-06	6.389704881427218e-07	2.8791977356999745e-07
EU482572	0.0	1.0	0.0	0.0	0.0	0.0	0.0	0.0	0.0	0.0
n176	1.7148217916004414e-07	5.992336402616461e-07	1.8421422483316864e-07	9.194202115335784e-07	8.213872969297566e-08	3.269077582619388e-07	6.551283949527497e-07	0.9999967906520236	1.8669738959760462e-07	8.412544793578607e-08
FJ639701	0.0	0.0	0.0	0.0	0.0	0.0	0.0	1.0	0.0	0.0
n160	1.724524820819963e-08	6.025879657791488e-08	1.8525657000162418e-08	9.23351519373688e-08	8.260349787132964e-09	3.2875709060632894e-08	6.588353287109014e-08	0.9999996773800969	1.8775312119381913e-08	8.460145762496046e-09
n166	1.0981453991623406e-07	3.837167179419122e-07	1.179679454632583e-07	5.879690949966e-07	5.2600374345046125e-08	2.093464123247024e-07	4.195341095108844e-07	0.9999979456204667	1.1955770082905903e-07	5.3872638034545305e-08
n168	2.2474952404708606e-08	7.853256071364822e-08	2.414365130140075e-08	1.2033606083244816e-07	1.0765340461955651e-08	4.2845425390678056e-08	8.586303007392306e-08	0.9999995795442379	2.446901544432698e-08	1.1025725524712002e-08
n172	1.1184564774062605e-08	3.908138557296225e-08	1.2014985705023255e-08	5.988437013739269e-08	5.357326037618142e-09	2.132184416899268e-08	4.272937287115078e-08	0.9999997907623437	1.2176901602985888e-08	5.4869055601089745e-09
n284	4.7595623564071307e-07	1.6630978027444472e-06	5.112945816823134e-07	2.5483510463486046e-06	2.2797961167740875e-07	9.07345511038427e-07	1.818337313424867e-06	0.9999910959591992	5.181848638368312e-07	2.3349383444663528e-07
DQ181803	0.0	0.0	0.0	0.0	0.0	0.0	0.0	1.0	0.0	0.0
DQ181802	0.0	0.0	0.0	0.0	0.0	0.0	0.0	1.0	0.0	0.0
n191	4.1335909173916974e-12	1.4443693468800433e-11	4.4404978455813565e-12	2.2131952374430136e-11	1.9799603022568582e-12	7.880126117724952e-12	1.579191959405545e-11	0.99999999992267	4.500338657823757e-12	2.0278502960178724e-12
n275	1.1550806432758e-11	4.036110751314432e-11	1.240841972619634e-11	7.2917142815807e-11	5.532753156508553e-12	2.2020033735934815e-11	4.4128557972474326e-11	0.9999999997728389	1.2575637443864947e-11	5.666575796207139e-12
n292	0.00013942230131105705	0.00048717274308184206	0.00014977398400301093	0.9192826036569287	6.678227373308233e-05	0.0002658076096141851	0.0005326471929259526	0.07885559986089684	0.00015179281751182298	6.83975599935079e-05
JN851131	0.0	0.0	0.0	0.0	0.0	0.0	0.0	1.0	0.0	0.0
n304	2.272212477722403e-08	7.939619855786218e-08	2.4409175492751825e-08	1.11588503338172e-06	1.0883734249429004e-08	2.0230980936389685e-06	8.680732434591669e-08	0.9999966009132153	2.473811721054133e-08	1.114698294421726e-08
n296	5.13924904988024e-08	1.7957688347703775e-07	5.5208230905125624e-08	2.755871572763363e-07	2.4616632943238132e-08	9.806638065614738e-08	1.9633923350529355e-07	0.9999990380487073	5.595223939657893e-08	2.521204407179716e-08
n299	1.0006247204127006e-08	3.496407125752952e-08	1.0749181532212804e-08	5.909712080760762e-07	4.792920401191515e-09	1.9075625509059838e-08	3.8227743005781394e-08	0.9999992754101156	1.089403912063792e-08	4.9088484467429656e-09
n303	2.8469036418981483e-07	9.947719636623614e-07	3.0582778366413755e-07	1.524281587313686e-06	1.3636463568713085e-07	5.427234263346843e-07	1.0876275447488586e-06	0.999994674100595	3.0994916458188647e-07	1.3966293492314875e-07
n310	0.00017280300146877263	0.0006038123420565979	0.00018563308659160847	0.9243887617925841	8.277138172642328e-05	0.010911498375458777	0.0006601743496699162	0.06272163648237816	0.00018813578591985125	8.477340214569665e-05
AY037116	0.0	0.0	0.0	0.0	0.0	1.0	0.0	0.0	0.0	0.0
n321	3.224559872110505e-05	0.00011267335180314975	3.463973927562682e-05	0.0038756387065865153	1.544540973362179e-05	6.14718267341448e-05	0.00012319068636506132	8.098407640181267e-05	0.9956478916087771	1.581899560174517e-05
n322	6.80709919625388e-09	2.3785530829535498e-08	7.31250622512619e-09	9.975900486463031e-08	3.2605515280596376e-09	1.2976804244874254e-08	2.6005757542058397e-08	1.709587327454409e-08	0.999999799628691	3.3681813552060306e-09
JX966379	0.0	0.0	1.0	0.0	0.0	0.0	0.0	0.0	0.0	0.0
AF100469	0.0	0.0	1.0	0.0	0.0	0.0	0.0	0.0	0.0	0.0
AF100465	0.0	0.0	0.0	0.0	0.0	0.0	1.0	0.0	0.0	0.0
FJ898449	0.0	0.0	1.0	0.0	0.0	0.0	0.0	0.0	0.0	0.0
AF100468	0.0	0.0	0.0	0.0	0.0	0.0	1.0	0.0	0.0	0.0
AF100467	0.0	0.0	0.0	0.0	0.0	0.0	1.0	0.0	0.0	0.0
n107	1.0102443241378577e-07	0.9999513656875033	1.085251984171138e-07	5.409020804318596e-07	4.838997610908623e-08	1.9258927270454484e-07	4.722961169909481e-05	2.537217358289635e-07	1.0998770021906424e-07	4.956040142080495e-08
n127	1.1741691129988875e-09	5.525515726757814e-05	1.2613477048932912e-09	6.286702145362638e-09	5.624185552790266e-10	2.2383929321688438e-09	0.9999447285164355	2.948898685882564e-09	1.2783458149723454e-09	5.760219699902658e-10
n141	2.2191806197498507e-09	0.9999999606647123	2.38394823239398e-09	1.188187238847173e-08	1.0629715466413454e-09	4.230564540894117e-09	8.478571529320524e-09	5.573422113565838e-09	2.416074674880928e-09	1.08868201198692e-09
EU482576	0.0	1.0	0.0	0.0	0.0	0.0	0.0	0.0	0.0	0.0
n10	5.7282313614419515e-06	0.0278086535259064	4.895484344978532e-05	3.066992990229075e-05	2.74378159920925e-06	1.092009017383502e-05	0.9720688966684427	1.4386321155574181e-05	6.236461602528834e-06	2.810146406381362e-06
n72	8.877143469751898e-10	0.9999914939166383	9.542557549221306e-10	4.752974361037098e-09	4.252087838106183e-10	1.6923060724945933e-09	8.493739458076261e-06	2.22947499806869e-09	9.664757042222415e-10	4.354934576904973e-10
n95	2.9055975465165107e-07	0.999981479934823	3.1217001370053824e-07	1.5557065951594303e-06	1.3917603147985788e-07	5.539124594448129e-07	1.4479924515686654e-05	7.297341665986077e-07	3.163393094289997e-07	1.425423309312437e-07
n97	5.154778199251596e-06	0.004154658410352445	5.537508171238149e-06	2.7599563644913106e-05	2.469101661346164e-06	9.826880097904824e-06	0.9957736666988878	1.2946106778590858e-05	5.6121295179487695e-06	2.5288226885922124e-06
EU482545	0.0	1.0	0.0	0.0	0.0	0.0	0.0	0.0	0.0	0.0
GQ398284	0.0	1.0	0.0	0.0	0.0	0.0	0.0	0.0	0.0	0.0
EU529701	0.0	1.0	0.0	0.0	0.0	0.0	0.0	0.0	0.0	0.0
n177	1.873864138158085e-07	6.547701847031788e-07	2.0129930210046498e-07	1.003300305742846e-06	8.975674370104468e-08	3.572265870176848e-07	7.158887367264392e-07	0.9999964944319621	2.0401204230236666e-07	9.192772151860613e-08
JX649148	0.0	0.0	0.0	0.0	0.0	0.0	0.0	1.0	0.0	0.0
n161	1.2692801301771127e-08	4.4351493798827025e-08	1.3635204344427351e-08	6.79594336218009e-08	6.0797604804584075e-09	2.4197090871309663e-08	4.849142103964252e-08	0.9999997625470264	1.3818954397846068e-08	6.2268137780147945e-09
n164	1.3745277814521443e-08	4.8029082739135666e-08	1.4765824132594824e-08	7.359457369944199e-08	6.5838891559728436e-09	2.6203493493970836e-08	5.25122892861963e-08	0.999999742857623	1.496481058763768e-08	6.743135990489347e-09
FM210204	0.0	0.0	0.0	0.0	0.0	0.0	0.0	1.0	0.0	0.0
FM210227	0.0	0.0	0.0	0.0	0.0	0.0	0.0	1.0	0.0	0.0
n169	2.500183607693729e-08	8.736202151053179e-08	2.6858148630069397e-08	1.3386412272982353e-07	1.1975699556428704e-08	4.766258331399255e-08	9.551670518955365e-08	0.99999953227343	2.7220093062470405e-08	1.2265359998805966e-08
FM210243	0.0	0.0	0.0	0.0	0.0	0.0	0.0	1.0	0.0	0.0
n173	1.8010651062442425e-09	6.293325372503311e-09	1.9347888757881465e-09	9.643212893231824e-09	8.626972246187626e-10	3.4334844619107835e-09	6.880766846519808e-09	0.9999999663062332	1.960862380950087e-09	8.83563584746056e-10
FM210213	0.0	0.0	0.0	0.0	0.0	0.0	0.0	1.0	0.0	0.0
AF100462	0.0	0.0	0.0	0.0	0.0	0.0	0.0	1.0	0.0	0.0
EU726767	0.0	0.0	0.0	0.0	0.0	0.0	0.0	1.0	0.0	0.0
GQ868542	0.0	0.0	0.0	0.0	0.0	0.0	0.0	1.0	0.0	0.0
DQ181799	0.0	0.0	0.0	0.0	0.0	0.0	0.0	1.0	0.0	0.0
n194	8.306863644515585e-08	2.902604407796914e-07	8.923623758174177e-08	4.447636794143452e-07	3.9789279058073405e-08	1.5835900182110723e-07	3.1735439083011194e-07	0.9999984459778594	9.043879844855681e-08	4.075167629587376e-08
n274	1.8672182171772844e-08	6.524479104789175e-08	2.0058536600031687e-08	9.997405520067275e-08	8.943840886883585e-09	3.559596325498915e-08	7.133497372987641e-08	0.9999996506866399	2.032884843538534e-08	9.160168701024167e-09
AF022434	0.0	0.0	0.0	0.0	0.0	0.0	0.0	1.0	0.0	0.0
n277	1.563568866257129e-08	5.463460190644099e-08	1.67965924078765e-08	8.371664767188526e-08	7.489382347944912e-09	2.9807303398138093e-08	5.973439149919933e-08	0.9999997074919157	1.7022945796062014e-08	7.67053066365008e-09
n281	1.7282579574793893e-08	6.038920800754639e-08	1.8565760110675325e-08	4.0476797304993566e-07	8.27823124313406e-09	3.2946875830388274e-08	6.602615316254528e-08	0.9999993644488042	1.8815955067083282e-08	8.478459723540473e-09
FJ196852	0.0	0.0	0.0	1.0	0.0	0.0	0.0	0.0	0.0	0.0
DQ645550	0.0	0.0	0.0	1.0	0.0	0.0	0.0	0.0	0.0	0.0
n305	3.2394738650703636e-08	1.1319448015500362e-07	3.4799952404535165e-08	2.370988992740362e-06	1.551684668645231e-08	4.437679057983948e-06	1.2376045870537445e-07	0.9999928205043928	3.526892177593527e-08	1.589215809555368e-08
AY858036	0.0	0.0	0.0	0.0	0.0	0.0	0.0	1.0	0.0	0.0
n297	1.2419576493167684e-07	4.3396784893402015e-07	1.3341693399999358e-07	6.649655857770135e-07	5.9488877633770474e-08	2.3676230208524889e-07	4.7447596361517045e-07	0.9999976765840864	1.3521488053866967e-07	6.092775596657521e-08
EU081180	0.0	0.0	0.0	0.0	0.0	0.0	0.0	1.0	0.0	0.0
n300	1.8797701919070212e-07	6.568338518801211e-07	2.019337581816476e-07	2.0537239177916063e-05	9.003963942535216e-08	3.583525377939567e-07	7.181450781928075e-07	0.99997695260643	2.0465504767608856e-07	9.221745974094584e-08
n302	3.106376189804846e-07	1.0854374896059703e-06	3.3370154555826986e-07	1.7149053609221583e-06	1.487931840040407e-07	5.921881715765528e-07	1.1867561158963478e-06	0.9999941369898593	3.3819855743221593e-07	1.523920968941186e-07
GU370051	0.0	0.0	0.0	0.0	0.0	0.0	0.0	1.0	0.0	0.0
JN851121	0.0	0.0	0.0	0.0	0.0	0.0	0.0	1.0	0.0	0.0
FJ196853	0.0	0.0	0.0	1.0	0.0	0.0	0.0	0.0	0.0	0.0
FJ196854	0.0	0.0	0.0	1.0	0.0	0.0	0.0	0.0	0.0	0.0
KF479233	0.0	0.0	0.0	1.0	0.0	0.0	0.0	0.0	0.0	0.0
JQ955624	0.0	0.0	0.0	0.0	0.0	0.0	0.0	0.0	1.0	0.0
n323	1.3215447048252065e-07	4.6177735057188405e-07	1.4196654995358572e-07	7.084782282866955e-07	6.330104031829895e-08	2.5193443551497777e-07	5.048813038257351e-07	3.319029001977532e-07	0.9999973387711868	6.483253394957106e-08
n324	1.8113196719013754e-09	6.329157054433369e-09	1.9458048126863093e-09	9.70018383718034e-09	8.676090877721947e-10	3.4530333889688507e-09	6.919943262272968e-09	4.549087519140487e-09	0.9999997292717953	2.3515206621378102e-07
n108	2.129593059621665e-08	0.9999990310858525	2.2877090602818594e-08	1.1402205277305108e-07	1.0200597500521983e-08	4.0597781020600493e-08	6.728037333235049e-07	5.3484253053065816e-08	2.3185385693143498e-08	1.0447322927340787e-08
FJ898450	0.0	1.0	0.0	0.0	0.0	0.0	0.0	0.0	0.0	0.0
n129	1.9458596867337256e-08	4.0959653659398946e-05	2.0903340266184218e-08	1.0418465391172422e-07	9.320527866666158e-09	3.709515538738076e-08	0.9999587697832462	4.886981664671488e-08	2.1185036801931618e-08	9.545966740806817e-09
n130	1.1093340990645988e-07	2.2549387829373773e-05	1.1916988824899482e-07	5.939564397755814e-07	5.31363050186335e-08	2.114793839549436e-07	0.9999759081326761	2.7860669673266863e-07	1.2077583946337374e-07	5.442153145116606e-08
n133	1.6962353050993878e-08	1.5935219453968397e-07	1.8221757712409655e-08	9.08193378070686e-08	8.12484504272751e-09	3.233640773032389e-08	0.9999996047938661	4.260055790058745e-08	1.8467316841115146e-08	8.321363517346372e-09
EU569708	0.0	1.0	0.0	0.0	0.0	0.0	0.0	0.0	0.0	0.0
n142	7.680912034296893e-10	0.9999999863856248	8.2511970879588e-10	4.112491601914444e-09	3.679101589141054e-10	1.4642608990339378e-09	2.934410079309185e-09	1.9290433276013044e-09	8.362391452394145e-10	3.768089308717686e-10
EU482575	0.0	1.0	0.0	0.0	0.0	0.0	0.0	0.0	0.0	0.0
n11	2.5396114413904533e-07	0.0004589801457102602	0.00011538402320024754	1.3597513782489617e-06	1.2164556042433206e-07	4.841422106857748e-07	0.9994223774318651	6.378175542251505e-07	2.764935324745358e-07	1.245878442282729e-07
EU920828	0.0	0.0	0.0	0.0	0.0	0.0	1.0	0.0	0.0	0.0
n94	2.409731767511255e-07	0.9999955940862785	2.588647340727163e-07	1.2902115806698534e-06	1.1542441751275565e-07	4.5938242601543023e-07	1.0552893668148491e-06	6.051985675587805e-07	2.6235322374759404e-07	1.182162283527274e-07
n74	2.9609383599075715e-06	0.9993090327762612	3.180779701926683e-06	1.5853370126534255e-05	1.4182681661555895e-06	5.644624291363737e-06	0.00064979669852333	7.4363283013691475e-06	3.2236439528784123e-06	1.4525723153606087e-06
n76	5.6330031138230935e-08	0.9999989562819995	6.051237301023166e-08	3.016006158606595e-07	2.6981679539049878e-08	1.0738550535245164e-07	2.6047408513152706e-07	1.4147157212828266e-07	6.132784346442085e-08	2.763429487851598e-08
EU677142	0.0	1.0	0.0	0.0	0.0	0.0	0.0	0.0	0.0	0.0
EU482546	0.0	1.0	0.0	0.0	0.0	0.0	0.0	0.0	0.0	0.0
n98	3.3840683244615445e-07	7.430135852948753e-05	3.6353259246782885e-07	1.8118880287276781e-06	1.6209443741439837e-07	6.451263736705549e-07	0.9999209932456232	8.499009503069905e-07	3.6843156000793603e-07	1.6601507238249453e-07
n99	2.948411803626391e-09	9.887665258484913e-07	3.1673233661480896e-09	1.5786300802895704e-08	1.41226803584362e-09	5.62074412390509e-09	0.9999989702371248	7.404868237064525e-09	3.2100059933893054e-09	1.4464270577938767e-09
FJ639702	0.0	0.0	0.0	0.0	0.0	0.0	0.0	1.0	0.0	0.0
FJ639697	0.0	0.0	0.0	0.0	0.0	0.0	0.0	1.0	0.0	0.0
n162	2.713203602698022e-09	9.48054172265238e-09	2.9146509640597017e-09	1.4526955895820709e-08	1.2996050002626134e-09	5.172351836358498e-09	1.03654894720799e-08	0.9999999492422333	2.953929235814996e-09	1.331039001885482e-09
FM210218	0.0	0.0	0.0	0.0	0.0	0.0	0.0	1.0	0.0	0.0
n165	1.6822400561887202e-08	5.8781239361442844e-08	1.8071414163959496e-08	9.007000836005715e-08	8.057808807606272e-09	3.2069607438144924e-08	6.426809095563487e-08	0.9999996852917773	1.8314947240603367e-08	8.252705853311607e-09
EU482449	0.0	0.0	0.0	0.0	0.0	0.0	0.0	1.0	0.0	0.0
n170	1.4861287603602177e-08	5.1928670978132904e-08	1.596469435538655e-08	7.956987432108552e-08	7.1184498136359664e-09	2.8331013621955734e-08	5.677587927552036e-08	0.9999997219796667	1.6179836961197805e-08	7.290626254130521e-09
FM210237	0.0	0.0	0.0	0.0	0.0	0.0	0.0	1.0	0.0	0.0
n174	3.004184846249385e-08	1.0497295430046244e-07	3.227236706315425e-08	1.6084919240675197e-07	1.438982921892209e-08	5.727067806790935e-08	1.1477150614503954e-07	0.9999994379864691	3.270727430237728e-08	1.4737881061542732e-08
FM210217	0.0	0.0	0.0	0.0	0.0	0.0	0.0	1.0	0.0	0.0
n195	9.849251896179602e-08	3.4415494452262855e-07	1.0580529786235068e-07	5.27345782991844e-07	4.717720778636932e-08	1.8776252575102958e-07	3.7627960075016706e-07	0.9999981574326761	1.0723114586041785e-07	4.8318299445619225e-08
AF100461	0.0	0.0	0.0	0.0	0.0	0.0	0.0	1.0	0.0	0.0
AF169680	0.0	0.0	0.0	0.0	0.0	0.0	0.0	1.0	0.0	0.0
AF169679	0.0	0.0	0.0	0.0	0.0	0.0	0.0	1.0	0.0	0.0
n278	9.740042825356948e-08	3.4033893472751754e-07	1.0463212264158661e-07	5.214985607931052e-07	4.665410419630323e-08	1.8568060407934017e-07	3.721073909213795e-07	0.9999981778631504	1.0604216075514229e-07	4.7782543365684513e-08
n280	2.172376738815202e-07	7.590771399797303e-07	2.3336693014089725e-07	1.1631276419207893e-06	1.0405528244953646e-07	4.1413393388886996e-07	8.299321213191849e-07	0.9999959359853547	2.365118177493549e-07	1.0657210403511505e-07
n282	3.772261636469853e-07	1.3181127946658509e-06	4.05234093176383e-07	5.224719026919723e-05	1.8068861769828226e-07	7.191301229000226e-07	1.441150168010857e-06	0.9999427155136859	4.1069508834560243e-07	1.8505899662173518e-07
EU687246	0.0	0.0	0.0	0.0	0.0	0.0	0.0	1.0	0.0	0.0
n306	1.32340461842262e-05	4.624272460844293e-05	1.4216635062296062e-05	0.0012008763365046196	6.33901288411366e-06	0.0022754165535449405	5.055918629151278e-05	0.9963722149475495	1.4408220559937562e-05	6.4923368104192305e-06
n308	2.3864979303313966e-07	8.338958851637715e-07	2.563688359565037e-07	1.2880451186172109e-06	1.143115334319507e-07	4.754102988356873e-07	9.117347163844097e-07	0.9999955046836915	2.5982370068358236e-07	1.1707642655461984e-07
JN851128	0.0	0.0	0.0	0.0	0.0	0.0	0.0	1.0	0.0	0.0
JN851129	0.0	0.0	0.0	0.0	0.0	0.0	0.0	1.0	0.0	0.0
n301	1.574582747617618e-07	5.501945161566301e-07	1.6914908703383825e-07	1.187913091008641e-05	7.542138047049168e-08	3.001727041234074e-07	6.015516445986577e-07	0.9999860182472937	1.7142856540005475e-07	7.724562383338223e-08
JX470186	0.0	0.0	0.0	1.0	0.0	0.0	0.0	0.0	0.0	0.0
JN851130	0.0	0.0	0.0	0.0	0.0	0.0	0.0	1.0	0.0	0.0
AY858035	0.0	0.0	0.0	0.0	0.0	0.0	0.0	1.0	0.0	0.0
FJ898454	0.0	0.0	0.0	0.0	0.0	0.0	0.0	0.0	1.0	0.0
DQ448231	0.0	0.0	0.0	0.0	0.0	0.0	0.0	0.0	1.0	0.0
n325	1.3486196427937806e-08	4.7123794095250264e-08	1.4487506717556993e-08	7.220743799642506e-08	6.459791036265435e-09	2.5709590238689337e-08	5.152249796262324e-08	3.387027083199865e-08	0.9999997243304033	1.0802511249691023e-08
n326	1.6557999506729594e-08	5.785736278970201e-08	1.7787382110652786e-08	8.865573765381607e-08	7.931162604934336e-09	3.156556296396259e-08	6.325797643606192e-08	4.1585033313580086e-08	0.9999964514524239	3.223349358620296e-06
n109	2.531501738172408e-07	0.9999954426990963	2.7194582722600935e-07	1.355409304517408e-06	1.2125711147629374e-07	4.825962066080982e-07	1.0373608542738325e-06	6.357808162280473e-07	2.756106098141194e-07	1.2418999972938603e-07
n110	3.76385486022878e-08	0.9999993321260522	4.043309977193628e-08	2.0152322321098358e-07	1.8028593916622803e-08	7.175274859108538e-08	1.445267480663229e-07	9.452834547898364e-08	4.0977982263931124e-08	1.846465783628966e-08
AF100466	0.0	0.0	0.0	0.0	0.0	0.0	1.0	0.0	0.0	0.0
GQ868595	0.0	0.0	0.0	0.0	0.0	0.0	1.0	0.0	0.0	0.0
n131	3.7079388632688993e-07	1.389214250488232e-06	3.9832423824567593e-07	1.9852938515004246e-06	1.7760760315150844e-07	7.068678653328195e-07	0.9999934550624483	9.312402811163191e-07	4.0369211517772824e-07	1.8190346049629417e-07
GQ868552	0.0	0.0	0.0	0.0	0.0	0.0	1.0	0.0	0.0	0.0
n134	4.065135273608312e-07	1.4333086720826916e-06	4.3669595722464085e-07	2.1765429155693194e-06	1.9471705415221255e-07	7.749624789151406e-07	0.9999929143023795	1.0209493345402716e-06	4.4258093717321426e-07	1.9942674378481943e-07
n135	4.897052981650433e-10	1.7329241019118527e-09	5.260644715282531e-10	2.6219658773908383e-09	2.345653136821439e-10	9.335562195621693e-10	0.9999999914579426	1.2298835453971733e-09	5.331537949245039e-10	2.402388271338953e-10
n143	6.267117684497795e-08	0.9999988891571017	6.73243267952057e-08	3.3555219394027944e-07	3.00190426988538e-08	1.1947403295439002e-07	2.3942818870844683e-07	1.573972131021132e-07	6.823159947929235e-08	3.074512380559166e-08
n144	2.3966486158281163e-09	0.9999999575195452	2.5745927035071977e-09	1.2832066376131907e-08	1.1479774396235592e-09	4.5688830196346755e-09	9.156126725591034e-09	6.019127642201087e-09	2.609288299345035e-09	1.1757439722952953e-09
n12	4.0378040769340215e-11	1.4947388384931788e-10	0.9999999808869182	2.1619093256660096e-10	1.9340790950026865e-11	7.697521598234402e-11	1.844554524033342e-08	1.0140851676248069e-10	4.396053248444672e-11	1.9808593439235406e-11
n54	2.139698535686149e-08	8.504437857619757e-06	2.141224179882372e-06	1.1456311723589889e-07	1.0249002003635512e-08	4.079042810977934e-08	0.9999890798080906	5.3738034628920136e-08	2.329540641218643e-08	1.0496898207135778e-08
n58	1.2734419569689527e-07	1.6489189407664256e-06	4.3933198803816706e-07	6.818225921838208e-07	6.099695331287883e-08	2.427643040895017e-07	0.9999962778840596	3.1982200618365166e-07	1.386426519210875e-07	6.247230800067985e-08
EU677145	0.0	1.0	0.0	0.0	0.0	0.0	0.0	0.0	0.0	0.0
FJ898460	0.0	1.0	0.0	0.0	0.0	0.0	0.0	0.0	0.0	0.0
n75	1.5789258262607457e-07	0.9999880112169425	1.6961564681875474e-07	8.453838777932846e-07	7.56294108120653e-08	3.010006285119412e-07	9.793357244098535e-06	3.9654357435763205e-07	1.7190140668878624e-07	7.745868587773732e-08
EU920833	0.0	0.0	0.0	0.0	0.0	0.0	1.0	0.0	0.0	0.0
n77	6.1153169437032785e-09	0.9999998747295012	6.569361202719369e-09	3.274245227875011e-08	2.9291928074710047e-09	1.1658015930765025e-08	4.023974934650193e-08	1.5358477255905065e-08	6.65789087420222e-09	3.0000422205196873e-09
EU482726	0.0	1.0	0.0	0.0	0.0	0.0	0.0	0.0	0.0	0.0
EU920835	0.0	0.0	0.0	0.0	0.0	0.0	1.0	0.0	0.0	0.0
EU920834	0.0	0.0	0.0	0.0	0.0	0.0	1.0	0.0	0.0	0.0
JN819419	0.0	0.0	0.0	0.0	0.0	0.0	1.0	0.0	0.0	0.0
n101	1.619269560301217e-07	5.879537498467734e-07	1.7394955471578682e-07	8.669846026408637e-07	7.756184663944386e-08	3.0869161000121047e-07	0.9999971605242831	4.0667580997174635e-07	1.7629372488213625e-07	7.943786220774678e-08
FJ850085	0.0	0.0	0.0	0.0	0.0	0.0	1.0	0.0	0.0	0.0
n163	6.281253883406718e-09	2.1948109405299042e-08	6.747618449485293e-09	3.363090701966579e-08	3.0086754074323276e-09	1.1974352026567453e-08	2.399682461543592e-08	0.9999998824922615	6.838550363598405e-09	3.081447293983089e-09
FM210220	0.0	0.0	0.0	0.0	0.0	0.0	0.0	1.0	0.0	0.0
FM210221	0.0	0.0	0.0	0.0	0.0	0.0	0.0	1.0	0.0	0.0
FM210241	0.0	0.0	0.0	0.0	0.0	0.0	0.0	1.0	0.0	0.0
n171	2.0077742123080445e-08	7.015613266215372e-08	2.1568455230188527e-08	1.0749966345046014e-07	9.617093988520256e-09	3.827547119461689e-08	7.670475757623732e-08	0.9999996243918629	2.1859114954538763e-08	9.849706011389777e-09
FM210235	0.0	0.0	0.0	0.0	0.0	0.0	0.0	1.0	0.0	0.0
FM210222	0.0	0.0	0.0	0.0	0.0	0.0	0.0	1.0	0.0	0.0
FM210234	0.0	0.0	0.0	0.0	0.0	0.0	0.0	1.0	0.0	0.0
n196	1.477205249804894e-09	5.1616863509434246e-09	1.5868833806561517e-09	7.909209423308461e-09	7.075706840251804e-10	2.8160899089567736e-09	5.6434966582410226e-09	0.9999999723649049	1.608268458125696e-09	7.246849441468692e-10
FJ906957	0.0	0.0	0.0	0.0	0.0	0.0	0.0	1.0	0.0	0.0
n279	2.143134766437344e-07	7.488593391888524e-07	2.3022561988694586e-07	1.1474709892634064e-06	1.0265461301647162e-07	4.0855935152516967e-07	8.187605543743332e-07	0.9999959906903252	2.3332817472920564e-07	1.051375561195704e-07
AF100460	0.0	0.0	0.0	0.0	0.0	0.0	0.0	1.0	0.0	0.0
FJ639828	0.0	0.0	0.0	0.0	0.0	0.0	0.0	1.0	0.0	0.0
FJ687434	0.0	0.0	0.0	0.0	0.0	0.0	0.0	1.0	0.0	0.0
n283	7.81430586670471e-06	2.7304936764606137e-05	8.394495018803503e-06	0.001206278688835861	3.7429962749025655e-06	1.4896906099971774e-05	2.9853677443297653e-05	0.9986893728437707	8.507620487557605e-06	3.833529437637323e-06
DQ181798	0.0	0.0	0.0	0.0	0.0	0.0	0.0	1.0	0.0	0.0
n307	3.229990782997994e-05	0.00011286312000634815	3.469808067557992e-05	0.004446098661013246	1.5471423405940122e-05	0.0015139010452635748	0.00012339816821261605	0.9936702582802527	3.516567719360316e-05	1.5845636146235933e-05
HM488257	0.0	0.0	0.0	0.0	0.0	1.0	0.0	0.0	0.0	0.0
JN851127	0.0	0.0	0.0	0.0	0.0	0.0	0.0	1.0	0.0	0.0
JN851126	0.0	0.0	0.0	0.0	0.0	0.0	0.0	1.0	0.0	0.0
EU482640	0.0	0.0	0.0	0.0	0.0	0.0	0.0	1.0	0.0	0.0
EU179859	0.0	0.0	0.0	0.0	0.0	0.0	0.0	1.0	0.0	0.0
KJ010185	0.0	0.0	0.0	0.0	0.0	0.0	0.0	0.0	1.0	0.0
KJ010186	0.0	0.0	0.0	0.0	0.0	0.0	0.0	0.0	1.0	0.0
n327	4.429947478372024e-09	1.5479229739759738e-08	4.758858006723625e-09	2.3718829432915178e-08	2.121912962251735e-09	8.445089396141569e-09	1.6924116532673954e-08	1.1125710771436226e-08	0.9999995995983284	3.133979773474534e-07
KJ830750	0.0	0.0	0.0	0.0	0.0	0.0	0.0	0.0	0.0	1.0
GQ398269	0.0	1.0	0.0	0.0	0.0	0.0	0.0	0.0	0.0	0.0
GQ398282	0.0	1.0	0.0	0.0	0.0	0.0	0.0	0.0	0.0	0.0
n111	4.163949600639921e-09	0.9999999261875034	4.473110571478162e-09	2.2294497954101208e-08	1.99450189305806e-09	7.938000798003813e-09	1.591463787531918e-08	1.0457663245556898e-08	4.5333908776852575e-09	2.042743609372274e-09
GQ398270	0.0	1.0	0.0	0.0	0.0	0.0	0.0	0.0	0.0	0.0
FJ898465	0.0	0.0	0.0	0.0	0.0	0.0	1.0	0.0	0.0	0.0
EU687220	0.0	0.0	0.0	0.0	0.0	0.0	1.0	0.0	0.0	0.0
JX669488	0.0	0.0	0.0	0.0	0.0	0.0	1.0	0.0	0.0	0.0
AF489932	0.0	0.0	0.0	0.0	0.0	0.0	1.0	0.0	0.0	0.0
JX669483	0.0	0.0	0.0	0.0	0.0	0.0	1.0	0.0	0.0	0.0
n137	4.4133496839765525e-07	1.5421258208221872e-06	4.7410278750711676e-07	2.362982863313889e-06	2.113962738181475e-07	8.413447969661259e-07	0.9999923213086526	1.1084025794176918e-06	4.804918674880127e-07	2.165093895824953e-07
n138	5.4842417922221745e-08	1.9163177121100204e-07	5.891430562358704e-08	2.9363568040713854e-07	2.6269123514113236e-08	1.0454957407845461e-07	0.9999990458089139	1.3773546589157285e-07	5.970824360616513e-08	2.6904504011269772e-08
EU482744	0.0	1.0	0.0	0.0	0.0	0.0	0.0	0.0	0.0	0.0
EU482590	0.0	1.0	0.0	0.0	0.0	0.0	0.0	0.0	0.0	0.0
n145	4.726689162330563e-15	0.9999999999999164	5.077631885088815e-15	2.530750176300316e-14	2.2640500933816567e-15	9.010786858882682e-15	1.8057784790744013e-14	1.187097065672072e-14	5.146058810815112e-15	2.3188114664875113e-15
n150	1.0748680343924364e-13	0.9999999999980947	1.154673814218563e-13	5.75502719581625e-13	5.148540532416254e-14	2.0490889979659443e-13	4.1064125387761114e-13	2.6995062416643326e-13	1.1702343710119098e-13	5.273070086718272e-14
n48	2.076516345511659e-10	7.261134582731005e-10	0.9999999946554835	1.111802347692987e-09	9.94636385957342e-11	3.9585946009544216e-10	1.9541688928916236e-09	5.215122839517068e-10	2.2607526893841784e-10	1.0186940048215581e-10
n14	1.4145731010645884e-11	4.942882316387371e-11	0.9999999997140153	7.573866192512126e-11	6.775703355076011e-12	2.696690277749703e-11	5.5061816886694917e-11	3.552667670290147e-11	1.5400793494713814e-11	6.939589666852665e-12
n36	3.8130569426737044e-11	1.332369429365571e-10	0.999999999231461	2.0415758681191968e-10	1.8264268350731512e-11	7.269071904502929e-11	1.460749950873157e-10	9.576404439627281e-11	4.1513657027344554e-11	1.87060326105346e-11
n55	6.358946304362195e-07	2.601328036036194e-06	7.784373038861567e-07	3.404688552211464e-06	3.045889517960501e-07	1.2122462008361743e-06	0.9999884615119016	1.5970346768006368e-06	6.923135948488829e-07	3.119561515245294e-07
n56	1.406437793512351e-07	7.856949759467139e-07	2.2502739588062736e-07	7.530308365214824e-07	6.736735817354002e-08	2.681181425809769e-07	0.9999971847748875	3.532236033319807e-07	1.5312222468208575e-07	6.899679607638552e-08
n59	7.478048990408926e-13	2.7338119904371564e-12	8.336857874452281e-13	4.003875260443084e-12	3.5819316510121456e-13	1.4255878323852678e-12	0.9999999999868378	1.878094731555563e-12	8.141529635899849e-13	3.668569087239438e-13
n69	7.568498757329536e-08	2.7218647605142187e-07	8.324583204115432e-08	4.0523036118153146e-07	3.6252564384500376e-08	1.4428308442095397e-07	0.9999986735061338	1.9008109816011395e-07	8.240004446494011e-08	3.7129417864954264e-08
AF208496	0.0	1.0	0.0	0.0	0.0	0.0	0.0	0.0	0.0	0.0
AY702039	0.0	1.0	0.0	0.0	0.0	0.0	0.0	0.0	0.0	0.0
n78	9.159347928210915e-09	0.9999994681721186	9.839402485818432e-09	4.904071452138066e-08	4.387261742838239e-09	1.7461044954088572e-08	4.044712412529699e-07	2.300349076410939e-08	9.97199974200346e-09	4.493377980246113e-09
EU920849	0.0	1.0	0.0	0.0	0.0	0.0	0.0	0.0	0.0	0.0
EU920840	0.0	0.0	0.0	0.0	0.0	0.0	1.0	0.0	0.0	0.0
FJ850088	0.0	0.0	0.0	0.0	0.0	0.0	1.0	0.0	0.0	0.0
FM210202	0.0	0.0	0.0	0.0	0.0	0.0	0.0	1.0	0.0	0.0
EU482664	0.0	0.0	0.0	0.0	0.0	0.0	0.0	1.0	0.0	0.0
FM210208	0.0	0.0	0.0	0.0	0.0	0.0	0.0	1.0	0.0	0.0
FM210236	0.0	0.0	0.0	0.0	0.0	0.0	0.0	1.0	0.0	0.0
n197	1.4792822585519818e-08	5.168943885197416e-08	1.58911460117386e-08	7.920330083187605e-08	7.085655562679492e-09	2.8200494422540337e-08	5.6514316367586485e-08	0.9999997232604891	1.6105297469043773e-08	7.257038797132537e-09
n204	3.1061702471665676e-11	1.085365528630761e-10	3.336794222311535e-11	1.6630966477092466e-10	1.4878331949988655e-11	5.921489034582608e-11	1.186677437825752e-10	0.9999999994189073	3.3817613596663636e-11	1.523819937937452e-11
AF100464	0.0	0.0	0.0	0.0	0.0	0.0	0.0	1.0	0.0	0.0
GQ868544	0.0	0.0	0.0	0.0	0.0	0.0	0.0	1.0	0.0	0.0
FJ639831	0.0	0.0	0.0	0.0	0.0	0.0	0.0	1.0	0.0	0.0
FJ196851	0.0	0.0	0.0	1.0	0.0	0.0	0.0	0.0	0.0	0.0
KC131142	0.0	0.0	0.0	1.0	0.0	0.0	0.0	0.0	0.0	0.0
EU179858	0.0	0.0	0.0	0.0	0.0	0.0	0.0	1.0	0.0	0.0
KF041233	0.0	0.0	0.0	0.0	0.0	0.0	0.0	0.0	1.0	0.0
KF360005	0.0	0.0	0.0	0.0	0.0	0.0	0.0	0.0	1.0	0.0
n112	3.402140212410928e-08	0.9999993969725802	3.65473908412521e-08	1.8215640264595017e-07	1.6296006784183292e-08	6.485715321071238e-08	1.2997502550464027e-07	8.544396562701767e-08	3.703990893929075e-08	1.6690164011646083e-08
n114	1.965223779354718e-12	0.9999999999651666	2.111135845976833e-12	1.0522144053194463e-11	9.413280476793776e-13	3.74643053469629e-12	7.507920278302374e-12	4.935614130188575e-12	2.1395858279763164e-12	9.640962790823241e-13
JX669484	0.0	0.0	0.0	0.0	0.0	0.0	1.0	0.0	0.0	0.0
KC294201	0.0	0.0	0.0	0.0	0.0	0.0	1.0	0.0	0.0	0.0
n139	8.444965976906747e-08	2.950860513266499e-07	9.071979781232131e-08	4.521579143649271e-07	4.045077929176397e-08	1.6099173403419343e-07	0.9999985306791659	2.1209336993809384e-07	9.194235135840215e-08	4.1429176467557134e-08
JX669486	0.0	0.0	0.0	0.0	0.0	0.0	1.0	0.0	0.0	0.0
EU482740	0.0	1.0	0.0	0.0	0.0	0.0	0.0	0.0	0.0	0.0
EU482587	0.0	1.0	0.0	0.0	0.0	0.0	0.0	0.0	0.0	0.0
n148	5.759866860154595e-08	0.9999989790670099	6.187519978268883e-08	3.083931177021865e-07	2.7589347754293723e-08	1.0980398928285853e-07	2.2004924083155648e-07	1.4465772581032924e-07	6.270903921722196e-08	2.825666097785559e-08
EU482588	0.0	1.0	0.0	0.0	0.0	0.0	0.0	0.0	0.0	0.0
GQ398285	0.0	1.0	0.0	0.0	0.0	0.0	0.0	0.0	0.0	0.0
n154	7.078867835289172e-10	0.9999999874527487	7.604452883690637e-10	3.790146846324781e-09	3.3907267503963707e-10	1.3494894010449432e-09	2.704401908797762e-09	1.777841306452239e-09	7.706931626623836e-10	3.47273944667957e-10
n152	3.5644486155498193e-09	0.9999999368203594	3.829098407256485e-09	1.9084667200261424e-08	1.7073452354778096e-09	6.7951341078503216e-09	1.3617575386348048e-08	8.95203036827442e-09	3.880699909342815e-09	1.7486413930733578e-09
n153	1.987463487569713e-08	0.9999996477232738	2.1350267869017173e-08	1.0641219252669212e-07	9.519807078674475e-09	3.788827498754372e-08	7.592880916146988e-08	4.991468643689859e-08	2.1637987267896795e-08	9.750065988958738e-09
n49	5.1572245350049606e-11	1.8020503640944308e-10	0.9999999989609765	2.761266174471438e-10	2.4702734385670974e-11	9.831543702657404e-11	1.9713070236260346e-10	1.2952250300921488e-10	5.614792901809631e-11	2.530022807999469e-11
FJ898461	0.0	0.0	1.0	0.0	0.0	0.0	0.0	0.0	0.0	0.0
n15	2.6600739473793795e-13	9.294894802522693e-13	0.9999999999946413	1.4242490631609336e-12	1.2741562777098068e-13	5.071067410086228e-13	1.016253129124545e-12	6.680714277914375e-13	2.8960857175515817e-13	1.3049747421611024e-13
n32	2.0774919990772062e-10	7.25922305628444e-10	0.9999999958148632	1.1123247292899607e-09	9.951037169939987e-11	3.960454551127858e-10	7.937286139884483e-10	5.217573170911753e-10	2.2618149066053366e-10	1.0191726393577872e-10
n40	1.873095884072486e-09	6.5450169908901926e-09	0.999999962266637	1.0028875553362062e-08	8.971994488328333e-10	3.5708012940934777e-09	7.1559526046560105e-09	4.7042370491067464e-09	2.0392839991576804e-09	9.189003263494244e-10
n38	2.5129848172001743e-11	8.780932394389066e-11	0.9999999994937613	1.345495028497621e-10	1.203701642873304e-11	4.790662087082131e-11	9.60057625375683e-11	6.31130332485335e-11	2.7359462862629337e-11	1.2328159963790873e-11
KJ189370	0.0	0.0	1.0	0.0	0.0	0.0	0.0	0.0	0.0	0.0
KJ189305	0.0	0.0	0.0	0.0	0.0	0.0	1.0	0.0	0.0	0.0
EU482607	0.0	0.0	0.0	0.0	0.0	0.0	1.0	0.0	0.0	0.0
n57	2.3650827553941245e-07	8.30461719847264e-07	2.55085708457699e-07	1.2663057363449115e-06	1.1328576196377629e-07	4.5087070210404086e-07	0.9999958799790004	5.939850712788733e-07	2.574921796994538e-07	1.1602584439243557e-07
GQ868553	0.0	0.0	0.0	0.0	0.0	0.0	1.0	0.0	0.0	0.0
n65	3.7107677707740853e-09	1.2966255727094212e-08	3.9862816131734564e-09	1.986808496936504e-08	1.7774310578519818e-09	7.074071578840599e-09	0.9999999354371762	9.319507547020571e-09	4.04000105060119e-09	1.8204224057967547e-09
FJ639732	0.0	0.0	0.0	0.0	0.0	0.0	1.0	0.0	0.0	0.0
n62	1.3825817974703059e-08	4.831050834765254e-08	1.4852344267690092e-08	7.402579284423193e-08	6.622467313097055e-09	2.6357032299185837e-08	0.9999997594476707	3.472322250230688e-08	1.5052496570425174e-08	6.782647251020672e-09
FJ024473	0.0	0.0	0.0	0.0	0.0	0.0	1.0	0.0	0.0	0.0
n70	5.3480938893064524e-08	1.8694486886860794e-07	5.7469450578434195e-08	2.8634608895160495e-07	2.5616984856960513e-08	1.0195410039206449e-07	0.9999990694088638	1.3431614275654133e-07	5.822596903444779e-08	2.6236591847856972e-08
GQ868555	0.0	0.0	0.0	0.0	0.0	0.0	1.0	0.0	0.0	0.0
n79	1.183816813079937e-07	0.9998471515434498	1.2717117182372967e-07	6.338357580789456e-07	5.670397341886735e-08	2.2567849537551336e-07	0.0001512024121699905	2.97312858289886e-07	1.2888494953066326e-07	5.807549229738169e-08
FJ898451	0.0	1.0	0.0	0.0	0.0	0.0	0.0	0.0	0.0	0.0
n198	3.358272336204994e-08	1.1734556509888989e-07	3.6076141475565973e-08	1.7980764156542783e-07	1.6085882814085944e-08	6.402087210808829e-08	1.2829902079849324e-07	0.9999993717448861	3.65623089467624e-08	1.6474957699440407e-08
GQ868620	0.0	0.0	0.0	0.0	0.0	0.0	0.0	1.0	0.0	0.0
n272	3.991632251859514e-09	1.3947658062500178e-08	4.287999168025951e-09	2.137188141252478e-08	1.911963123065155e-09	7.609501324350586e-09	1.5249582464773622e-08	0.9999999253257887	4.345784885310143e-09	1.958208445221619e-09
n206	7.505382278458383e-10	2.6225488482692605e-09	8.062634765703599e-10	4.018509970104407e-09	3.595024099285238e-10	1.430798550169059e-09	2.867346958920951e-09	0.999999985959165	8.171288036117157e-10	3.6819782071475114e-10
FJ810411	0.0	0.0	0.0	0.0	0.0	0.0	0.0	1.0	0.0	0.0
n113	4.9549082743759536e-08	0.9999991217454417	5.322795592773152e-08	2.6529425901038077e-07	2.3733654056843337e-08	9.445855403722326e-08	1.8929670343821185e-07	1.2444137685341755e-07	5.3945263812441596e-08	2.430770826561344e-08
EU569714	0.0	1.0	0.0	0.0	0.0	0.0	0.0	0.0	0.0	0.0
EU482728	0.0	1.0	0.0	0.0	0.0	0.0	0.0	0.0	0.0	0.0
n116	1.4362071711353222e-08	0.9999997454331294	1.5428413156227584e-08	7.689698701833741e-08	6.879328993830134e-09	2.7379326754624807e-08	5.4868681058225396e-08	3.60700113758091e-08	1.563632875645376e-08	7.045721735249725e-09
n117	3.15506271761863e-10	0.9999999944076702	3.389316814422446e-10	1.6892745121650734e-09	1.5112523364932622e-10	6.014695847029426e-10	1.2053562567904244e-09	7.923867141391151e-10	3.4349917540738304e-10	1.5478055264150417e-10
KC294222	0.0	0.0	0.0	0.0	0.0	0.0	1.0	0.0	0.0	0.0
FJ850072	0.0	0.0	0.0	0.0	0.0	0.0	1.0	0.0	0.0	0.0
GQ398291	0.0	1.0	0.0	0.0	0.0	0.0	0.0	0.0	0.0	0.0
GQ398286	0.0	1.0	0.0	0.0	0.0	0.0	0.0	0.0	0.0	0.0
GQ398308	0.0	1.0	0.0	0.0	0.0	0.0	0.0	0.0	0.0	0.0
GQ398314	0.0	1.0	0.0	0.0	0.0	0.0	0.0	0.0	0.0	0.0
GQ398297	0.0	1.0	0.0	0.0	0.0	0.0	0.0	0.0	0.0	0.0
GQ398296	0.0	1.0	0.0	0.0	0.0	0.0	0.0	0.0	0.0	0.0
EU482561	0.0	1.0	0.0	0.0	0.0	0.0	0.0	0.0	0.0	0.0
GQ398302	0.0	1.0	0.0	0.0	0.0	0.0	0.0	0.0	0.0	0.0
FJ898438	0.0	0.0	1.0	0.0	0.0	0.0	0.0	0.0	0.0	0.0
n51	4.3328918981682285e-09	1.5140095781464705e-08	0.9999999127142482	2.3199043894337172e-08	2.075424037789592e-09	8.260066197736366e-09	1.6553326654490117e-08	1.0881957923489116e-08	4.7173223715612406e-09	2.125623046379768e-09
FJ898439	0.0	0.0	1.0	0.0	0.0	0.0	0.0	0.0	0.0	0.0
n29	1.1651404348383556e-09	4.071261918566674e-09	0.9999999765283415	6.238361059113746e-09	5.580938834145485e-10	2.2211809912665604e-09	4.4512881004672425e-09	2.9262232903218686e-09	1.2685160785103364e-09	5.715926957717042e-10
n17	2.5414769091179974e-10	8.880490151767946e-10	0.9999999948802156	1.3607501815588482e-09	1.217349149860072e-10	4.844978366113396e-10	9.709426936806027e-10	6.382860555610253e-10	2.766966303788262e-10	1.2467936004004802e-10
FJ873808	0.0	0.0	1.0	0.0	0.0	0.0	0.0	0.0	0.0	0.0
n33	2.586896315133057e-09	9.03919574006788e-09	0.9999999478871858	1.3850685079459787e-08	1.2391047184828735e-09	4.931564255898658e-09	9.882946842128402e-09	6.496930344744547e-09	2.81641549041312e-09	1.269075378586385e-09
FJ850065	0.0	0.0	1.0	0.0	0.0	0.0	0.0	0.0	0.0	0.0
n41	4.1262438191996037e-13	1.4418021060407516e-12	0.9999999999916875	2.2092614754782524e-12	1.9764410950958588e-13	7.866119879196198e-13	1.5763850837293704e-12	1.0362966046203393e-12	4.492339697432915e-13	2.0242459685598682e-13
GQ868604	0.0	0.0	1.0	0.0	0.0	0.0	0.0	0.0	0.0	0.0
EU482634	0.0	0.0	1.0	0.0	0.0	0.0	0.0	0.0	0.0	0.0
EU482603	0.0	0.0	1.0	0.0	0.0	0.0	0.0	0.0	0.0	0.0
EU482693	0.0	0.0	1.0	0.0	0.0	0.0	0.0	0.0	0.0	0.0
JN819408	0.0	0.0	0.0	0.0	0.0	0.0	1.0	0.0	0.0	0.0
FJ898466	0.0	0.0	0.0	0.0	0.0	0.0	1.0	0.0	0.0	0.0
n66	8.486334104612858e-09	2.965315412880173e-08	9.116419376307175e-09	4.543728346376586e-08	4.0648929646440285e-09	1.6178036084824655e-08	0.9999998523481624	2.1313232091044966e-08	9.23927359950005e-09	4.1632119554309126e-09
FJ639733	0.0	0.0	0.0	0.0	0.0	0.0	1.0	0.0	0.0	0.0
n63	1.5290823700531677e-09	5.342956641588703e-09	1.6426122242524031e-09	8.186968393076507e-09	7.324194512930842e-10	2.9149865483074646e-09	0.9999999733958362	3.840255054482678e-09	1.6647483116901974e-09	7.501347372576007e-10
JN819407	0.0	0.0	0.0	0.0	0.0	0.0	1.0	0.0	0.0	0.0
GQ868558	0.0	0.0	0.0	0.0	0.0	0.0	1.0	0.0	0.0	0.0
GU131947	0.0	0.0	0.0	0.0	0.0	0.0	1.0	0.0	0.0	0.0
EU687216	0.0	1.0	0.0	0.0	0.0	0.0	0.0	0.0	0.0	0.0
n81	8.630758886596922e-07	0.0015280410529600465	9.271567266227888e-07	4.621055843471419e-06	4.1340713958689017e-07	1.6453362192149496e-06	0.9984599582624709	2.167595159515354e-06	9.396512291596039e-07	4.234063629617264e-07
FJ898453	0.0	1.0	0.0	0.0	0.0	0.0	0.0	0.0	0.0	0.0
n199	1.5401977700417427e-09	5.381796340371784e-09	1.6545529096418525e-09	8.246482144699778e-09	7.377436478962092e-10	2.9361765391675556e-09	5.884152503119581e-09	0.9999999711864606	1.6768499117917657e-09	7.555877120699733e-10
FJ687442	0.0	0.0	0.0	0.0	0.0	0.0	0.0	1.0	0.0	0.0
n273	6.701994004421926e-09	2.3418269723383648e-08	7.199597282963223e-09	3.588362154936277e-08	3.210206897564039e-09	1.2776435561838237e-08	2.5604214967758906e-08	0.9999998746211866	7.29662013134798e-09	3.2878532968987462e-09
FJ639704	0.0	0.0	0.0	0.0	0.0	0.0	0.0	1.0	0.0	0.0
n207	1.959383327479642e-10	6.846524664770573e-10	2.1048617577840757e-10	1.0490873275479023e-09	9.385305132617268e-11	3.7352965114511647e-10	7.485603819987115e-10	0.9999999963344469	2.133227189233917e-10	9.612310797192423e-11
n268	1.3959957430456845e-08	4.877922126126853e-08	1.499644307653606e-08	7.47439984203531e-08	6.6867191470754454e-09	2.6612750837818898e-08	5.3332448634592665e-08	0.9999997388414708	1.5198537383445205e-08	6.848453166626283e-09
EU677144	0.0	1.0	0.0	0.0	0.0	0.0	0.0	0.0	0.0	0.0
EU482554	0.0	1.0	0.0	0.0	0.0	0.0	0.0	0.0	0.0	0.0
EU569719	0.0	1.0	0.0	0.0	0.0	0.0	0.0	0.0	0.0	0.0
EU482729	0.0	1.0	0.0	0.0	0.0	0.0	0.0	0.0	0.0	0.0
n118	4.246760076832496e-09	0.999999924726429	4.56206948117035e-09	2.2737879399392905e-08	2.0341675152129845e-09	8.095867652587912e-09	1.622426965049582e-08	1.0665639843629989e-08	4.623548610932194e-09	2.0833686378321426e-09
EU482565	0.0	1.0	0.0	0.0	0.0	0.0	0.0	0.0	0.0	0.0
n52	1.806963303262442e-09	6.313934925656064e-09	0.9999999635988726	9.674790410894832e-09	8.655224185445282e-10	3.4447285675735645e-09	6.903300245747411e-09	4.538146599896398e-09	1.9672838869286664e-09	8.864571126274692e-10
GQ868515	0.0	0.0	1.0	0.0	0.0	0.0	0.0	0.0	0.0	0.0
n30	5.72886029110585e-10	2.0017922340154463e-09	0.999999988459258	3.0673297299218635e-09	2.7440828519921973e-10	1.0921289142275362e-09	2.1886466970419886e-09	1.4387900299039725e-09	6.237146333193195e-10	2.810454945670953e-10
GQ199898	0.0	0.0	1.0	0.0	0.0	0.0	0.0	0.0	0.0	0.0
n18	1.460888154452488e-10	5.104670761282693e-10	0.9999999970570527	7.821844905521029e-10	6.997549127765128e-11	2.7849835968370025e-10	5.581159029055365e-10	3.6689868571141573e-10	1.5905036486742198e-10	7.166801300997631e-11
n21	1.93041296013997e-09	6.745295705762503e-09	0.9999999611119894	1.0335760976501e-08	9.246539157897778e-10	3.680068465697335e-09	7.374925787065796e-09	4.84818756177185e-09	2.1016864618916177e-09	9.470188441208127e-10
n34	2.57171428222767e-09	8.98614631301537e-09	0.9999999481930267	1.3769397880043097e-08	1.231832633977909e-09	4.90262178519734e-09	9.824945423403502e-09	6.4588010197689354e-09	2.799886450420076e-09	1.261627401624802e-09
GU369819	0.0	0.0	1.0	0.0	0.0	0.0	0.0	0.0	0.0	0.0
EU482687	0.0	0.0	1.0	0.0	0.0	0.0	0.0	0.0	0.0	0.0
n43	3.70179457563932e-11	1.2934900236509155e-10	0.9999999992542766	1.9820040948721018e-10	1.7731329619575648e-11	7.05696540874443e-11	1.4142290192831823e-10	9.296971574697549e-11	4.0302317198289377e-11	1.816020350350556e-11
EU596500	0.0	0.0	1.0	0.0	0.0	0.0	0.0	0.0	0.0	0.0
n67	3.3333648622022005e-10	1.164752421119747e-09	3.580857367117628e-10	1.784740528300796e-09	1.5966577806066083e-10	6.354604515898198e-10	0.9999999942003528	8.371668859187653e-10	3.62911353585588e-10	1.6352767019377915e-10
HQ332189	0.0	0.0	0.0	0.0	0.0	0.0	1.0	0.0	0.0	0.0
n64	4.9113650008594595e-09	1.7161410503336593e-08	5.276019359711028e-09	2.6296287771273204e-08	2.352508491026854e-09	9.36284610412165e-09	0.9999999145482538	1.2334779759643721e-08	5.347119784652814e-09	2.4094094383991775e-09
FJ850108	0.0	0.0	0.0	0.0	0.0	0.0	1.0	0.0	0.0	0.0
n82	5.342286394483664e-10	0.00042568145554705913	5.738935395221011e-10	2.860351457513674e-09	2.558916737469273e-10	1.0184338844077046e-09	0.9995743111162425	1.3417028886544932e-09	5.816274145828362e-10	2.620810153439618e-10
EU920842	0.0	0.0	0.0	0.0	0.0	0.0	1.0	0.0	0.0	0.0
n200	1.8345149077835156e-08	6.41020640927121e-08	1.970722226388048e-08	9.82230641121647e-08	8.787194388364218e-09	3.497251935925803e-08	7.008558054432191e-08	0.9999996568046732	1.997279973476455e-08	8.999733338744135e-09
n202	1.5383182374423982e-09	5.375228832054661e-09	1.6525338272931432e-09	8.236418805872547e-09	7.368433653070825e-10	2.9325934671555455e-09	5.876971960033331e-09	0.9999999712216221	1.674803619987736e-09	7.54665654030335e-10
GU131927	0.0	0.0	0.0	0.0	0.0	0.0	0.0	1.0	0.0	0.0
FJ639710	0.0	0.0	0.0	0.0	0.0	0.0	0.0	1.0	0.0	0.0
n208	1.341448934614311e-08	4.687323347382372e-08	1.4410475596532762e-08	7.182346905374137e-08	6.425443860122091e-09	2.5572890487947555e-08	5.124854911459822e-08	0.9999997490459174	1.4604673318155768e-08	6.580858322736437e-09
n210	5.506353119974724e-17	1.9240432395296594e-16	5.915183590950632e-17	2.948195586924712e-16	2.6375035182817652e-17	1.0497109632098532e-16	2.1036403327010048e-16	0.999999999999999	5.994897488569724e-17	2.701297740262474e-17
n269	5.218980461712604e-13	1.823628789473932e-12	5.606474360793637e-13	2.794331353296503e-12	2.4998540830367176e-13	9.949272936318492e-13	1.993852837917439e-12	0.9999999999902365	5.68202804671542e-13	2.560318929884209e-13
GU131924	0.0	0.0	0.0	0.0	0.0	0.0	0.0	1.0	0.0	0.0
n119	7.696342309899248e-14	0.9999999999986359	8.267773015992861e-14	4.1207532352394903e-13	3.6864925801113995e-14	1.4672024701812385e-13	2.9403010930493317e-13	1.9329185945418878e-13	8.379190760108692e-14	3.775659068177003e-14
EU677143	0.0	1.0	0.0	0.0	0.0	0.0	0.0	0.0	0.0	0.0
GU131959	0.0	0.0	1.0	0.0	0.0	0.0	0.0	0.0	0.0	0.0
GQ868497	0.0	0.0	1.0	0.0	0.0	0.0	0.0	0.0	0.0	0.0
n31	1.5567230736919114e-09	5.439539456507837e-09	0.9999999686399415	8.334961445304898e-09	7.456591494211449e-10	2.9676797719497522e-09	5.947285568709795e-09	3.909674043241572e-09	1.6948414025646463e-09	7.63694668604493e-10
FJ850061	0.0	0.0	1.0	0.0	0.0	0.0	0.0	0.0	0.0	0.0
n19	8.065677769025948e-11	2.8183286552080547e-10	0.9999999983751758	4.3185017535359605e-10	3.8634016071295135e-11	1.5376112275021317e-10	3.081401554859004e-10	2.0256763420307739e-10	8.781295050937136e-11	3.956847055834131e-11
FJ744704	0.0	0.0	1.0	0.0	0.0	0.0	0.0	0.0	0.0	0.0
n22	1.5520744095790197e-13	5.423295981808026e-13	0.9999999999968734	8.310071702994318e-13	7.434324727649412e-14	2.958817729183405e-13	5.929525869852881e-13	3.897999030694338e-13	1.6897802914792555e-13	7.614141345396068e-14
FJ882594	0.0	0.0	1.0	0.0	0.0	0.0	0.0	0.0	0.0	0.0
n35	6.982874442678478e-09	2.439972895160352e-08	0.9999998593305673	3.738750342994446e-08	3.344746606147345e-09	1.3311895727514e-08	2.667728711862658e-08	1.7537327876183363e-08	7.602421339008322e-09	3.4256471645666154e-09
KJ189308	0.0	0.0	1.0	0.0	0.0	0.0	0.0	0.0	0.0	0.0
n44	3.672279491119203e-09	1.2831767913540122e-08	0.999999926022231	1.966201214084406e-08	1.7589954488762119e-09	7.000698934136325e-09	1.402953112913423e-08	9.222845121648509e-09	3.998097945948236e-09	1.8015408882854335e-09
n45	2.2803300733942625e-10	7.967984555321333e-10	0.9999999954062938	1.2209277016261406e-09	1.0922616948781325e-10	4.3471376165393377e-10	8.711744796863362e-10	5.726996309516461e-10	2.482649538132786e-10	1.11868061130463e-10
FJ850106	0.0	0.0	0.0	0.0	0.0	0.0	1.0	0.0	0.0	0.0
GQ868641	0.0	0.0	0.0	0.0	0.0	0.0	1.0	0.0	0.0	0.0
EU482605	0.0	0.0	0.0	0.0	0.0	0.0	1.0	0.0	0.0	0.0
HQ332186	0.0	0.0	0.0	0.0	0.0	0.0	1.0	0.0	0.0	0.0
HQ332188	0.0	0.0	0.0	0.0	0.0	0.0	1.0	0.0	0.0	0.0
n92	3.9006724985721686e-08	0.0003858784363754557	4.190285921461645e-08	2.0884867344617092e-07	1.8683940558276882e-08	7.436098986803031e-08	0.9996135791925436	9.796448884570224e-08	4.246754840439767e-08	1.913585557684928e-08
n84	1.7228477694082462e-15	4.526190302970721e-11	1.8507641324965256e-15	9.224421463794156e-15	8.2523168316146785e-16	3.2843737989287887e-15	0.9999999999547143	4.326892379476049e-15	1.875705306393582e-15	8.451918511067272e-16
GQ199892	0.0	1.0	0.0	0.0	0.0	0.0	0.0	0.0	0.0	0.0
n201	2.477525777448733e-08	8.657030559061893e-08	2.6614747557252963e-08	1.3265096524721426e-07	1.1867170180115137e-08	4.723064274226728e-08	9.465108824643437e-08	0.9999995365122053	2.6973411870763453e-08	1.2154205584430466e-08
GQ868638	0.0	0.0	0.0	0.0	0.0	0.0	0.0	1.0	0.0	0.0
n203	1.0466852484287315e-08	3.65735293809847e-08	1.1243985395589994e-08	5.60413174215559e-08	5.013547015809758e-09	1.995362368461236e-08	3.998743371997832e-08	0.9999998041893884	1.1395511022288341e-08	5.134811434613509e-09
GQ868622	0.0	0.0	0.0	0.0	0.0	0.0	0.0	1.0	0.0	0.0
n209	9.943557678121915e-08	3.474501999891995e-07	1.0681837494208491e-07	5.323950757648636e-07	4.7628925695206045e-08	1.8956033658956475e-07	3.7988244717461983e-07	0.9999981397902444	1.0825787531820128e-07	4.878094321383368e-08
FJ744724	0.0	0.0	0.0	0.0	0.0	0.0	0.0	1.0	0.0	0.0
n266	1.7654616352002737e-08	6.168918792247122e-08	1.8965419520783417e-08	9.452583385727765e-08	8.456434182073624e-09	3.36561130973131e-08	6.744747786281843e-08	0.9999996697229437	1.9221000347098876e-08	8.660972919420181e-09
n212	5.226538106536603e-10	1.8262696000274064e-09	5.614593138444672e-10	2.7983778455268746e-09	2.5034741405192124e-10	9.963680553220173e-10	1.996740151194591e-09	0.9999999902223555	5.690256234226775e-10	2.5640265469657785e-10
n259	1.5128332634192267e-11	5.28617861876377e-11	1.6251566691499768e-11	8.099967898509834e-11	7.246362461512841e-12	2.8840098473869613e-11	5.779609480612057e-11	0.9999999997169841	1.647057523172123e-11	7.421632770052024e-12
EU482468	0.0	0.0	0.0	0.0	0.0	0.0	0.0	1.0	0.0	0.0
EU482784	0.0	0.0	0.0	0.0	0.0	0.0	0.0	1.0	0.0	0.0
GU131932	0.0	0.0	0.0	0.0	0.0	0.0	0.0	1.0	0.0	0.0
n271	5.771400752634522e-10	2.0166568250845877e-09	6.199910228231161e-10	3.0901066202178405e-09	2.764459426924195e-10	1.1002386717882462e-09	2.2048988023272012e-09	0.9999999892030436	6.28346114454369e-10	2.83132437596235e-10
FJ639718	0.0	0.0	0.0	0.0	0.0	0.0	0.0	1.0	0.0	0.0
EU677146	0.0	1.0	0.0	0.0	0.0	0.0	0.0	0.0	0.0	0.0
n121	5.427124974206197e-09	0.9999999038045312	5.830072989145714e-09	2.905775483341512e-08	2.5995538066199043e-09	1.0346072000846156e-08	2.073372109924084e-08	1.3630099019963093e-08	5.908639923581961e-09	2.6624301256241503e-09
n124	7.752118851832877e-08	0.9999986259415244	8.32769080157928e-08	4.150616949243977e-07	3.713209142304601e-08	1.4778355055645438e-07	2.961609894114873e-07	1.9469267442189215e-07	8.439916006723563e-08	3.80302183322351e-08
n125	1.5977734954449222e-08	0.9999997167955942	1.7164034627613967e-08	8.554752420595962e-08	7.653220060235949e-09	3.045936790378532e-08	6.10411409203998e-08	4.012771229314133e-08	1.739533972203729e-08	7.838331176109631e-09
FJ850121	0.0	0.0	1.0	0.0	0.0	0.0	0.0	0.0	0.0	0.0
GQ199897	0.0	0.0	1.0	0.0	0.0	0.0	0.0	0.0	0.0	0.0
n20	1.1099146186552209e-09	3.8782905344953994e-09	0.9999999776408611	5.942672598878961e-09	5.316411148925638e-10	2.1159005208053517e-09	4.24030407564616e-09	2.787524928553536e-09	1.208390420106865e-09	5.44500104866394e-10
FJ850066	0.0	0.0	1.0	0.0	0.0	0.0	0.0	0.0	0.0	0.0
FJ906956	0.0	0.0	1.0	0.0	0.0	0.0	0.0	0.0	0.0	0.0
n24	1.2852028120998682e-20	4.49078678422391e-20	1.0	6.881195550628713e-20	6.156028981001096e-21	2.4500635037651878e-20	4.9099729209637824e-20	3.227757177679223e-20	1.399230841663785e-20	6.3049270115104525e-21
EU482762	0.0	0.0	1.0	0.0	0.0	0.0	0.0	0.0	0.0	0.0
KJ189309	0.0	0.0	1.0	0.0	0.0	0.0	0.0	0.0	0.0	0.0
GQ199894	0.0	0.0	1.0	0.0	0.0	0.0	0.0	0.0	0.0	0.0
JF357906	0.0	0.0	1.0	0.0	0.0	0.0	0.0	0.0	0.0	0.0
FJ205885	0.0	0.0	1.0	0.0	0.0	0.0	0.0	0.0	0.0	0.0
n46	1.4772752056616484e-11	5.161930792391914e-11	0.999999999702404	7.909583978923892e-11	7.07604192377132e-12	2.8162232702363283e-11	5.643763916730571e-11	3.7101425577268426e-11	1.608344620729298e-11	7.247192629770735e-12
JN819424	0.0	0.0	1.0	0.0	0.0	0.0	0.0	0.0	0.0	0.0
n93	1.4820451796947161e-06	0.001175169817985071	1.5920826610585965e-06	7.935123235284009e-06	7.098889756120994e-07	2.8253165737852306e-06	0.9988042230060382	3.722122237336649e-06	1.613537804807458e-06	7.270593090649089e-07
GQ199890	0.0	0.0	0.0	0.0	0.0	0.0	1.0	0.0	0.0	0.0
JX669476	0.0	0.0	0.0	0.0	0.0	0.0	1.0	0.0	0.0	0.0
n91	5.661704082756023e-08	1.9783376994296253e-07	6.082068904307821e-08	3.031373147992287e-07	2.7119155114788194e-08	1.0793265009757064e-07	0.9999990149315766	1.4219239032906403e-07	6.164031773337272e-08	2.7775095624186685e-08
n88	1.7233297476252727e-08	6.021795281273109e-08	1.851281896173942e-08	9.227002057558248e-08	8.254625472588923e-09	3.2852926245242746e-08	0.9999997001607465	4.328102856635641e-08	1.8762300475316528e-08	8.454282991949885e-09
JX669477	0.0	0.0	0.0	0.0	0.0	0.0	1.0	0.0	0.0	0.0
JX567950	0.0	0.0	0.0	0.0	0.0	0.0	1.0	0.0	0.0	0.0
JF730047	0.0	0.0	0.0	0.0	0.0	0.0	0.0	1.0	0.0	0.0
JN368476	0.0	0.0	0.0	0.0	0.0	0.0	0.0	1.0	0.0	0.0
FJ639706	0.0	0.0	0.0	0.0	0.0	0.0	0.0	1.0	0.0	0.0
GQ868623	0.0	0.0	0.0	0.0	0.0	0.0	0.0	1.0	0.0	0.0
EU687249	0.0	0.0	0.0	0.0	0.0	0.0	0.0	1.0	0.0	0.0
FJ639707	0.0	0.0	0.0	0.0	0.0	0.0	0.0	1.0	0.0	0.0
n267	3.907631527282508e-08	1.3654140696801842e-07	4.197761637518981e-08	2.0922127173919863e-07	1.8717273804996495e-08	7.449365423901001e-08	1.492866713597773e-07	0.9999992689724821	4.2543313003633344e-08	1.9169995066489834e-08
FM210214	0.0	0.0	0.0	0.0	0.0	0.0	0.0	1.0	0.0	0.0
n213	1.5075759032712278e-09	5.267808223639934e-09	1.619508965524441e-09	8.071819093575809e-09	7.221180084747136e-10	2.873987408824353e-09	5.759524326954284e-09	0.9999999717967403	1.6413337102489352e-09	7.395841298313646e-10
n253	1.5046102099720058e-08	5.2574454263064555e-08	1.6163230782489385e-08	8.055940264691367e-08	7.206974627268451e-09	2.868333719891077e-08	5.748194228969769e-08	0.9999997185222149	1.638104889480634e-08	7.381292248456238e-09
n260	1.3449409917519036e-11	4.699525377984555e-11	1.4447988917289503e-11	7.201043976226696e-11	6.442170562507069e-12	2.5639461784441212e-11	5.138195923339513e-11	0.9999999997483927	1.464269217402637e-11	6.597989599734324e-12
EU660413	0.0	0.0	0.0	0.0	0.0	0.0	0.0	1.0	0.0	0.0
KF955402	0.0	0.0	0.0	0.0	0.0	0.0	0.0	1.0	0.0	0.0
GQ868631	0.0	0.0	0.0	0.0	0.0	0.0	0.0	1.0	0.0	0.0
n122	1.7423398984842396e-08	0.999999691171285	1.8717034946389114e-08	9.32878565488307e-08	8.345682727147673e-09	3.3215328788888935e-08	6.656413789427376e-08	4.375846411431899e-08	1.896926850507898e-08	8.54754268023811e-09
EU482556	0.0	1.0	0.0	0.0	0.0	0.0	0.0	0.0	0.0	0.0
EU596490	0.0	1.0	0.0	0.0	0.0	0.0	0.0	0.0	0.0	0.0
EU529706	0.0	1.0	0.0	0.0	0.0	0.0	0.0	0.0	0.0	0.0
n126	8.098804655316343e-08	0.9999985644916708	8.700117002968695e-08	4.336238454732187e-07	3.879269147266685e-08	1.543926415605468e-07	3.094057309508026e-07	2.0339960830079417e-07	8.81736107923198e-08	3.973098389725805e-08
EU482721	0.0	1.0	0.0	0.0	0.0	0.0	0.0	0.0	0.0	0.0
FJ744744	0.0	0.0	1.0	0.0	0.0	0.0	0.0	0.0	0.0	0.0
FJ850120	0.0	0.0	1.0	0.0	0.0	0.0	0.0	0.0	0.0	0.0
EU482444	0.0	0.0	1.0	0.0	0.0	0.0	0.0	0.0	0.0	0.0
FJ906961	0.0	0.0	1.0	0.0	0.0	0.0	0.0	0.0	0.0	0.0
FJ744741	0.0	0.0	1.0	0.0	0.0	0.0	0.0	0.0	0.0	0.0
FJ410291	0.0	0.0	1.0	0.0	0.0	0.0	0.0	0.0	0.0	0.0
EU482635	0.0	0.0	1.0	0.0	0.0	0.0	0.0	0.0	0.0	0.0
EU482639	0.0	0.0	1.0	0.0	0.0	0.0	0.0	0.0	0.0	0.0
n47	4.502268213190802e-11	1.57319346024412e-10	0.9999999990930218	2.4105913638429086e-10	2.1565540737774922e-11	8.582958992501583e-11	1.7200409773119187e-10	1.130734262650709e-10	4.901726390596744e-11	2.2087154029823108e-11
HQ705625	0.0	0.0	1.0	0.0	0.0	0.0	0.0	0.0	0.0	0.0
EU920850	0.0	1.0	0.0	0.0	0.0	0.0	0.0	0.0	0.0	0.0
EU920846	0.0	0.0	0.0	0.0	0.0	0.0	1.0	0.0	0.0	0.0
HM181971	0.0	0.0	0.0	0.0	0.0	0.0	1.0	0.0	0.0	0.0
GU131881	0.0	0.0	0.0	0.0	0.0	0.0	1.0	0.0	0.0	0.0
n89	6.301039252090057e-10	2.2017246231832015e-09	6.768872823410576e-10	3.373684126552451e-09	3.018152456647262e-10	1.2012070127759819e-09	0.9999999890369621	1.5824914543675774e-09	6.860091164641346e-10	3.091153567908872e-10
JX669478	0.0	0.0	0.0	0.0	0.0	0.0	1.0	0.0	0.0	0.0
EU482649	0.0	0.0	0.0	0.0	0.0	0.0	0.0	1.0	0.0	0.0
EU482669	0.0	0.0	0.0	0.0	0.0	0.0	0.0	1.0	0.0	0.0
n214	4.876423170261032e-11	1.7039315912724459e-10	5.238483201272046e-11	2.6109203237236224e-10	2.3357716056272884e-11	9.296234279825936e-11	1.8629826741525602e-10	0.999999999087734	5.309077783361493e-11	2.3922677320865606e-11
n250	5.129579104140632e-09	1.792389950646626e-08	5.510435216228049e-09	2.7464643382112124e-08	2.457031476132e-09	9.77884146720564e-09	1.9596980538908944e-08	0.9999999040374339	5.5846946642923545e-09	2.5164605575779525e-09
n254	1.7450393745050952e-09	6.097558834448681e-09	1.874603398788684e-09	9.343239110951527e-09	8.358613023021173e-10	3.3266790609667106e-09	6.666726834215643e-09	0.9999999673543478	1.89986583419915e-09	8.560785725709672e-10
FJ410221	0.0	0.0	0.0	0.0	0.0	0.0	0.0	1.0	0.0	0.0
n261	6.168201909910681e-09	2.155308046221354e-08	6.6261727005516655e-09	3.302560742806615e-08	2.95452432570042e-09	1.175883389068756e-08	2.3564922254733712e-08	0.9999998846072027	6.715467993611755e-09	3.0259864410586283e-09
EU482776	0.0	0.0	0.0	0.0	0.0	0.0	0.0	1.0	0.0	0.0
KF955364	0.0	1.0	0.0	0.0	0.0	0.0	0.0	0.0	0.0	0.0
EU482552	0.0	1.0	0.0	0.0	0.0	0.0	0.0	0.0	0.0	0.0
EU482551	0.0	1.0	0.0	0.0	0.0	0.0	0.0	0.0	0.0	0.0
EU596489	0.0	1.0	0.0	0.0	0.0	0.0	0.0	0.0	0.0	0.0
FJ744708	0.0	0.0	1.0	0.0	0.0	0.0	0.0	0.0	0.0	0.0
FJ850050	0.0	0.0	1.0	0.0	0.0	0.0	0.0	0.0	0.0	0.0
JX286520	0.0	0.0	0.0	0.0	0.0	0.0	1.0	0.0	0.0	0.0
KC294211	0.0	0.0	0.0	0.0	0.0	0.0	1.0	0.0	0.0	0.0
JX286525	0.0	0.0	0.0	0.0	0.0	0.0	1.0	0.0	0.0	0.0
n215	6.379010650525357e-11	2.2289693467910662e-10	6.852633368101192e-11	3.415431346130398e-10	3.0555001953806247e-11	1.2160711941989697e-10	2.4370293358948277e-10	0.9999999988066345	6.944980478943476e-11	3.129404649488498e-11
n249	1.8884581589845225e-08	6.598696223727614e-08	2.028670604814637e-08	1.011112779929321e-07	9.045578679618803e-09	3.6000873715455586e-08	7.214642183856824e-08	0.9999996467131378	2.056009272906435e-08	9.264367261409013e-09
n251	1.2497461721128793e-09	4.3668933342816446e-09	1.3425361376332148e-09	6.691354639123026e-09	5.986194227082223e-10	2.38247026573272e-09	4.774514812278171e-09	0.9999999766201386	1.3606283551577805e-09	6.130984404875387e-10
EU482705	0.0	0.0	0.0	0.0	0.0	0.0	0.0	1.0	0.0	0.0
n255	8.45620377164075e-10	2.9547871966092293e-09	9.084051949064577e-10	4.527596051050537e-09	4.050460751981775e-10	1.6120596723133064e-09	3.230597625682876e-09	0.9999999841803976	9.206469990009583e-10	4.14843066578284e-10
EU482661	0.0	0.0	0.0	0.0	0.0	0.0	0.0	1.0	0.0	0.0
n262	2.129379517767546e-10	7.440529468935295e-10	2.2874796635750047e-10	1.1401061937704e-09	1.0199574650408204e-10	4.05937101368712e-10	8.135055161925008e-10	0.9999999960164233	2.3183060812008117e-10	1.0446275337192817e-10
FM210211	0.0	0.0	0.0	0.0	0.0	0.0	0.0	1.0	0.0	0.0
n216	7.44574853063282e-11	2.601711479714859e-10	7.998573388069634e-11	3.986581042129677e-10	3.566459963227983e-11	1.419430191201541e-10	2.844564555689145e-10	0.9999999986070726	8.106363357789389e-11	3.6527231803203697e-11
n222	1.4153766241720814e-14	4.9456432702214806e-14	1.5204641620144088e-14	7.578168392585183e-14	6.779552172935776e-15	2.6982220847311115e-14	5.407287341906344e-14	0.9999999999997352	1.5409541641725388e-14	6.943531577418926e-15
FJ024461	0.0	0.0	0.0	0.0	0.0	0.0	0.0	1.0	0.0	0.0
EU482676	0.0	0.0	0.0	0.0	0.0	0.0	0.0	1.0	0.0	0.0
n252	1.0564648569830612e-08	3.691525083099389e-08	1.1349042551907557e-08	5.656493438097564e-08	5.060390637000513e-09	2.0140058555237362e-08	4.036105267511372e-08	0.99999980235985	1.1501983944536773e-08	5.1827880788876114e-09
EU482464	0.0	0.0	0.0	0.0	0.0	0.0	0.0	1.0	0.0	0.0
n256	1.452735401795527e-08	5.076183215548875e-08	1.560596718637874e-08	7.778193674150943e-08	6.958498029246923e-09	2.7694414881892564e-08	5.550012353682284e-08	0.9999997282267924	1.5816275531236376e-08	7.126805659873059e-09
EU482451	0.0	0.0	0.0	0.0	0.0	0.0	0.0	1.0	0.0	0.0
n263	6.287791935252893e-09	2.1970954824357462e-08	6.754641932388521e-09	3.3665912866660584e-08	3.0118070872158927e-09	1.1986815928811625e-08	2.4021802507810845e-08	0.9999998823699497	6.845668496006219e-09	3.0846547208031606e-09
n264	2.832259023923756e-10	9.896548057932015e-10	3.0425458990019434e-10	1.516439896502322e-09	1.356631690253544e-10	5.399314724800017e-10	1.0820327330205338e-09	0.9999999947014983	3.0835477020001576e-10	1.3894450164137607e-10
n217	1.2899716237729757e-10	4.507450081437719e-10	1.3857482103815516e-10	6.906728583514906e-10	6.178871245730209e-11	2.4591545914336933e-10	4.928191630073107e-10	0.9999999975867615	1.4044227602530356e-10	6.328321770102256e-11
EU482670	0.0	0.0	0.0	0.0	0.0	0.0	0.0	1.0	0.0	0.0
n243	2.418027173139644e-14	8.449129095265327e-14	2.597558555615122e-14	1.2946530826462973e-13	1.1582176147260962e-14	4.609638317194712e-14	9.237801092943527e-14	0.9999999999995478	2.6325636427063606e-14	1.1862318301019822e-14
n224	7.165317515773851e-19	2.5037225955046298e-18	7.69732119785503e-19	3.83643348304109e-18	3.432135525217867e-19	1.365969851062136e-18	2.7374290377621162e-18	1.0	7.801051448061594e-19	3.515149790050492e-19
n238	1.8676862301642998e-10	6.526114447100247e-10	2.0063564215734544e-10	9.999911341602652e-10	8.946082635411075e-11	3.5604885282921094e-10	7.135285364012305e-10	0.999999996505991	2.0333943803988385e-10	9.162464671508974e-11
EU482658	0.0	0.0	0.0	0.0	0.0	0.0	0.0	1.0	0.0	0.0
EU482659	0.0	0.0	0.0	0.0	0.0	0.0	0.0	1.0	0.0	0.0
FJ410215	0.0	0.0	0.0	0.0	0.0	0.0	0.0	1.0	0.0	0.0
FJ410224	0.0	0.0	0.0	0.0	0.0	0.0	0.0	1.0	0.0	0.0
EU482469	0.0	0.0	0.0	0.0	0.0	0.0	0.0	1.0	0.0	0.0
FJ410259	0.0	0.0	0.0	0.0	0.0	0.0	0.0	1.0	0.0	0.0
n265	7.330938647373787e-09	2.5615943323211696e-08	7.875239209760362e-09	3.92510986805409e-08	3.511466855370308e-09	1.3975432561438052e-08	2.8007027299482093e-08	0.9999998628550865	7.981367109670868e-09	3.596399934889129e-09
EU482541	0.0	0.0	0.0	0.0	0.0	0.0	0.0	1.0	0.0	0.0
n218	1.1835273405193154e-12	4.135509889593058e-12	1.2714007531927831e-12	6.336807695216981e-12	5.669010789153101e-13	2.256233113882514e-12	4.521533207412998e-12	0.9999999999778592	1.28853433965118e-12	5.806129139967611e-13
EU482656	0.0	0.0	0.0	0.0	0.0	0.0	0.0	1.0	0.0	0.0
FM210207	0.0	0.0	0.0	0.0	0.0	0.0	0.0	1.0	0.0	0.0
FM210246	0.0	0.0	0.0	0.0	0.0	0.0	0.0	1.0	0.0	0.0
n246	3.048293912833084e-11	1.0651422397539284e-10	3.2746207409356497e-11	1.6321086689596858e-10	1.4601108473571806e-11	5.811155713532294e-11	1.1645664346699349e-10	0.9999999994297346	3.3187500191686417e-11	1.4954270601573156e-11
EU482642	0.0	0.0	0.0	0.0	0.0	0.0	0.0	1.0	0.0	0.0
n225	1.8132184454481848e-12	6.3357917949349985e-12	1.947844564566057e-12	9.708281511421417e-12	8.685185866366908e-13	3.456653141217401e-12	6.9271973132368364e-12	0.9999999999660791	1.974094008866529e-12	8.895257500873648e-13
n233	3.2481404467821235e-09	1.1349730995281103e-08	3.4893052903219665e-09	1.739109919444955e-08	1.5558358989334997e-09	6.192135816106535e-09	1.2409155572208747e-08	0.9999999392348018	3.5363276896097926e-09	1.5934674471055301e-09
n236	7.130610056599801e-09	2.491595031084027e-08	7.660036812252302e-09	3.817850516104387e-08	3.4155109020439366e-09	1.359353348341307e-08	2.724169443004337e-08	0.9999998666027712	7.763264612509338e-09	3.498123061289308e-09
n237	7.369652889659932e-11	2.5751219565982903e-10	7.916827870298016e-11	3.9458381351616064e-10	3.530010698820324e-11	1.4049235973014958e-10	2.8154930711683644e-10	0.9999999986213084	8.023516225210001e-11	3.615392304779858e-11
n239	1.9106329479891524e-08	6.676179908378319e-08	2.0524918064693505e-08	1.0229855410218274e-07	9.151794323153729e-09	3.642360576002036e-08	7.299358473391645e-08	0.9999996425647476	2.0801514926328066e-08	9.37315197994025e-09
n240	1.4265740630138818e-10	4.98476963214233e-10	1.5324929776487384e-10	7.638121394252476e-10	6.83318709917009e-11	2.7195684714520624e-10	5.450065898706696e-10	0.9999999973312096	1.5531450819230933e-10	6.998463790411872e-11
FJ432726	0.0	0.0	0.0	0.0	0.0	0.0	0.0	1.0	0.0	0.0
FJ410228	0.0	0.0	0.0	0.0	0.0	0.0	0.0	1.0	0.0	0.0
n219	3.78847790101013e-11	1.3237791210854116e-10	4.069761206095166e-11	2.0284158290544083e-10	1.8146536509981043e-11	7.222215320957914e-11	1.447345409650723e-10	0.9999999992912634	4.124605916006304e-11	1.8585453148489608e-11
EU482474	0.0	0.0	0.0	0.0	0.0	0.0	0.0	1.0	0.0	0.0
FJ410217	0.0	0.0	0.0	0.0	0.0	0.0	0.0	1.0	0.0	0.0
n247	1.0316434859859875e-08	3.6047936475698844e-08	1.108239970640211e-08	5.5235955747739525e-08	4.941498056181688e-09	1.9666873042252193e-08	3.9412780088799486e-08	0.9999998070033542	1.1231747780217004e-08	5.061019801547419e-09
n248	1.7781185547046462e-09	6.213144906837047e-09	1.910138610507794e-09	9.520350696348454e-09	8.517059915650887e-10	3.3897399968582e-09	6.7931021249466864e-09	0.9999999667355126	1.9358799237392606e-09	8.723065028863397e-10
EU677148	0.0	0.0	0.0	0.0	0.0	0.0	0.0	1.0	0.0	0.0
n227	8.550996904960913e-10	2.9879100427733935e-09	9.185883192817575e-10	4.578349915039293e-09	4.0958659806682393e-10	1.6301306875778785e-09	3.266812277044776e-09	0.9999999840030616	9.309673526813867e-10	4.194934126649027e-10
n231	2.134102536217437e-08	7.457032754359764e-08	2.2925533522080863e-08	1.142634978584512e-07	1.0222197568893594e-08	4.068374802834438e-08	8.153098923170976e-08	0.999999600758754	2.3234481436197665e-08	1.0469445444136421e-08
n234	1.152444744795899e-08	4.026900331023833e-08	1.2380103664556266e-08	6.170386164404658e-08	5.520127392480902e-09	2.1969783934078484e-08	4.402785643309956e-08	0.9999997844042318	1.2546939790748513e-08	5.65364464839991e-09
FJ461309	0.0	0.0	0.0	0.0	0.0	0.0	0.0	1.0	0.0	0.0
EU482654	0.0	0.0	0.0	0.0	0.0	0.0	0.0	1.0	0.0	0.0
FJ547067	0.0	0.0	0.0	0.0	0.0	0.0	0.0	1.0	0.0	0.0
EU482645	0.0	0.0	0.0	0.0	0.0	0.0	0.0	1.0	0.0	0.0
FJ410223	0.0	0.0	0.0	0.0	0.0	0.0	0.0	1.0	0.0	0.0
EU482467	0.0	0.0	0.0	0.0	0.0	0.0	0.0	1.0	0.0	0.0
EU482679	0.0	0.0	0.0	0.0	0.0	0.0	0.0	1.0	0.0	0.0
n241	6.490670800573995e-09	2.2679859067800372e-08	6.972583954803453e-09	3.475216099203092e-08	3.1089846036974133e-09	1.2373576756697133e-08	2.4796878414573696e-08	0.9999998785745552	7.066547537669084e-09	3.1841827039342944e-09
n242	1.5549301199780724e-08	5.4332744742287535e-08	1.6703790930886414e-08	8.325361664630596e-08	7.448003374951149e-09	2.9642617507496273e-08	5.9404357905264535e-08	0.9999997091085231	1.6928893712506312e-08	7.628150842934144e-09
n220	6.976423062024737e-09	2.43771863811181e-08	7.494401888306015e-09	3.7352961635114894e-08	3.3416564412412317e-09	1.3299597052052185e-08	2.665264034379264e-08	0.9999998694872534	7.595397567587158e-09	3.4224822567588864e-09
EU482699	0.0	0.0	0.0	0.0	0.0	0.0	0.0	1.0	0.0	0.0
FJ024452	0.0	0.0	0.0	0.0	0.0	0.0	0.0	1.0	0.0	0.0
FM210206	0.0	0.0	0.0	0.0	0.0	0.0	0.0	1.0	0.0	0.0
FJ410195	0.0	0.0	0.0	0.0	0.0	0.0	0.0	1.0	0.0	0.0
FJ205877	0.0	0.0	0.0	0.0	0.0	0.0	0.0	1.0	0.0	0.0
n228	1.1259426069505053e-12	3.934295919277085e-12	1.2095405230778912e-12	6.028489188062138e-12	5.393184059414141e-13	2.146455689834969e-12	4.3015372038080805e-12	0.9999999999789363	1.225840471835234e-12	5.523630892445562e-13
FJ461311	0.0	0.0	0.0	0.0	0.0	0.0	0.0	1.0	0.0	0.0
FJ859028	0.0	0.0	0.0	0.0	0.0	0.0	0.0	1.0	0.0	0.0
FJ024454	0.0	0.0	0.0	0.0	0.0	0.0	0.0	1.0	0.0	0.0
FJ410241	0.0	0.0	0.0	0.0	0.0	0.0	0.0	1.0	0.0	0.0
JF730049	0.0	0.0	0.0	0.0	0.0	0.0	0.0	1.0	0.0	0.0
FJ410202	0.0	0.0	0.0	0.0	0.0	0.0	0.0	1.0	0.0	0.0
FJ205879	0.0	0.0	0.0	0.0	0.0	0.0	0.0	1.0	0.0	0.0
FJ390385	0.0	0.0	0.0	0.0	0.0	0.0	0.0	1.0	0.0	0.0
GU131899	0.0	0.0	0.0	0.0	0.0	0.0	0.0	1.0	0.0	0.0
FJ562098	0.0	0.0	0.0	0.0	0.0	0.0	0.0	1.0	0.0	0.0
EU482701	0.0	0.0	0.0	0.0	0.0	0.0	0.0	1.0	0.0	0.0
FJ547064	0.0	0.0	0.0	0.0	0.0	0.0	0.0	1.0	0.0	0.0
n230	5.088069680709201e-09	1.7778856274058407e-08	5.4658438405931075e-09	2.724239483337231e-08	2.4371487610287685e-09	9.699709424811864e-09	1.943839845124595e-08	0.9999999048139795	5.539502368618769e-09	2.496096932276087e-09
FJ390387	0.0	0.0	0.0	0.0	0.0	0.0	0.0	1.0	0.0	0.0
EU482652	0.0	0.0	0.0	0.0	0.0	0.0	0.0	1.0	0.0	0.0
FJ410237	0.0	0.0	0.0	0.0	0.0	0.0	0.0	1.0	0.0	0.0
