node	American	AsianAmerican	AsianI	AsianII	Cosmopolitan	Sylvatic
root	0.23551733785698534	0.0677212189685157	0.049797729776469554	0.0654250868707955	0.09281228490623258	0.4887263416210012
n0	0.48490903650983586	0.09033613072126398	0.0628181485169228	0.12692816956871894	0.1941774864260466	0.04083102825721171
n342	0.00885556367478123	0.003095334631813325	0.002316462117863641	0.0025469671677463123	0.0034552860534396586	0.9797303863543558
n1	0.1512321014236143	0.1544579039426926	0.10652955572770557	0.22666761682505188	0.3491216749670849	0.01199114711385079
n328	0.9924950068032729	0.0013562019616939539	0.0009533935178861336	0.001792220360093785	0.0027140375506799846	0.0006891398063732688
n343	1.8560820244832462e-06	7.762281073385553e-07	5.886155078077615e-07	5.540200457985571e-07	7.162006705260643e-07	0.9999955088536441
n353	6.567953298960782e-05	2.732737023848043e-05	2.0715313281348424e-05	1.958239113468741e-05	2.5352378286719668e-05	0.9998413430140691
n2	0.1030983885897429	0.21903959778927234	0.1508725470270972	0.32362778550784926	0.19569707777449924	0.0076646033115389395
n286	0.00021185615850166447	0.00020623929925457366	0.00014299697093887563	0.000294374581701246	0.9991197033223743	2.4829667229277653e-05
n329	0.9999999974276277	4.773872858344221e-10	3.3873768413154554e-10	5.963640155344338e-10	8.941206967833924e-10	2.6576266213062874e-10
GQ398257	1.0	0.0	0.0	0.0	0.0	0.0
n344	1.9236477224526962e-07	9.581041058350669e-08	7.342969352935521e-08	5.985192222311776e-08	7.326181116079158e-08	0.9999995052813903
n349	1.9938243834177918e-07	9.433352803305977e-08	7.20867865708569e-08	6.124785169342662e-08	7.624694300965529e-08	0.9999994967024523
FJ467493	0.0	0.0	0.0	0.0	0.0	1.0
EF105379	0.0	0.0	0.0	0.0	0.0	1.0
n3	0.048738907341612056	0.9492382275642612	0.0004524737002619695	0.0009383160022161895	0.0005794680482040235	5.260734344448848e-05
n178	0.04380253425379444	0.09023241765351984	0.247438861989679	0.5340447743818394	0.08049863016256785	0.003982781558599527
n287	1.0128660811466576e-06	9.543629111403148e-07	6.641814105527053e-07	1.3350715415570005e-06	0.9999958897303286	1.4378772688608792e-07
n313	5.950180595176022e-08	4.898881439926578e-08	3.466381690470526e-08	6.2263492466951e-08	0.9999997805279217	1.4054148553857979e-08
n330	0.9999991821224085	1.9826117940489752e-07	1.5200992606291548e-07	1.2317818574231937e-07	1.5040542142583742e-07	1.9402287890739632e-07
n341	0.9999988308762121	2.834082073381444e-07	2.1729378563490728e-07	1.7607598402734984e-07	2.149938298289635e-07	2.773519810772725e-07
n340	0.9999982706606678	4.1918051681247744e-07	3.213870784915498e-07	2.6049013993348764e-07	3.1809996537018416e-07	4.101816314165604e-07
JQ922552	1.0	0.0	0.0	0.0	0.0	0.0
n345	7.418795777274794e-08	3.722097722747171e-08	2.853786601759952e-08	2.3125503511216404e-08	2.8237366989881494e-08	0.9999998086903285
n347	3.903026247624749e-08	1.958256645118851e-08	1.5014265443394844e-08	1.2166418932211855e-08	1.4855631306449454e-08	0.9999998993508553
n350	5.706920374998786e-08	2.863068945907661e-08	2.1951499450864454e-08	1.7789075733138256e-08	2.1721740109949384e-08	0.9999998528377916
n351	1.3093100724653357e-09	6.568561816867596e-10	5.036195198389632e-10	4.0812529845469966e-10	4.9835118138241e-10	0.9999999966237376
n4	5.462560413685265e-05	0.9999424968002102	6.572354720407666e-07	1.1685931044605169e-06	7.968974052332185e-07	2.548696713082499e-07
n155	0.05822138234702639	0.9413637653569653	9.313118562506362e-05	0.00018830360298332797	0.00011815728258647762	1.5260224813508012e-05
n179	0.00099151270119713	0.001919841748677324	0.005186643668439342	0.9900728887866483	0.0017074660004046077	0.00012164709463331466
n183	0.00011702900249986419	0.00019817913235951594	0.9983884181852459	0.0010997619596669307	0.00017495623226174216	2.165548796614091e-05
n288	1.2496042196061913e-07	6.611998021448683e-08	5.0177170888067486e-08	4.6771862868171984e-08	0.9999996533248555	5.86457085771043e-08
n311	4.988755616089888e-08	2.5632123791437814e-08	1.9561502742669565e-08	1.6925399614972812e-08	0.9999998639744849	2.401893280505198e-08
n314	4.54979198030231e-11	3.101879379789206e-11	2.2542650779116655e-11	3.289557447357178e-11	0.9999999998521952	1.5849878947472422e-11
JX475906	0.0	0.0	0.0	0.0	1.0	0.0
n331	0.9999994785222125	1.2641193697278752e-07	9.692215308469212e-08	7.8537061152294e-08	9.589589142458736e-08	1.2371074492664522e-07
EU056812	1.0	0.0	0.0	0.0	0.0	0.0
HM582107	1.0	0.0	0.0	0.0	0.0	0.0
HM582115	1.0	0.0	0.0	0.0	0.0	0.0
JQ922553	1.0	0.0	0.0	0.0	0.0	0.0
JQ922550	1.0	0.0	0.0	0.0	0.0	0.0
n346	5.325739766947613e-09	2.6721278516924588e-09	2.0487653360366523e-09	1.6601356291284788e-09	2.0270703610388417e-09	0.9999999862661612
EF105378	0.0	0.0	0.0	0.0	0.0	1.0
n348	3.2280102841283765e-08	1.619615738009678e-08	1.2417865746774684e-08	1.006232832693382e-08	1.2286376212592342e-08	0.9999999167571695
EF457904	0.0	0.0	0.0	0.0	0.0	1.0
EF105385	0.0	0.0	0.0	0.0	0.0	1.0
EF105384	0.0	0.0	0.0	0.0	0.0	1.0
n352	2.1783655582182666e-10	1.0929572432132433e-10	8.379881708524658e-11	6.790365417885265e-11	8.291250724492028e-11	0.9999999994382528
EU003591	0.0	0.0	0.0	0.0	0.0	1.0
n5	6.356531536818774e-08	0.9999999309180242	1.297983296185092e-09	1.7752273184189317e-09	1.4510148948074168e-09	9.924350927287681e-10
JN819418	0.0	1.0	0.0	0.0	0.0	0.0
n156	0.05458404706823804	0.9453736357365093	9.594679437003727e-06	1.8047584659561282e-05	1.1861261424794251e-05	2.8136697309585672e-06
DQ181801	1.0	0.0	0.0	0.0	0.0	0.0
n180	1.1439531522187704e-07	1.9330207060693183e-07	5.031416218726338e-07	0.9999989972568962	1.7062885500021103e-07	2.1275240962557806e-08
KJ734727	0.0	0.0	0.0	1.0	0.0	0.0
n184	2.1758546555898046e-07	3.208350590252581e-07	0.9999974467420433	1.6815974987171669e-06	2.807481473551767e-07	5.249178601782856e-08
n285	6.614971671920269e-08	7.416914671081559e-08	0.999999441168967	3.3305497456547514e-07	6.349829779573599e-08	2.195889722770538e-08
n289	7.907631333659341e-09	3.968360524500936e-09	3.042488013364412e-09	2.466783326501026e-09	0.9999999787325842	3.882152545127916e-09
GQ398263	0.0	0.0	0.0	0.0	1.0	0.0
n312	3.623264896030583e-08	1.8184623919914424e-08	1.3941653191232577e-08	1.1306545823744366e-08	0.9999999025478746	1.7786653597778128e-08
GQ398259	0.0	0.0	0.0	0.0	1.0	0.0
FJ882602	0.0	0.0	0.0	0.0	1.0	0.0
n316	1.9456725772343136e-09	9.762232060399806e-10	7.484860849468856e-10	6.065137039622493e-10	0.9999999947677487	9.553555974097688e-10
JQ922551	0.0	0.0	0.0	0.0	1.0	0.0
n332	0.9999998229892534	4.290935630098035e-08	3.28993251643272e-08	2.6658655937056678e-08	3.255093468467224e-08	4.19924745707516e-08
GQ868600	1.0	0.0	0.0	0.0	0.0	0.0
EF105380	0.0	0.0	0.0	0.0	0.0	1.0
EF105383	0.0	0.0	0.0	0.0	0.0	1.0
EF105389	0.0	0.0	0.0	0.0	0.0	1.0
JF260983	0.0	0.0	0.0	0.0	0.0	1.0
EF105388	0.0	0.0	0.0	0.0	0.0	1.0
EF105387	0.0	0.0	0.0	0.0	0.0	1.0
n6	3.091403027562773e-14	0.9999999999999346	8.421413256469384e-15	6.932402876774705e-15	8.357233724511511e-15	1.064945552585185e-14
M20558	0.0	1.0	0.0	0.0	0.0	0.0
n157	9.789671689286357e-07	0.9999990195536628	3.4877736872437337e-10	4.667765735090614e-10	3.8753753018463994e-10	2.7607676874572425e-10
AF119661	1.0	0.0	0.0	0.0	0.0	0.0
n181	0.0	0.0	0.0	1.0	0.0	0.0
KF704355	0.0	0.0	0.0	1.0	0.0	0.0
n185	3.1010880349991086e-11	1.7280697555931907e-11	0.9999999999007199	2.2790594659915432e-11	1.341295160840006e-11	1.4784912341998747e-11
AJ487271	0.0	0.0	1.0	0.0	0.0	0.0
M84727	0.0	0.0	1.0	0.0	0.0	0.0
M84728	0.0	0.0	1.0	0.0	0.0	0.0
n290	5.848378552445564e-09	2.934357793949591e-09	2.2498212893238764e-09	1.8230551168633242e-09	0.9999999842727326	2.8716546499472324e-09
n293	1.1492037000786959e-10	5.7660043673966914e-11	4.4208914417540186e-11	3.582305845807577e-11	0.9999999996909599	5.6427844161727486e-11
GQ398262	0.0	0.0	0.0	0.0	1.0	0.0
GU131843	0.0	0.0	0.0	0.0	1.0	0.0
n317	3.412211743086585e-08	1.712037952778149e-08	1.3126482912401535e-08	1.0636522077572177e-08	0.9999999082399449	1.675455318587921e-08
n318	7.14039782472304e-11	3.5826123734095476e-11	2.7468491613981516e-11	2.2257996689071864e-11	0.9999999998079829	3.506059548015732e-11
n333	0.9999999935562629	1.5620329034204927e-09	1.1976368991329448e-09	9.704572880284426e-10	1.1849544030611037e-09	1.5286555836825433e-09
n336	0.9999996599047936	8.244282726013547e-08	6.321030227971292e-08	5.121994701887433e-08	6.254093043707336e-08	8.068119945066134e-08
n104	4.4474557956679294e-13	0.9999999999988579	1.7108961094149589e-13	1.3863564648750505e-13	1.6927784146843236e-13	2.1837760995807833e-13
n8	1.103972157248092e-09	0.9999999971649491	4.2468851951956097e-10	3.441294011572962e-10	4.2019123779957194e-10	5.420695347249632e-10
n102	1.7038385328136506e-09	0.9999999956244651	6.554518913602312e-10	5.311192952028984e-10	6.485109179099465e-10	8.366143306734233e-10
n175	4.411985577315929e-09	0.9999999934957768	5.132478565626881e-10	4.164694462859651e-10	5.079463616511821e-10	6.545739372205077e-10
n159	2.202818349421164e-08	0.9999999454123338	7.987855755395743e-09	6.4728782505773575e-09	7.903322413621056e-09	1.019542618647553e-08
n167	2.1448076436575255e-09	0.9999999946439109	7.878278522449474e-10	6.384031115958027e-10	7.794892743659391e-10	1.0055613601380945e-09
AF204177	0.0	0.0	0.0	1.0	0.0	0.0
AF204178	0.0	0.0	0.0	1.0	0.0	0.0
M29095	0.0	0.0	0.0	1.0	0.0	0.0
DQ181804	0.0	0.0	1.0	0.0	0.0	0.0
n187	4.78374047994719e-19	2.4001893010261953e-19	1.0	1.4912040732343978e-19	1.8207782918780917e-19	2.348899129230063e-19
DQ181805	0.0	0.0	1.0	0.0	0.0	0.0
n291	4.05162969032866e-09	2.032858533772774e-09	1.558626827961318e-09	1.2629710872087267e-09	0.9999999891044932	1.9894206620212245e-09
AB189123	0.0	0.0	0.0	0.0	1.0	0.0
n294	8.88719011168543e-17	4.4590452842863484e-17	3.418825014813144e-17	2.7703084995000466e-17	0.9999999999999998	4.363764949720981e-17
n309	2.0336135618839375e-09	1.0203421805730666e-09	7.823135111093555e-10	6.33916548001216e-10	0.9999999945312745	9.98539638656831e-10
KF041236	0.0	0.0	0.0	0.0	1.0	0.0
AF276619	0.0	0.0	0.0	0.0	1.0	0.0
JQ955623	0.0	0.0	0.0	0.0	1.0	0.0
n320	4.965894271619136e-10	2.491580250699035e-10	1.9103364845072852e-10	1.5479649676506477e-10	0.9999999986645883	2.4383404819506277e-10
JQ922549	0.0	0.0	0.0	0.0	1.0	0.0
n334	0.9999996798758536	7.760162212861172e-08	5.94984688804003e-08	4.8212210886739214e-08	5.886840386929104e-08	7.594344057277055e-08
n335	0.9999999330235573	1.6235828057786575e-08	1.2448282444955887e-08	1.0086969122192514e-08	1.2316460107947459e-08	1.5888902956337575e-08
n337	0.9999999691223113	7.485092150818756e-09	5.7389460450236784e-09	4.650326003287189e-09	5.678172899568751e-09	7.325151657207829e-09
GQ868592	1.0	0.0	0.0	0.0	0.0	0.0
GQ868603	0.0	1.0	0.0	0.0	0.0	0.0
n106	1.9980458884961774e-10	0.9999999994868927	7.686309352829724e-11	6.228294180212197e-11	7.60491440806995e-11	9.810752924313366e-11
n140	1.3560662770623738e-09	0.9999999965175601	5.216669431097707e-10	4.227119982600532e-10	5.161426986293158e-10	6.658521343208359e-10
n9	1.2953052530989898e-13	0.9999999999996674	4.9829270382885214e-14	4.037716158481842e-14	4.930159832025817e-14	6.360174144502363e-14
n96	4.531089361430244e-09	0.999999988363956	1.7430708042190472e-09	1.4124278957908995e-09	1.7246123808966015e-09	2.2248437064898588e-09
n103	1.734051000634344e-08	0.9999999554687794	6.670743900547203e-09	5.4053712264729265e-09	6.6001033881313605e-09	8.514492095671566e-09
EU482572	0.0	1.0	0.0	0.0	0.0	0.0
n176	9.435492154310096e-09	0.9999999761567779	3.5346696297238635e-09	2.864225076587793e-09	3.497249619158866e-09	4.511585515635593e-09
FJ639701	0.0	1.0	0.0	0.0	0.0	0.0
n160	1.0151156846537451e-09	0.9999999973935416	3.904068754633987e-10	3.163506869729204e-10	3.862726338582652e-10	4.983126330428275e-10
n166	6.422123540508439e-09	0.9999999835088608	2.470249008260326e-09	2.0016678866924857e-09	2.4440900906210213e-09	3.153008886350381e-09
n168	1.2999173184059128e-09	0.9999999966622152	4.999535325807629e-10	4.051174576781263e-10	4.946592372360402e-10	6.381372339987091e-10
n172	6.569639728141344e-10	0.9999999983129914	2.527026760665977e-10	2.0476754590470044e-10	2.500266585981262e-10	3.2254796362216864e-10
n284	1.592708016793193e-08	7.991229016798548e-09	0.9999999572343123	4.964777900693542e-09	6.062127108544204e-09	7.820473455243608e-09
DQ181803	0.0	0.0	1.0	0.0	0.0	0.0
DQ181802	0.0	0.0	1.0	0.0	0.0	0.0
n191	3.978156069739998e-15	1.9959939852545733e-15	0.9999999999999892	1.2400679303618748e-15	1.514156235676302e-15	1.9533438405651932e-15
n275	6.525640962951864e-14	3.2741651869968176e-14	0.9999999999998248	2.0341680772070053e-14	2.4837738345655355e-14	3.2042032432264634e-14
n292	1.0602434643775142e-08	5.31964945748607e-09	4.078664711104176e-09	3.3049832523846096e-09	0.9999999714882881	5.20597986685878e-09
JN851131	0.0	0.0	0.0	0.0	1.0	0.0
n304	2.691145557194001e-10	1.350251285127399e-10	1.0352603704047157e-10	8.388819450289267e-11	0.9999999992763062	1.3213992880256344e-10
n296	1.6218748257933026e-09	8.13757012135228e-10	6.239211879165616e-10	5.055696466576729e-10	0.9999999956385086	7.963687561755595e-10
n299	1.500672431168493e-10	7.529451067125774e-11	5.77295677223617e-11	4.677885239409078e-11	0.9999999995964441	7.368562717853739e-11
n303	9.342435568622105e-09	4.687459434897653e-09	3.593953987884082e-09	2.9122172526724333e-09	0.9999999748766354	4.587298400044391e-09
n310	1.0655417251914725e-08	5.3462328707983664e-09	4.0990466612070904e-09	3.3214989525565504e-09	0.9999999713458091	5.231995249254214e-09
AY037116	0.0	0.0	0.0	0.0	1.0	0.0
n321	4.955528022117254e-08	2.48637910441583e-08	1.9063486781730485e-08	1.5447336078593954e-08	0.9999998667376012	2.4332504730976037e-08
n322	1.0107102594231032e-09	5.071122307113147e-10	3.888114764900393e-10	3.150578704370045e-10	0.9999999972820319	4.96276321298073e-10
JX966379	1.0	0.0	0.0	0.0	0.0	0.0
AF100469	1.0	0.0	0.0	0.0	0.0	0.0
AF100465	1.0	0.0	0.0	0.0	0.0	0.0
FJ898449	1.0	0.0	0.0	0.0	0.0	0.0
AF100468	1.0	0.0	0.0	0.0	0.0	0.0
AF100467	1.0	0.0	0.0	0.0	0.0	0.0
n107	8.910955903121885e-10	0.9999999977116257	3.427967500407119e-10	2.7777167236811036e-10	3.391666694321119e-10	4.375434377578052e-10
n127	1.471001874560013e-17	1.0	5.658816712652633e-18	4.5853963951275914e-18	5.598892104809116e-18	7.222875122944716e-18
n141	6.451577157052536e-11	0.9999999998343204	2.4818658134080687e-11	2.0110809612451838e-11	2.4555838461451657e-11	3.1678366259982615e-11
EU482576	0.0	1.0	0.0	0.0	0.0	0.0
n10	1.1939432488014336e-10	0.99999999969339	4.592996193357805e-11	3.7217512524778684e-11	4.5443581989342825e-11	5.862469068950081e-11
n72	7.343649580731518e-13	0.9999999999981142	2.8250383427783066e-13	2.289157131403286e-13	2.7951223155538566e-13	3.6058597059337116e-13
n95	7.181115646071758e-09	0.9999999815585674	2.7625129468741758e-09	2.238492170945796e-09	2.7332590386085246e-09	3.5260527163172335e-09
n97	6.233158132476838e-10	0.9999999983992964	2.397841907796122e-10	1.9429955410130525e-10	2.3724497201194733e-10	3.0605890849672505e-10
EU482545	0.0	1.0	0.0	0.0	0.0	0.0
GQ398284	0.0	1.0	0.0	0.0	0.0	0.0
EU529701	0.0	1.0	0.0	0.0	0.0	0.0
n177	1.0770955615072123e-08	0.9999999723397985	4.143467767511604e-09	3.357493836586726e-09	4.0995901023730475e-09	5.28869403543539e-09
JX649148	0.0	1.0	0.0	0.0	0.0	0.0
n161	7.63152214690162e-10	0.999999998040191	2.935779284478285e-10	2.378891636654979e-10	2.9046905550595284e-10	3.747208689407599e-10
n164	8.120639324531736e-10	0.9999999979145832	3.1239382632310504e-10	2.531358759578055e-10	3.090857005429712e-10	3.9873735287009834e-10
FM210204	0.0	1.0	0.0	0.0	0.0	0.0
FM210227	0.0	1.0	0.0	0.0	0.0	0.0
n169	1.4744194454888264e-09	0.9999999962136251	5.671960208309608e-10	4.596046704308105e-10	5.611896416505538e-10	7.239651389691858e-10
FM210243	0.0	1.0	0.0	0.0	0.0	0.0
n173	9.369609087208697e-11	0.9999999997593845	3.604403129570772e-11	2.920684299918712e-11	3.5662339411542804e-11	4.600635611426891e-11
FM210213	0.0	1.0	0.0	0.0	0.0	0.0
AF100462	0.0	0.0	1.0	0.0	0.0	0.0
EU726767	0.0	0.0	1.0	0.0	0.0	0.0
GQ868542	0.0	0.0	1.0	0.0	0.0	0.0
DQ181799	0.0	0.0	1.0	0.0	0.0	0.0
n194	2.820129013495725e-09	1.414967248619604e-09	0.999999992427692	8.790885746590842e-10	1.0733907509755631e-09	1.384732409070895e-09
n274	6.481743679194966e-10	3.252140230506484e-10	0.9999999982595918	2.0204844476905595e-10	2.467065755554925e-10	3.182648913194942e-10
AF022434	0.0	0.0	1.0	0.0	0.0	0.0
n277	5.258242779394863e-10	2.6382627470335505e-10	0.9999999985881131	1.6390956328695846e-10	2.0013797733282468e-10	2.5818886854277333e-10
n281	5.072380608264318e-10	2.54500854353842e-10	0.9999999986380187	1.581158811426206e-10	1.9306373588879698e-10	2.4906271258490384e-10
FJ196852	0.0	0.0	0.0	0.0	1.0	0.0
DQ645550	0.0	0.0	0.0	0.0	1.0	0.0
n305	4.467086978386518e-11	2.2413094368746738e-11	1.7184496422023622e-11	1.3924771192791082e-11	0.9999999998798725	2.1934174229294583e-11
AY858036	0.0	0.0	0.0	0.0	1.0	0.0
n297	4.11257873771859e-09	2.0634390105536134e-09	1.5820733947101698e-09	1.2819700671186232e-09	0.9999999889405911	2.019347709172964e-09
EU081180	0.0	0.0	0.0	0.0	1.0	0.0
n300	7.641497102993827e-11	3.834033152176653e-11	2.939617703005449e-11	2.3820019454377874e-11	0.9999999997945075	3.752108021193175e-11
n302	1.010030137021813e-08	5.067709871305159e-09	3.885498392972092e-09	3.148458631743981e-09	0.999999972838608	4.959423693665501e-09
GU370051	0.0	0.0	0.0	0.0	1.0	0.0
JN851121	0.0	0.0	0.0	0.0	1.0	0.0
FJ196853	0.0	0.0	0.0	0.0	1.0	0.0
FJ196854	0.0	0.0	0.0	0.0	1.0	0.0
KF479233	0.0	0.0	0.0	0.0	1.0	0.0
JQ955624	0.0	0.0	0.0	0.0	1.0	0.0
n323	2.231959698820272e-08	1.1198600698607178e-08	8.58615550672163e-09	6.957448616509568e-09	0.9999999399788877	1.095931042837459e-08
n324	1.0374625371241033e-10	5.2053487789934816e-11	3.991028458468064e-11	3.2339707107658824e-11	0.9999999997210091	5.0941215507438694e-11
n108	5.536521530763096e-10	0.9999999985781957	2.1298518452000215e-10	1.725840483806376e-10	2.107297565203104e-10	2.718528393728778e-10
FJ898450	0.0	1.0	0.0	0.0	0.0	0.0
n129	4.3083454526074985e-10	0.9999999988935973	1.6573831531240273e-10	1.342994325772683e-10	1.6398321277876977e-10	2.1154725720521932e-10
n130	2.6580499954411454e-09	0.9999999931740063	1.0225287946534811e-09	8.285654204764576e-10	1.0117006232989805e-09	1.3051487914220128e-09
n133	3.944052830633702e-10	0.9999999989871493	1.5172429389493873e-10	1.229437293354226e-10	1.5011759424841024e-10	1.9365985568498776e-10
EU569708	0.0	1.0	0.0	0.0	0.0	0.0
n142	2.3149070044551487e-11	0.999999999940552	8.905246602058638e-12	7.216011357197763e-12	8.810943598891034e-12	1.1366596129872859e-11
EU482575	0.0	1.0	0.0	0.0	0.0	0.0
n11	2.298550530501147e-13	0.9999999999994097	8.842324664451552e-14	7.16502507498918e-14	8.748687979460934e-14	1.128628299712666e-13
EU920828	0.0	1.0	0.0	0.0	0.0	0.0
n94	7.3774993318627805e-09	0.9999999810542453	2.8380600486464943e-09	2.2997087513228518e-09	2.808006126760099e-09	3.622480522643208e-09
n74	1.46270554300305e-09	0.9999999962437054	5.626901444235798e-10	4.5595351304535004e-10	5.56731480633215e-10	7.182138691638387e-10
n76	1.7236594639598742e-09	0.9999999955735638	6.630768560030197e-10	5.372978803873521e-10	6.560551370494351e-10	8.463467843226109e-10
EU677142	0.0	1.0	0.0	0.0	0.0	0.0
EU482546	0.0	1.0	0.0	0.0	0.0	0.0
n98	3.651772435535401e-09	0.9999999906220818	1.404805204289281e-09	1.1383278601693713e-09	1.3899288785063053e-09	1.7930837978825292e-09
n99	3.0370718922180536e-12	0.9999999999922008	1.1683352331791968e-12	9.467138517743506e-13	1.155963029901878e-12	1.4912551368065214e-12
FJ639702	0.0	1.0	0.0	0.0	0.0	0.0
FJ639697	0.0	1.0	0.0	0.0	0.0	0.0
n162	1.612290903740005e-10	0.9999999995859563	6.202343358312359e-11	5.025821531375736e-11	6.136663020473441e-11	7.916628832763017e-11
FM210218	0.0	1.0	0.0	0.0	0.0	0.0
n165	1.003942199882382e-09	0.9999999974218308	3.8620786218253986e-10	3.1294813544029796e-10	3.8211807524257255e-10	4.929530857229556e-10
EU482449	0.0	1.0	0.0	0.0	0.0	0.0
n170	8.725023121409992e-10	0.9999999977593743	3.3564407674038806e-10	2.719757888766831e-10	3.320897400840204e-10	4.284138142573969e-10
FM210237	0.0	1.0	0.0	0.0	0.0	0.0
n174	1.753891862541849e-09	0.9999999954959257	6.747069962448676e-10	5.467219006113306e-10	6.675621187534444e-10	8.611914161407225e-10
FM210217	0.0	1.0	0.0	0.0	0.0	0.0
n195	3.3673016809513456e-09	1.6895048318593939e-09	0.9999999909584827	1.049652842472395e-09	1.2816543011971402e-09	1.65340370827659e-09
AF100461	0.0	0.0	1.0	0.0	0.0	0.0
AF169680	0.0	0.0	1.0	0.0	0.0	0.0
AF169679	0.0	0.0	1.0	0.0	0.0	0.0
n278	3.3001013685159796e-09	1.6557878491476055e-09	0.9999999911389219	1.0287052097248332e-09	1.2560766792211232e-09	1.6204071857474325e-09
n280	7.393422177778007e-09	3.709564415922267e-09	0.9999999801479756	2.304672209325357e-09	2.8140666422375185e-09	3.6302989170067067e-09
n282	6.431542253297732e-10	3.2269522433120474e-10	0.9999999982730712	2.0048356955495545e-10	2.4479582090611284e-10	3.157999139695644e-10
EU687246	0.0	0.0	1.0	0.0	0.0	0.0
n306	1.3114434720816481e-09	6.580016561410136e-10	5.045009368009519e-10	4.088022097929331e-10	0.9999999964733103	6.439415607461437e-10
n308	7.979441185599053e-09	4.003592702985451e-09	3.069621862460414e-09	2.487345630237388e-09	0.9999999785419542	3.918044445164475e-09
JN851128	0.0	0.0	0.0	0.0	1.0	0.0
JN851129	0.0	0.0	0.0	0.0	1.0	0.0
n301	1.6185619410307537e-09	8.120948103653708e-10	6.226467498627683e-10	5.045369566176137e-10	0.9999999956474176	7.947420721209418e-10
JX470186	0.0	0.0	0.0	0.0	1.0	0.0
JN851130	0.0	0.0	0.0	0.0	1.0	0.0
AY858035	0.0	0.0	0.0	0.0	1.0	0.0
FJ898454	0.0	0.0	0.0	0.0	1.0	0.0
DQ448231	0.0	0.0	0.0	0.0	1.0	0.0
n325	2.400852463242e-09	1.2046000690032902e-09	9.235871332706994e-10	7.483919919188338e-10	0.9999999935437079	1.1788603284953672e-09
n326	1.5133060903102548e-11	7.592838996650523e-12	5.821557363934764e-12	4.717266790233567e-12	0.9999999999593047	7.430596182191836e-12
n109	7.565481851384589e-09	0.9999999805714974	2.910375294571978e-09	2.3583065262318825e-09	2.8795555831268743e-09	3.714783210170961e-09
n110	1.1570043886329105e-09	0.9999999970287599	4.450895599957474e-10	3.606605704952627e-10	4.4037623940376706e-10	5.681092839051694e-10
AF100466	0.0	1.0	0.0	0.0	0.0	0.0
GQ868595	0.0	1.0	0.0	0.0	0.0	0.0
n131	9.455621258695607e-09	0.9999999757175332	3.637495541820757e-09	2.9474994140495765e-09	3.5989759174991612e-09	4.642874543028557e-09
GQ868552	0.0	1.0	0.0	0.0	0.0	0.0
n134	1.0189810927387712e-08	0.9999999738321006	3.9199319437930165e-09	3.1763604861109325e-09	3.878421430830146e-09	5.00337444348622e-09
n135	1.705749733478647e-12	0.9999999999956195	6.561871379191058e-13	5.317150721661941e-13	6.492383783270445e-13	8.375527950702048e-13
n143	1.943305552687743e-09	0.9999999950095027	7.475728025587518e-10	6.057658001687523e-10	7.396563052939352e-10	9.541968352002928e-10
n144	7.576638746876377e-11	0.9999999998054286	2.914667255565511e-11	2.3617843456183575e-11	2.8838020939684622e-11	3.720261439960508e-11
n12	1.6497167496111078e-14	0.9999999999999577	6.34631734689979e-15	5.142485109960183e-15	6.279112382050309e-15	8.100396251524394e-15
n54	3.029258486704586e-10	0.9999999992220727	1.1653294838006944e-10	9.442782626636401e-11	1.1529891102082602e-10	1.487418618764993e-10
n58	3.1333322439880925e-09	0.9999999919534598	1.205365756170546e-09	9.767200589474093e-10	1.1926014144513625e-09	1.5385206442236129e-09
EU677145	0.0	1.0	0.0	0.0	0.0	0.0
FJ898460	0.0	1.0	0.0	0.0	0.0	0.0
n75	3.1439509902657766e-09	0.9999999919261903	1.2094506958258094e-09	9.800301268504177e-10	1.1966430962279322e-09	1.5437346333865355e-09
EU920833	0.0	1.0	0.0	0.0	0.0	0.0
n77	1.7077323682954428e-10	0.9999999995614467	6.569498403486813e-11	5.323330976561009e-11	6.499930040426505e-11	8.385263032583166e-11
EU482726	0.0	1.0	0.0	0.0	0.0	0.0
EU920835	0.0	1.0	0.0	0.0	0.0	0.0
EU920834	0.0	1.0	0.0	0.0	0.0	0.0
JN819419	0.0	1.0	0.0	0.0	0.0	0.0
n101	4.187171020231158e-09	0.9999999892471539	1.610768399265707e-09	1.3052219194277701e-09	1.5937110055464677e-09	2.0559738176124825e-09
FJ850085	0.0	1.0	0.0	0.0	0.0	0.0
n163	3.767650943117827e-10	0.9999999990324501	1.4493826617794657e-10	1.1744494246693173e-10	1.4340342785338785e-10	1.8499821611092553e-10
FM210220	0.0	1.0	0.0	0.0	0.0	0.0
FM210221	0.0	1.0	0.0	0.0	0.0	0.0
FM210241	0.0	1.0	0.0	0.0	0.0	0.0
n171	1.1900261813130316e-09	0.9999999969439585	4.577927574222889e-10	3.709540998043182e-10	4.5294491504549055e-10	5.84323558608371e-10
FM210235	0.0	1.0	0.0	0.0	0.0	0.0
FM210222	0.0	1.0	0.0	0.0	0.0	0.0
FM210234	0.0	1.0	0.0	0.0	0.0	0.0
n196	4.804205268062803e-11	2.410454655593343e-11	0.9999999998710025	1.4975633885046716e-11	1.8285651031739614e-11	2.3589483682058425e-11
FJ906957	0.0	0.0	1.0	0.0	0.0	0.0
n279	7.315766405561068e-09	3.6706015266971995e-09	0.9999999803564886	2.2804654082231554e-09	2.7845094882000152e-09	3.5921685818250097e-09
AF100460	0.0	0.0	1.0	0.0	0.0	0.0
FJ639828	0.0	0.0	1.0	0.0	0.0	0.0
FJ687434	0.0	0.0	1.0	0.0	0.0	0.0
n283	4.168106627208594e-09	2.0912994895023876e-09	0.999999988808247	1.2992791806350606e-09	1.586454761932982e-09	2.046612868963936e-09
DQ181798	0.0	0.0	1.0	0.0	0.0	0.0
n307	1.2977882988804059e-08	6.511503302755932e-09	4.9924791002636215e-09	4.045456290873139e-09	0.9999999651003121	6.372366331372475e-09
HM488257	0.0	0.0	0.0	0.0	1.0	0.0
JN851127	0.0	0.0	0.0	0.0	1.0	0.0
JN851126	0.0	0.0	0.0	0.0	1.0	0.0
EU482640	0.0	0.0	0.0	0.0	1.0	0.0
EU179859	0.0	0.0	0.0	0.0	1.0	0.0
KJ010185	0.0	0.0	0.0	0.0	1.0	0.0
KJ010186	0.0	0.0	0.0	0.0	1.0	0.0
n327	4.970097822261069e-10	2.493689333814476e-10	1.911953554004936e-10	1.5492752954134757e-10	0.9999999986634579	2.4404044984476064e-10
KJ830750	0.0	0.0	0.0	0.0	1.0	0.0
GQ398269	0.0	1.0	0.0	0.0	0.0	0.0
GQ398282	0.0	1.0	0.0	0.0	0.0	0.0
n111	1.215771589841926e-10	0.9999999996877843	4.676967929373687e-11	3.789794399158853e-11	4.627440707819086e-11	5.969650021063884e-11
GQ398270	0.0	1.0	0.0	0.0	0.0	0.0
FJ898465	0.0	1.0	0.0	0.0	0.0	0.0
EU687220	0.0	1.0	0.0	0.0	0.0	0.0
JX669488	0.0	1.0	0.0	0.0	0.0	0.0
AF489932	0.0	1.0	0.0	0.0	0.0	0.0
JX669483	0.0	1.0	0.0	0.0	0.0	0.0
n137	1.1093935740990786e-08	0.999999971510267	4.2677409231032114e-09	3.4581936185317172e-09	4.222547252026558e-09	5.447315456556917e-09
n138	1.3281420946237586e-09	0.9999999965892705	5.109247521579403e-10	4.1400749232400347e-10	5.055142631873125e-10	6.521408749300857e-10
EU482744	0.0	1.0	0.0	0.0	0.0	0.0
EU482590	0.0	1.0	0.0	0.0	0.0	0.0
n145	5.729581844636435e-19	1.0	2.2041204746008646e-19	1.7860211050949663e-19	2.1807797194947653e-19	2.813324366624513e-19
n150	2.7247933139923933e-16	0.9999999999999992	1.0482043708038287e-16	8.49370599421269e-17	1.0371043053573134e-16	1.3379209220034763e-16
n48	6.677880641334197e-11	0.999999999828509	2.5689228023305113e-11	2.0816241195494768e-11	2.541718936341051e-11	3.278955573915489e-11
n14	4.670513669114957e-12	0.9999999999880059	1.796706126929007e-12	1.4558891400569832e-12	1.7776797269705964e-12	2.293303467211006e-12
n36	6.406197528972687e-12	0.9999999999835486	2.4644086638127316e-12	1.996935256429425e-12	2.438311560788534e-12	3.145554439114957e-12
n55	1.6014700397056476e-08	0.9999999588735189	6.160716435666972e-09	4.992090815089937e-09	6.095476910305248e-09	7.863496512124464e-09
n56	3.5587477988606117e-09	0.9999999908609731	1.3690194328495818e-09	1.109330287763543e-09	1.3545220640869152e-09	1.7474070828708454e-09
n59	4.3422899498068897e-16	0.999999999999999	1.6704413069834143e-16	1.3535754798680216e-16	1.652752001015476e-16	2.1321399107294938e-16
n69	1.9417176751229255e-09	0.9999999950135806	7.469619598224621e-10	6.052708281236761e-10	7.39051931138143e-10	9.534171596907269e-10
AF208496	0.0	1.0	0.0	0.0	0.0	0.0
AY702039	0.0	1.0	0.0	0.0	0.0	0.0
n78	2.5578780269697035e-10	0.9999999993431251	9.839935066209583e-11	7.973398869767689e-11	9.73573408568836e-11	1.255962612151834e-10
EU920849	0.0	1.0	0.0	0.0	0.0	0.0
EU920840	0.0	1.0	0.0	0.0	0.0	0.0
FJ850088	0.0	1.0	0.0	0.0	0.0	0.0
FM210202	0.0	1.0	0.0	0.0	0.0	0.0
EU482664	0.0	1.0	0.0	0.0	0.0	0.0
FM210208	0.0	1.0	0.0	0.0	0.0	0.0
FM210236	0.0	1.0	0.0	0.0	0.0	0.0
n197	5.090600842222526e-10	2.5541503360555975e-10	0.9999999986331263	1.5868384095664424e-10	1.937572300700121e-10	2.499573577710655e-10
n204	1.9107370610482638e-13	9.58690311389567e-14	0.9999999999994867	5.956135735304905e-14	7.272601640068709e-14	9.38205139192088e-14
AF100464	0.0	0.0	1.0	0.0	0.0	0.0
GQ868544	0.0	0.0	1.0	0.0	0.0	0.0
FJ639831	0.0	0.0	1.0	0.0	0.0	0.0
FJ196851	0.0	0.0	1.0	0.0	0.0	0.0
KC131142	0.0	0.0	0.0	0.0	1.0	0.0
EU179858	0.0	0.0	0.0	0.0	1.0	0.0
KF041233	0.0	0.0	0.0	0.0	1.0	0.0
KF360005	0.0	0.0	0.0	0.0	1.0	0.0
n112	1.0538908046585584e-09	0.9999999972935605	4.0542265797564605e-10	3.285180787403761e-10	4.0112939402600334e-10	5.174787202460452e-10
n114	9.136666425016949e-15	0.9999999999999766	3.5147963818389256e-15	2.8480750441794778e-15	3.477576092593548e-15	4.486262170647344e-15
JX669484	0.0	1.0	0.0	0.0	0.0	0.0
KC294201	0.0	1.0	0.0	0.0	0.0	0.0
n139	2.0848901808969283e-09	0.9999999946459069	8.020391818490225e-10	6.499004579841998e-10	7.935459073911352e-10	1.0237173508821228e-09
JX669486	0.0	1.0	0.0	0.0	0.0	0.0
EU482740	0.0	1.0	0.0	0.0	0.0	0.0
EU482587	0.0	1.0	0.0	0.0	0.0	0.0
n148	1.772672812967811e-09	0.9999999954476955	6.819318665441958e-10	5.52576286060448e-10	6.747104805630439e-10	8.704131913995921e-10
EU482588	0.0	1.0	0.0	0.0	0.0	0.0
GQ398285	0.0	1.0	0.0	0.0	0.0	0.0
n154	2.2218636473691388e-11	0.9999999999429415	8.547316871862268e-12	6.925977278009135e-12	8.456804201516292e-12	1.0909737059280027e-11
n152	1.1192528746921105e-10	0.9999999997125707	4.305668797931789e-11	3.488926958971062e-11	4.260073485815878e-11	5.495726337749265e-11
n153	6.235168823477987e-10	0.9999999983987804	2.3986154031966475e-10	1.943622312156441e-10	2.373215024512779e-10	3.061576369229995e-10
n49	8.564834828861734e-12	0.999999999978005	3.294817723136411e-12	2.669824112961971e-12	3.259926919987873e-12	4.20548290844425e-12
FJ898461	0.0	1.0	0.0	0.0	0.0	0.0
n15	4.7142892128092077e-14	0.999999999999879	1.8135461991645757e-14	1.4695348208492256e-14	1.7943414695701274e-14	2.314798020753785e-14
n32	6.799905433261604e-11	0.9999999998253755	2.615864682137654e-11	2.119661599358092e-11	2.5881637203980174e-11	3.338871869688979e-11
n40	6.139807244046819e-10	0.9999999984232696	2.361930630133972e-10	1.9138962696462544e-10	2.336918728538378e-10	3.0147521746677616e-10
n38	4.31719894031013e-12	0.9999999999889133	1.66078901310581e-12	1.3457541285505071e-12	1.6432019210731832e-12	2.1198197885435227e-12
KJ189370	0.0	1.0	0.0	0.0	0.0	0.0
KJ189305	0.0	1.0	0.0	0.0	0.0	0.0
EU482607	0.0	1.0	0.0	0.0	0.0	0.0
n57	6.056510133117802e-09	0.9999999844466058	2.329886953535545e-09	1.8879309545243616e-09	2.3052143816711532e-09	2.9738518440327432e-09
GQ868553	0.0	1.0	0.0	0.0	0.0	0.0
n65	9.638288676522651e-11	0.9999999997524844	3.707766114192799e-11	3.004440369305798e-11	3.668502352588417e-11	4.732567423154229e-11
FJ639732	0.0	1.0	0.0	0.0	0.0	0.0
n62	3.6359157928063544e-10	0.9999999990662801	1.398705291268536e-10	1.133385038976139e-10	1.383893561127054e-10	1.7852979104352202e-10
FJ024473	0.0	1.0	0.0	0.0	0.0	0.0
n70	1.38612695246801e-09	0.9999999964403627	5.332310243880815e-10	4.320824902372825e-10	5.275843209076513e-10	6.806124489283177e-10
GQ868555	0.0	1.0	0.0	0.0	0.0	0.0
n79	1.6515725676443027e-12	0.9999999999957588	6.35345651802085e-13	5.148270052499409e-13	6.286175952201857e-13	8.109508640934967e-13
FJ898451	0.0	1.0	0.0	0.0	0.0	0.0
n198	1.1801382081648102e-09	5.921207524218688e-10	0.9999999968312195	3.678718279736962e-10	4.4918137838905716e-10	5.794683917680083e-10
GQ868620	0.0	0.0	1.0	0.0	0.0	0.0
n272	1.0408578189338382e-10	5.22238421438533e-11	0.9999999997205201	3.2445544586455074e-11	3.961688102131478e-11	5.110792975126831e-11
n206	2.6346227336517224e-11	1.3218916094781306e-11	0.9999999999292578	8.21262691389925e-12	1.0027837950244187e-11	1.2936455983055424e-11
FJ810411	0.0	0.0	1.0	0.0	0.0	0.0
n113	1.5392197663866683e-09	0.9999999960472135	5.921245029738275e-10	4.798044713715706e-10	5.858541410877627e-10	7.557836840081793e-10
EU569714	0.0	1.0	0.0	0.0	0.0	0.0
EU482728	0.0	1.0	0.0	0.0	0.0	0.0
n116	4.475638508318147e-10	0.999999998850636	1.7217393416468532e-10	1.3951427959991358e-10	1.703506809989439e-10	2.197616372901888e-10
n117	9.174516406231607e-12	0.9999999999764395	3.5293569415482838e-12	2.859873612924962e-12	3.491982461793676e-12	4.504847169922143e-12
KC294222	0.0	1.0	0.0	0.0	0.0	0.0
FJ850072	0.0	1.0	0.0	0.0	0.0	0.0
GQ398291	0.0	1.0	0.0	0.0	0.0	0.0
GQ398286	0.0	1.0	0.0	0.0	0.0	0.0
GQ398308	0.0	1.0	0.0	0.0	0.0	0.0
GQ398314	0.0	1.0	0.0	0.0	0.0	0.0
GQ398297	0.0	1.0	0.0	0.0	0.0	0.0
GQ398296	0.0	1.0	0.0	0.0	0.0	0.0
EU482561	0.0	1.0	0.0	0.0	0.0	0.0
GQ398302	0.0	1.0	0.0	0.0	0.0	0.0
FJ898438	0.0	1.0	0.0	0.0	0.0	0.0
n51	1.4026341332672016e-09	0.9999999963979717	5.395811937658863e-10	4.372280966868304e-10	5.338672445291383e-10	6.887177618858616e-10
FJ898439	0.0	1.0	0.0	0.0	0.0	0.0
n29	3.829934235416471e-10	0.9999999990164553	1.4733425044898553e-10	1.193864327460989e-10	1.4577403960838112e-10	1.880564341209841e-10
n17	8.458602162127912e-11	0.9999999997827792	3.253950937013327e-11	2.6367093429871377e-11	3.2194928968003287e-11	4.153320820885707e-11
FJ873808	0.0	1.0	0.0	0.0	0.0	0.0
n33	8.441546018656821e-10	0.9999999978321725	3.2473895864537643e-10	2.6313926142908866e-10	3.213001028321415e-10	4.144945957705634e-10
FJ850065	0.0	1.0	0.0	0.0	0.0	0.0
n41	7.219987820740434e-14	0.9999999999998147	2.777466735545455e-14	2.2506093770948253e-14	2.748054472632992e-14	3.545139630361658e-14
GQ868604	0.0	1.0	0.0	0.0	0.0	0.0
EU482634	0.0	1.0	0.0	0.0	0.0	0.0
EU482603	0.0	1.0	0.0	0.0	0.0	0.0
EU482693	0.0	1.0	0.0	0.0	0.0	0.0
JN819408	0.0	1.0	0.0	0.0	0.0	0.0
FJ898466	0.0	1.0	0.0	0.0	0.0	0.0
n66	2.2191585247244892e-10	0.9999999994301099	8.536910499514239e-11	6.917544889283007e-11	8.446508028493263e-11	1.0896454436468688e-10
FJ639733	0.0	1.0	0.0	0.0	0.0	0.0
n63	3.6353709506892646e-11	0.999999999906642	1.3984956952284991e-11	1.1332152011857989e-11	1.3836861846253307e-11	1.7850303834767897e-11
JN819407	0.0	1.0	0.0	0.0	0.0	0.0
GQ868558	0.0	1.0	0.0	0.0	0.0	0.0
GU131947	0.0	1.0	0.0	0.0	0.0	0.0
EU687216	0.0	1.0	0.0	0.0	0.0	0.0
n81	6.820852651742535e-11	0.9999999998248372	2.623922895527691e-11	2.1261912511397487e-11	2.5961366005281455e-11	3.349157318394207e-11
FJ898453	0.0	1.0	0.0	0.0	0.0	0.0
n199	5.405970167776305e-11	2.712383262543138e-11	0.9999999998548449	1.685145107439322e-11	2.057607418090448e-11	2.654425403223355e-11
FJ687442	0.0	0.0	1.0	0.0	0.0	0.0
n273	1.9739851950819518e-10	9.904243341118253e-11	0.9999999994699666	6.15329236087574e-11	7.513335173050132e-11	9.692610733676477e-11
FJ639704	0.0	0.0	1.0	0.0	0.0	0.0
n207	6.708913367694462e-12	3.3661200050372466e-12	0.9999999999819861	2.0912976185466075e-12	2.5535305383256614e-12	3.294193182452987e-12
n268	4.895604269186122e-10	2.456313051619607e-10	0.9999999986854847	1.5260542189731572e-10	1.8633531720831086e-10	2.403826867879616e-10
EU677144	0.0	1.0	0.0	0.0	0.0	0.0
EU482554	0.0	1.0	0.0	0.0	0.0	0.0
EU569719	0.0	1.0	0.0	0.0	0.0	0.0
EU482729	0.0	1.0	0.0	0.0	0.0	0.0
n118	1.3252779037401097e-10	0.9999999996596625	5.098229227503151e-11	4.131146688150756e-11	5.0442410171284636e-11	6.507345073761993e-11
EU482565	0.0	1.0	0.0	0.0	0.0	0.0
n52	5.915258250337523e-10	0.9999999984809346	2.275548578527711e-10	1.8439000198731463e-10	2.2514514283421862e-10	2.904494712145474e-10
GQ868515	0.0	1.0	0.0	0.0	0.0	0.0
n30	1.8897139273722627e-10	0.999999999514713	7.269565688041778e-11	5.8906025751918e-11	7.192583892170112e-11	9.278824148053402e-11
GQ199898	0.0	1.0	0.0	0.0	0.0	0.0
n18	4.829529543812795e-11	0.9999999998759754	1.8578781556584976e-11	1.5054574534097865e-11	1.8382039683588908e-11	2.3713830281804197e-11
n21	6.301713344661165e-10	0.9999999983816913	2.424214503722571e-10	1.9643655221295832e-10	2.3985430407929923e-10	3.094250886845142e-10
n34	8.254975379302184e-10	0.9999999978800846	3.1756174785911484e-10	2.5732349496455376e-10	3.1419889584024484e-10	4.053336527903271e-10
GU369819	0.0	1.0	0.0	0.0	0.0	0.0
EU482687	0.0	1.0	0.0	0.0	0.0	0.0
n43	1.2414603631550369e-11	0.9999999999681187	4.77579041374017e-12	3.869871257375244e-12	4.725216701563505e-12	6.095786367258367e-12
EU596500	0.0	1.0	0.0	0.0	0.0	0.0
n67	1.3091259399961368e-12	0.9999999999966381	5.036094022948166e-13	4.080797903688467e-13	4.982763799561803e-13	6.428036121726877e-13
HQ332189	0.0	1.0	0.0	0.0	0.0	0.0
n64	1.259951103842805e-10	0.9999999996764389	4.846922690484934e-11	3.927510460396852e-11	4.7955957159204926e-11	6.186579120978308e-11
FJ850108	0.0	1.0	0.0	0.0	0.0	0.0
n82	7.898397481924143e-16	0.9999999999999979	3.038445052101282e-16	2.4620827455935544e-16	3.006269133097909e-16	3.8782505766950756e-16
EU920842	0.0	1.0	0.0	0.0	0.0	0.0
n200	6.444474308948412e-10	3.2334407532757655e-10	0.9999999982695988	2.0088668665757607e-10	2.4528803771109275e-10	3.164349004006711e-10
n202	5.324089616939245e-11	2.671300639308907e-11	0.9999999998570432	1.6596213614038788e-11	2.026442238932797e-11	2.614220628238218e-11
GU131927	0.0	0.0	1.0	0.0	0.0	0.0
FJ639710	0.0	0.0	1.0	0.0	0.0	0.0
n208	4.629380544729567e-10	2.3227383643947068e-10	0.9999999987569684	1.4430671522989106e-10	1.762023735679874e-10	2.2731063875206021e-10
n210	1.040522975585602e-20	5.2207041764547785e-21	1.0	3.2435106873842414e-21	3.960413629398839e-21	5.1091488360323234e-21
n269	2.804994370548162e-15	1.4073736158503682e-15	0.9999999999999926	8.743708147150969e-16	1.0676302394239678e-15	1.377301036077349e-15
GU131924	0.0	0.0	1.0	0.0	0.0	0.0
n119	5.960770377540028e-17	0.9999999999999999	2.2930566993871034e-17	1.8580870272195077e-17	2.2687741451975532e-17	2.926841958403171e-17
EU677143	0.0	1.0	0.0	0.0	0.0	0.0
GU131959	0.0	1.0	0.0	0.0	0.0	0.0
GQ868497	0.0	1.0	0.0	0.0	0.0	0.0
n31	5.1042644686068e-10	0.9999999986892018	1.9635662999675385e-10	1.5910976252921567e-10	1.942772917450446e-10	2.506282655979483e-10
FJ850061	0.0	1.0	0.0	0.0	0.0	0.0
n19	2.6465527683698707e-11	0.9999999999320354	1.0181059110511368e-11	8.249815131763828e-12	1.0073245762666938e-11	1.2995034529059892e-11
FJ744704	0.0	1.0	0.0	0.0	0.0	0.0
n22	2.735814861259097e-14	0.99999999999993	1.0524442645082993e-14	8.528062281569964e-15	1.0412993002816253e-14	1.3433326934597734e-14
FJ882594	0.0	1.0	0.0	0.0	0.0	0.0
n35	2.2330203089726406e-09	0.999999994265502	8.590235582049629e-10	6.960754742799014e-10	8.499268419712178e-10	1.0964518208743313e-09
KJ189308	0.0	1.0	0.0	0.0	0.0	0.0
n44	1.2021304562851023e-09	0.9999999969128741	4.6244916709229824e-10	3.7472723563806117e-10	4.5755201519769717e-10	5.902669682071577e-10
n45	7.591039801957674e-11	0.9999999998050586	2.9202072166344426e-11	2.3662734320837007e-11	2.8892833890633253e-11	3.727332608549057e-11
FJ850106	0.0	1.0	0.0	0.0	0.0	0.0
GQ868641	0.0	1.0	0.0	0.0	0.0	0.0
EU482605	0.0	1.0	0.0	0.0	0.0	0.0
HQ332186	0.0	1.0	0.0	0.0	0.0	0.0
HQ332188	0.0	1.0	0.0	0.0	0.0	0.0
n92	9.251229056086025e-11	0.9999999997624243	3.5588676330419914e-11	2.8837864246070243e-11	3.521180646856313e-11	4.5425144156157896e-11
n84	2.9638934664056607e-20	1.0	1.140184127041644e-20	9.239027258523237e-21	1.1281100327297354e-20	1.4553232566044868e-20
GQ199892	0.0	1.0	0.0	0.0	0.0	0.0
n201	8.742880491933153e-10	4.3866395811963863e-10	0.9999999976524556	2.725324378171354e-10	3.3276942338510346e-10	4.2929064265775223e-10
GQ868638	0.0	0.0	1.0	0.0	0.0	0.0
n203	3.690808289932115e-10	1.8518205465764187e-10	0.9999999990089836	1.1504960884447402e-10	1.4047866119168498e-10	1.812251081521053e-10
GQ868622	0.0	0.0	1.0	0.0	0.0	0.0
n209	3.429144398868212e-09	1.720533703233444e-09	0.9999999907924293	1.0689304097348908e-09	1.3051927283788346e-09	1.6837695586879373e-09
FJ744724	0.0	0.0	1.0	0.0	0.0	0.0
n266	6.130863592644309e-10	3.076090188722555e-10	0.9999999983538063	1.9111083611051716e-10	2.333514617361385e-10	3.010360686231161e-10
n212	1.8770455755842393e-11	9.417859966363053e-12	0.9999999999495996	5.8511128807015166e-12	7.144365914998519e-12	9.216620336786477e-12
n259	2.5938725548109286e-13	1.30144567662925e-13	0.9999999999993034	8.085600751398086e-14	9.872735595497347e-14	1.2736365515398644e-13
EU482468	0.0	0.0	1.0	0.0	0.0	0.0
EU482784	0.0	0.0	1.0	0.0	0.0	0.0
GU131932	0.0	0.0	1.0	0.0	0.0	0.0
n271	2.0684611287230544e-11	1.0378265455869712e-11	0.9999999999444599	6.447792057331804e-12	7.872927208999002e-12	1.015650400438859e-11
FJ639718	0.0	0.0	1.0	0.0	0.0	0.0
EU677146	0.0	1.0	0.0	0.0	0.0	0.0
n121	1.5312723405369592e-10	0.9999999996067623	5.890671971335916e-11	4.773271055386616e-11	5.828292108947401e-11	7.518813596499263e-11
n124	2.391758994072796e-09	0.9999999938578538	9.200889544987606e-10	7.455573822919671e-10	9.103455801187049e-10	1.1743952769288526e-09
n125	4.936084728699119e-10	0.9999999987323908	1.8988690117194308e-10	1.5386727585096556e-10	1.878760747633217e-10	2.4237034777628785e-10
FJ850121	0.0	1.0	0.0	0.0	0.0	0.0
GQ199897	0.0	1.0	0.0	0.0	0.0	0.0
n20	3.6338607205607466e-10	0.999999999066808	1.3979147227879462e-10	1.1327444333433588e-10	1.383111364450779e-10	1.7842888342093247e-10
FJ850066	0.0	1.0	0.0	0.0	0.0	0.0
FJ906956	0.0	1.0	0.0	0.0	0.0	0.0
n24	3.3906049026953473e-22	1.0	1.3043363180698393e-22	1.056916905885758e-22	1.2905239176466855e-22	1.6648459955727599e-22
EU482762	0.0	1.0	0.0	0.0	0.0	0.0
KJ189309	0.0	1.0	0.0	0.0	0.0	0.0
GQ199894	0.0	1.0	0.0	0.0	0.0	0.0
JF357906	0.0	1.0	0.0	0.0	0.0	0.0
FJ205885	0.0	1.0	0.0	0.0	0.0	0.0
n46	4.309312717670291e-12	0.9999999999889336	1.6577552516099343e-12	1.3432958409378757e-12	1.6402002858993219e-12	2.1159475160261052e-12
JN819424	0.0	1.0	0.0	0.0	0.0	0.0
n93	2.6874590888813945e-10	0.9999999993098482	1.0338422179972427e-10	8.377328017950722e-11	1.0228942420101365e-10	1.319589167948485e-10
GQ199890	0.0	1.0	0.0	0.0	0.0	0.0
JX669476	0.0	1.0	0.0	0.0	0.0	0.0
n91	1.479226200935098e-09	0.9999999962012797	5.690454983375819e-10	4.611033205769963e-10	5.630195338887327e-10	7.263257996280853e-10
n88	4.523118626761994e-10	0.9999999988384425	1.7400045316792675e-10	1.4099432641506643e-10	1.7215785789577937e-10	2.2209299370973862e-10
JX669477	0.0	1.0	0.0	0.0	0.0	0.0
JX567950	0.0	1.0	0.0	0.0	0.0	0.0
JF730047	0.0	0.0	1.0	0.0	0.0	0.0
JN368476	0.0	0.0	1.0	0.0	0.0	0.0
FJ639706	0.0	0.0	1.0	0.0	0.0	0.0
GQ868623	0.0	0.0	1.0	0.0	0.0	0.0
EU687249	0.0	0.0	1.0	0.0	0.0	0.0
FJ639707	0.0	0.0	1.0	0.0	0.0	0.0
n267	1.3593038984947104e-09	6.82015073809274e-10	0.9999999963501429	4.237212272693294e-10	5.173749943449032e-10	6.674418627709682e-10
FM210214	0.0	0.0	1.0	0.0	0.0	0.0
n213	5.423935782534409e-11	2.7213973028095175e-11	0.9999999998543624	1.6907453358668153e-11	2.064445447352462e-11	2.66324683262796e-11
n253	5.302154407929376e-10	2.660294900850822e-10	0.9999999985763224	1.6527837339297255e-10	2.0180933122137587e-10	2.6034500589946293e-10
n260	1.8522974310879383e-13	9.29368900198946e-14	0.9999999999995026	5.773968143823884e-14	7.050170120128806e-14	9.095102641729264e-14
EU660413	0.0	0.0	1.0	0.0	0.0	0.0
KF955402	0.0	0.0	1.0	0.0	0.0	0.0
GQ868631	0.0	0.0	1.0	0.0	0.0	0.0
n122	5.247278587489225e-10	0.999999998652475	2.018582591929724e-10	1.6356778829054903e-10	1.9972066088640985e-10	2.576505076451564e-10
EU482556	0.0	1.0	0.0	0.0	0.0	0.0
EU596490	0.0	1.0	0.0	0.0	0.0	0.0
EU529706	0.0	1.0	0.0	0.0	0.0	0.0
n126	2.5128716250471285e-09	0.9999999935468309	9.66679933893391e-10	7.833105239485833e-10	9.564431796583165e-10	1.233863685804983e-09
EU482721	0.0	1.0	0.0	0.0	0.0	0.0
FJ744744	0.0	1.0	0.0	0.0	0.0	0.0
FJ850120	0.0	1.0	0.0	0.0	0.0	0.0
EU482444	0.0	1.0	0.0	0.0	0.0	0.0
FJ906961	0.0	1.0	0.0	0.0	0.0	0.0
FJ744741	0.0	1.0	0.0	0.0	0.0	0.0
FJ410291	0.0	1.0	0.0	0.0	0.0	0.0
EU482635	0.0	1.0	0.0	0.0	0.0	0.0
EU482639	0.0	1.0	0.0	0.0	0.0	0.0
n47	1.4268017703123155e-11	0.999999999963359	5.488782742646531e-12	4.447616150121259e-12	5.4306587266034e-12	7.005844921336204e-12
HQ705625	0.0	1.0	0.0	0.0	0.0	0.0
EU920850	0.0	1.0	0.0	0.0	0.0	0.0
EU920846	0.0	1.0	0.0	0.0	0.0	0.0
HM181971	0.0	1.0	0.0	0.0	0.0	0.0
GU131881	0.0	1.0	0.0	0.0	0.0	0.0
n89	2.4558599806054722e-12	0.9999999999936932	9.447480484239213e-13	7.655388954126741e-13	9.347435440924507e-13	1.2058699765189918e-12
JX669478	0.0	1.0	0.0	0.0	0.0	0.0
EU482649	0.0	0.0	1.0	0.0	0.0	0.0
EU482669	0.0	0.0	1.0	0.0	0.0	0.0
n214	1.5838390118871267e-12	7.946729806266422e-13	0.9999999999957473	4.937131502801078e-13	6.028370114481267e-13	7.776925098161831e-13
n250	1.8020722333211487e-10	9.041689857427781e-11	0.999999999516127	5.6174065209141295e-11	6.859004175270262e-11	8.848488182721022e-11
n254	6.081519750947108e-11	3.051332484522327e-11	0.9999999998367056	1.8957269344902148e-11	2.314733482511911e-11	2.9861320014939755e-11
FJ410221	0.0	0.0	1.0	0.0	0.0	0.0
n261	2.171861474376171e-10	1.0897064779925274e-10	0.9999999994168352	6.770110866309913e-11	8.266487128210481e-11	1.0664217690712185e-10
EU482776	0.0	0.0	1.0	0.0	0.0	0.0
KF955364	0.0	1.0	0.0	0.0	0.0	0.0
EU482552	0.0	1.0	0.0	0.0	0.0	0.0
EU482551	0.0	1.0	0.0	0.0	0.0	0.0
EU596489	0.0	1.0	0.0	0.0	0.0	0.0
FJ744708	0.0	1.0	0.0	0.0	0.0	0.0
FJ850050	0.0	1.0	0.0	0.0	0.0	0.0
JX286520	0.0	1.0	0.0	0.0	0.0	0.0
KC294211	0.0	1.0	0.0	0.0	0.0	0.0
JX286525	0.0	1.0	0.0	0.0	0.0	0.0
n215	2.311438376213747e-12	1.1597375807608203e-12	0.9999999999937935	7.205198974352284e-13	8.797741389151421e-13	1.1349564561749905e-12
n249	6.579203197444635e-10	3.3010394211922986e-10	0.999999998233423	2.0508644581705987e-10	2.5041605639779115e-10	3.2305032322161373e-10
n251	4.189682931883827e-11	2.1021251518446393e-11	0.9999999998875031	1.3060049307098236e-11	1.594667083343738e-11	2.0572072099351484e-11
EU482705	0.0	0.0	1.0	0.0	0.0	0.0
n255	2.804836907543885e-11	1.4072946106017237e-11	0.9999999999246875	8.743217304613877e-12	1.0675703062324002e-11	1.3772237190027727e-11
EU482661	0.0	0.0	1.0	0.0	0.0	0.0
n262	7.104926056334764e-12	3.564814810055843e-12	0.9999999999809226	2.2147424071849066e-12	2.7042599394350654e-12	3.488642302241228e-12
FM210211	0.0	0.0	1.0	0.0	0.0	0.0
n216	1.7851400718311856e-12	8.956734687497671e-13	0.9999999999952067	5.564625709685716e-13	6.794557387728365e-13	8.765348324017505e-13
n222	9.122381839929069e-17	4.577050011233978e-17	0.9999999999999999	2.843622263656173e-17	3.4721391280286363e-17	4.479248190851858e-17
FJ024461	0.0	0.0	1.0	0.0	0.0	0.0
EU482676	0.0	0.0	1.0	0.0	0.0	0.0
n252	3.737158137198684e-10	1.875076048557664e-10	0.9999999989965384	1.1649442292830658e-10	1.4224281797766817e-10	1.8350096629045148e-10
EU482464	0.0	0.0	1.0	0.0	0.0	0.0
n256	5.095419081583259e-10	2.556567832155535e-10	0.9999999986318328	1.5883403476521548e-10	1.9394062074260354e-10	2.50193941706252e-10
EU482451	0.0	0.0	1.0	0.0	0.0	0.0
n263	2.2216698722578556e-10	1.1146972679072899e-10	0.9999999994034608	6.925373243634937e-11	8.456066659328594e-11	1.090878558977143e-10
n264	9.655248520796577e-12	4.844409730487936e-12	0.9999999999740746	3.0097270796860164e-12	3.674957567897538e-12	4.740895001753119e-12
n217	3.726204410492033e-12	1.8695801423540577e-12	0.9999999999899949	1.1615297415232248e-12	1.4182589985515083e-12	1.829631192523118e-12
EU482670	0.0	0.0	1.0	0.0	0.0	0.0
n243	2.6351903178468304e-17	1.3221763883102583e-17	1.0	8.214396183243626e-18	1.0029998275614104e-17	1.2939242920199367e-17
n224	1.5113828392165844e-22	7.583189305819387e-23	1.0	4.711271645846359e-23	5.752589165370568e-23	7.421152684722603e-23
n238	6.5983965361104536e-12	3.3106694577877287e-12	0.9999999999822826	2.0568473918058828e-12	2.5114658865733106e-12	3.2399274954188646e-12
EU482658	0.0	0.0	1.0	0.0	0.0	0.0
EU482659	0.0	0.0	1.0	0.0	0.0	0.0
FJ410215	0.0	0.0	1.0	0.0	0.0	0.0
FJ410224	0.0	0.0	1.0	0.0	0.0	0.0
EU482469	0.0	0.0	1.0	0.0	0.0	0.0
FJ410259	0.0	0.0	1.0	0.0	0.0	0.0
n265	2.595102332633361e-10	1.3020627034863524e-10	0.9999999993031908	8.089434205924087e-11	9.877416346392207e-11	1.2742403938458472e-10
EU482541	0.0	0.0	1.0	0.0	0.0	0.0
n218	6.830609410217003e-15	3.427179592606457e-15	0.9999999999999815	2.1292326208287126e-15	2.599850194571495e-15	3.3539480565492415e-15
EU482656	0.0	0.0	1.0	0.0	0.0	0.0
FM210207	0.0	0.0	1.0	0.0	0.0	0.0
FM210246	0.0	0.0	1.0	0.0	0.0	0.0
n246	7.21601578981976e-13	3.6205528042351604e-13	0.9999999999980625	2.2493712184914957e-13	2.7465426477368836e-13	3.5431892940758467e-13
EU482642	0.0	0.0	1.0	0.0	0.0	0.0
n225	1.1081028399896083e-14	5.559778361856289e-15	0.9999999999999701	3.4541701515090103e-15	4.217634490771865e-15	5.440977727522809e-15
n233	1.1092707854831096e-10	5.5656383938391114e-11	0.9999999997021505	3.457810862746858e-11	4.222079896937215e-11	5.446712543090253e-11
n236	2.506278085983636e-10	1.2574961608596804e-10	0.9999999993270412	7.812551907246256e-11	9.539335626113371e-11	1.2306261434131275e-10
n237	2.588093779828874e-12	1.2985462428453274e-12	0.9999999999930508	8.067587195855273e-13	9.850740560560923e-13	1.2707990724869254e-12
n239	6.736190025570475e-10	3.3798057539379746e-10	0.9999999981912705	2.0998002785947605e-10	2.5639125145194896e-10	3.307586496018182e-10
n240	4.556486122555678e-12	2.2861644277097146e-12	0.9999999999877656	1.4203445557854949e-12	1.7342788352924364e-12	2.237313958046051e-12
FJ432726	0.0	0.0	1.0	0.0	0.0	0.0
FJ410228	0.0	0.0	1.0	0.0	0.0	0.0
n219	1.2157489845851379e-12	6.099880493049357e-13	0.9999999999967355	3.789723934216027e-13	4.627354668232089e-13	5.969539025320285e-13
EU482474	0.0	0.0	1.0	0.0	0.0	0.0
FJ410217	0.0	0.0	1.0	0.0	0.0	0.0
n247	3.6508160024481293e-10	1.831754876985979e-10	0.9999999990197221	1.1380297215397477e-10	1.3895648432352625e-10	1.7926141725970498e-10
n248	6.223414771798125e-11	3.122526676804158e-11	0.9999999998328954	1.9399583476752878e-11	2.3687412255130612e-11	3.0558049253630275e-11
EU677148	0.0	0.0	1.0	0.0	0.0	0.0
n227	3.0565253429691245e-11	1.5335763839811543e-11	0.9999999999179293	9.5277786736056e-12	1.1633673557362037e-11	1.500807119568431e-11
n231	7.513004605765861e-10	3.769563521744551e-10	0.9999999979826883	2.3419483572147073e-10	2.8595818195812156e-10	3.689015969594634e-10
n234	4.0221726554854296e-10	2.0180788001434643e-10	0.9999999989200093	1.2537887486078273e-10	1.5309097231240648e-10	1.9749567499486534e-10
FJ461309	0.0	0.0	1.0	0.0	0.0	0.0
EU482654	0.0	0.0	1.0	0.0	0.0	0.0
FJ547067	0.0	0.0	1.0	0.0	0.0	0.0
EU482645	0.0	0.0	1.0	0.0	0.0	0.0
FJ410223	0.0	0.0	1.0	0.0	0.0	0.0
EU482467	0.0	0.0	1.0	0.0	0.0	0.0
EU482679	0.0	0.0	1.0	0.0	0.0	0.0
n241	2.285945129106569e-10	1.1469466376709826e-10	0.9999999993862025	7.125731609009656e-11	8.70070960256922e-11	1.1224388283243396e-10
n242	5.483632345342859e-10	2.751349365578595e-10	0.9999999985275939	1.7093539052124695e-10	2.087167010116782e-10	2.692558883543152e-10
n220	2.455831545849486e-10	1.232185190420241e-10	0.9999999993405865	7.655300317511214e-11	9.347327213237277e-11	1.2058560145591066e-10
EU482699	0.0	0.0	1.0	0.0	0.0	0.0
FJ024452	0.0	0.0	1.0	0.0	0.0	0.0
FM210206	0.0	0.0	1.0	0.0	0.0	0.0
FJ410195	0.0	0.0	1.0	0.0	0.0	0.0
FJ205877	0.0	0.0	1.0	0.0	0.0	0.0
n228	6.361509257212589e-15	3.1918139942074963e-15	0.9999999999999829	1.9830050607051998e-15	2.4213024178185425e-15	3.1236117202125806e-15
FJ461311	0.0	0.0	1.0	0.0	0.0	0.0
FJ859028	0.0	0.0	1.0	0.0	0.0	0.0
FJ024454	0.0	0.0	1.0	0.0	0.0	0.0
FJ410241	0.0	0.0	1.0	0.0	0.0	0.0
JF730049	0.0	0.0	1.0	0.0	0.0	0.0
FJ410202	0.0	0.0	1.0	0.0	0.0	0.0
FJ205879	0.0	0.0	1.0	0.0	0.0	0.0
FJ390385	0.0	0.0	1.0	0.0	0.0	0.0
GU131899	0.0	0.0	1.0	0.0	0.0	0.0
FJ562098	0.0	0.0	1.0	0.0	0.0	0.0
EU482701	0.0	0.0	1.0	0.0	0.0	0.0
FJ547064	0.0	0.0	1.0	0.0	0.0	0.0
n230	1.8100648892476483e-10	9.081792087897952e-11	0.9999999995139809	5.642321170111181e-11	6.889425630835518e-11	8.887733513849537e-11
FJ390387	0.0	0.0	1.0	0.0	0.0	0.0
EU482652	0.0	0.0	1.0	0.0	0.0	0.0
FJ410237	0.0	0.0	1.0	0.0	0.0	0.0
