node	Africa	Caribbean	Central America	Eastern Asia	Europe	Oceania	South America	South-eastern Asia	Southern Asia	Western Asia
root	0.07403319309587615	0.12987608066851816	0.041105582377784174	0.20688574260277973	0.018418798764476132	0.07477255911319534	0.1438302441863983	0.2392848726887599	0.05341240337738583	0.018380523124826312
n0	0.22572237244222562	0.09005582802855848	0.028758376395639412	0.14488609637955296	0.012900518489584826	0.05193051921421551	0.10072630356489977	0.30172392234483464	0.030422353708528596	0.012873709431960315
n12	0.008992136814144736	0.04017511221141034	0.009125458640066668	0.043904725648996265	0.0038880788735784007	0.021959912115063464	0.030534553627914626	0.7282166297841358	0.10932339309826664	0.0038799991864230253
n1	0.004856522421462306	0.00632883210034938	0.002024187845197089	0.010199712479306395	0.0009081904710826309	0.0036505327228158703	0.007090935176740499	0.9619780277418768	0.0020567558633884215	0.0009063031777806509
n2	0.9989760822590542	0.00015820510860143895	5.060096691262227e-05	0.0002549747406334279	2.2707860952014702e-05	9.125468611023848e-05	0.000177260812036241	0.00019487714223518458	5.1380442422195544e-05	2.265598104231023e-05
n13	0.00042349425131264605	0.0018398618497179173	0.000440275418559373	0.0026842624271867684	0.0001928353880070813	0.003398493134979619	0.001509657054914282	0.9676913751058991	0.02162731070609584	0.0001924346633273244
n340	0.005104686869609729	0.056733084216626595	0.006706281231530808	0.026666084206251717	0.0023701951321286143	0.02554373514731861	0.019055202631428417	0.5764775400336404	0.27897792082109657	0.002365269710368632
FJ467493	0.0	0.0	0.0	0.0	0.0	0.0	0.0	1.0	0.0	0.0
EF105379	0.0	0.0	0.0	0.0	0.0	0.0	0.0	1.0	0.0	0.0
n3	0.9999590927492764	6.432901935803417e-06	2.057699568625835e-06	1.0368701580427042e-05	9.292286327143479e-07	3.7106350204518604e-06	7.2084172706976016e-06	7.193623828135774e-06	2.0847227656954657e-06	9.213201208047301e-07
n10	0.9999993215702915	1.1251628955814875e-07	3.599948755255787e-08	1.8140549902768597e-07	1.6153112355912728e-08	6.4904654866496e-08	1.2611475401787403e-07	8.898040254086881e-08	3.623651313436203e-08	1.6118995482457674e-08
n14	0.00017273669070718353	0.0009633326402769407	0.00018205832687487848	0.0018445082686068235	8.060074215631208e-05	0.004634005355597077	0.0006302429971531353	0.9863409810124623	0.00507110071765911	8.043324850595241e-05
n298	0.00033790714744890083	0.0011492459010511462	0.000348276821841556	0.001816343979503053	0.00015565162039117572	0.0009691954679200755	0.001215814940763334	0.9555226479884955	0.03832958796648098	0.0001553281661039645
n341	0.0022384435563214296	0.11484082303237292	0.006175184912255755	0.011943959610614069	0.001062803039560656	0.04606287785958786	0.009766819413064775	0.09995143064298857	0.7068970634682269	0.001060594465007043
GQ398257	0.0	0.0	0.0	0.0	0.0	0.0	0.0	1.0	0.0	0.0
n4	0.9999969041963989	5.205578714795138e-07	1.6656223103081498e-07	8.393316537419318e-07	7.474066184556796e-08	3.0028543487884386e-07	5.835109733039076e-07	3.6884995960496976e-07	1.673849719975921e-07	7.457984311745771e-08
n5	0.9999921060087763	1.2914555277849011e-06	4.1322306494033144e-07	2.082290703602949e-06	3.8934628841429526e-07	7.449794089818674e-07	1.4476273779639432e-06	9.247185321864617e-07	4.1532583956648345e-07	1.8502448031220268e-07
n11	0.9999999329213511	1.1274552668052418e-08	3.6074974336704937e-09	1.817870804546484e-08	1.6186595867259698e-09	6.503758772549376e-09	1.2638002623955367e-08	8.016682953450272e-09	3.6254953587494737e-09	1.6152913527444524e-09
EU003591	1.0	0.0	0.0	0.0	0.0	0.0	0.0	0.0	0.0	0.0
n15	3.342931492349565e-05	0.004284296822465978	3.58167913235531e-05	0.00022431507658971867	1.6056940110080674e-05	0.00011912035008328709	0.00012538027027387709	0.9950476440893895	9.791677210523915e-05	1.602357273527461e-05
n190	0.00037106741482500653	0.0015360710800374638	0.0003964191764820451	0.006136145198319729	0.00017732988429322488	0.01858707725880221	0.0013850063621146642	0.9684067191396613	0.002827203104310873	0.00017696138115362456
n299	3.572803317891109e-05	4.977154765306753e-05	1.544943005157902e-05	7.991812419994329e-05	6.916926564887081e-06	3.6246094608526415e-05	5.4018407164294675e-05	0.9987699857997043	0.0009450630841369888	6.902552737577882e-06
n325	1.3384306497249246e-05	4.4883725313896695e-05	1.4343437934273365e-05	7.23814329486813e-05	6.435217710070001e-06	2.6174795547625647e-05	5.0244855603712536e-05	0.0009152679579546006	0.9988504624255843	6.421844905652358e-06
n342	6.413102491091735e-05	0.00238953188274162	0.00014525009280306233	0.00034349527309034854	3.057102690020972e-05	0.0009695119334038877	0.00026844551877648983	0.002069240032349515	0.9936893157167253	3.050749829867565e-05
n344	0.0023281337807346146	0.5558211594476375	0.021913174456862347	0.012552030324504991	0.0011175039339013902	0.2162482874694433	0.01621940782001197	0.02500200351518667	0.1476831175643026	0.0011151816874146335
EF105385	1.0	0.0	0.0	0.0	0.0	0.0	0.0	0.0	0.0	0.0
EF105384	1.0	0.0	0.0	0.0	0.0	0.0	0.0	0.0	0.0	0.0
n6	0.9999369902529529	2.323236426413734e-06	7.433655451680308e-07	3.7459300841687292e-06	4.9537693378726895e-05	1.3401670335864727e-06	2.604204539247822e-06	1.635332697711065e-06	7.469681172568963e-07	3.328492248332866e-07
n8	0.9999975377204243	4.141740481131663e-07	1.32523182332664e-07	6.678041146400199e-07	6.049558899596499e-08	2.3891773929561394e-07	4.6426347202442647e-07	2.915970688411118e-07	1.3316580540531752e-07	5.933855587415218e-08
EF105388	1.0	0.0	0.0	0.0	0.0	0.0	0.0	0.0	0.0	0.0
EF105387	1.0	0.0	0.0	0.0	0.0	0.0	0.0	0.0	0.0	0.0
n16	0.00011849567740792086	0.09106924591828754	0.00012709674387059998	0.000647547421839002	5.7025094341586596e-05	0.00023795621268284984	0.00044524579493980234	0.9071027533480853	0.0001377271960894793	5.6906592455944994e-05
n167	3.4086057828632607e-06	0.00020161351009576913	3.6543481414487203e-06	8.844933646013591e-05	1.6390496724786963e-06	9.074730985619743e-06	1.2797794061618743e-05	0.9996712320749952	6.494906185099962e-06	1.6356436197617433e-06
n191	0.0036698640006571363	0.014396602454590813	0.003935602404951911	0.09804617270382701	0.001765589377421684	0.3386425641690479	0.013785468655510601	0.5187609990132777	0.005235216853808291	0.0017619203669068464
n195	1.5909816708105654e-05	5.6497514852244786e-05	1.7048170957075326e-05	0.00013071302159729496	7.643532294091096e-06	0.0002242260491979194	5.9683573975709075e-05	0.9994372244280466	4.3426243838334514e-05	7.627648532620069e-06
n300	4.986756210741757e-06	1.3822545844073238e-05	4.403115599358239e-06	2.6135900161505048e-05	1.975018843029627e-06	8.507640362517854e-06	1.54209272728386e-05	0.9998799143604425	4.2862820639080945e-05	1.9709146243443707e-06
n323	0.00029742852444047637	1.7526784194966194e-05	5.595511376940535e-06	2.825101407350076e-05	2.510264637521709e-06	1.0308768319595388e-05	1.9599780144675176e-05	0.9995861794213995	3.009488327010851e-05	2.5050481429802205e-06
n326	2.6977494265043315e-08	9.046582675263072e-08	2.8912531843321912e-08	1.9511315228971717e-07	1.2971755253092128e-08	5.271785907229053e-08	1.012807278938828e-07	1.7231866014297952e-06	0.9999977554292521	1.294479909516832e-08
JX475906	0.0	0.0	0.0	0.0	0.0	0.0	0.0	0.0	1.0	0.0
n343	1.3169179287611515e-05	0.0003545069741431766	2.5038555875194036e-05	7.073307352465032e-05	6.2961318154478615e-06	0.00014613903972036222	5.3405254597041726e-05	0.0003048064836998633	0.9990196222592964	6.283048040242354e-06
JQ922552	0.0	0.0	0.0	0.0	0.0	0.0	0.0	0.0	1.0	0.0
n345	2.20339409976084e-05	0.001175262398162259	6.265642183027334e-05	0.00011903354213210586	1.059860616710376e-05	0.9980953097778269	9.781279283555867e-05	9.119826515955527e-05	0.00031551767332027776	1.0576581568401555e-05
n346	0.00040713837033224434	0.9084884001509703	0.032585662197232454	0.0021972800918102437	0.00019563329149608092	0.023181760325315937	0.013932467152967205	0.003023912025534965	0.01579251964165645	0.00019522675268415635
n7	0.9989914969591385	2.9682264944034432e-05	9.497429358032966e-06	4.785896619092635e-05	0.0008363820392412598	1.71223181429388e-05	3.3271986981537094e-05	2.0892020967536005e-05	9.543447729838137e-06	4.252567305633272e-06
EF457904	1.0	0.0	0.0	0.0	0.0	0.0	0.0	0.0	0.0	0.0
n9	0.9999997944700069	3.458722377789066e-08	1.106686822998162e-08	5.5767603270280705e-08	4.966255653322247e-09	1.995176077186707e-08	3.8770143145093215e-08	2.434434844793947e-08	1.112049073717908e-08	4.955298980720331e-09
EF105378	1.0	0.0	0.0	0.0	0.0	0.0	0.0	0.0	0.0	0.0
n17	1.212480094395604e-05	0.9913022521020994	1.3005502769521987e-05	6.560297443906682e-05	5.835446030936634e-06	2.3529333477841903e-05	4.5649390603886823e-05	0.008513014915885636	1.3162214158271897e-05	5.8233195914109374e-06
JN819418	0.0	0.0	0.0	0.0	0.0	0.0	0.0	1.0	0.0	0.0
n168	6.903129133356581e-06	4.733099872522543e-05	7.40434420140139e-06	0.0011153760011668012	3.322191891809565e-06	1.366508445987124e-05	2.5938807700276824e-05	0.998768944900921	7.799253641090726e-06	3.3152881591962476e-06
DQ181801	0.0	0.0	0.0	0.0	0.0	0.0	0.0	1.0	0.0	0.0
n192	8.179429168311855e-05	0.0062187693510847505	8.772961347619894e-05	0.0010268654755399037	3.9361466629335186e-05	0.9880942737557648	0.0003073250567649729	0.004006872382632656	9.772893550376187e-05	3.927967092041526e-05
KJ734727	0.0	0.0	0.0	1.0	0.0	0.0	0.0	0.0	0.0	0.0
n196	7.627137632060953e-07	2.5835367353747078e-06	8.179718739256704e-07	4.499791005210579e-06	3.669682903931495e-07	3.1066821287424263e-06	2.8652272972929615e-06	0.9999835871771833	1.0437260163236985e-06	3.6620570621988667e-07
n297	6.882364485020667e-07	2.311698968346047e-06	7.382060654585891e-07	3.7838242394209585e-06	3.312189888769492e-07	1.6067919280872859e-06	2.58607158152286e-06	0.9999868441397014	7.792813842314859e-07	3.3053069409743225e-07
n301	4.5364328988418444e-07	1.5140439895713005e-06	4.844027556458667e-07	0.00018628128569319363	2.1734630655116504e-07	1.107192068979435e-05	1.6969798811161674e-06	0.9997974875842038	5.758985437310009e-07	2.1689464667313086e-07
GQ398263	0.0	0.0	0.0	0.0	0.0	0.0	0.0	1.0	0.0	0.0
n324	0.004311768483888881	0.0001435019057244279	4.590924464994262e-05	0.00023137409037119594	2.0598898258639137e-05	8.289096965659378e-05	0.00016083057750409724	0.9949226964948371	5.9873242711825086e-05	2.0556092397232265e-05
GQ398259	0.0	0.0	0.0	0.0	0.0	0.0	0.0	1.0	0.0	0.0
FJ882602	0.0	0.0	0.0	0.0	0.0	0.0	0.0	0.0	1.0	0.0
n328	1.533168230773675e-07	5.139675642806965e-07	1.6445350687971426e-07	1.638083999761505e-05	7.378899251430374e-08	2.9649357731845647e-07	5.761236497401797e-07	3.9166500953669856e-07	0.999981375715225	7.36356542018421e-08
JQ922551	0.0	0.0	0.0	0.0	0.0	0.0	0.0	0.0	1.0	0.0
JQ922553	0.0	0.0	0.0	0.0	0.0	0.0	0.0	0.0	1.0	0.0
JQ922550	0.0	0.0	0.0	0.0	0.0	0.0	0.0	0.0	1.0	0.0
HM582115	0.0	0.0	0.0	0.0	0.0	1.0	0.0	0.0	0.0	0.0
HM582107	0.0	0.0	0.0	0.0	0.0	1.0	0.0	0.0	0.0	0.0
n347	0.00033760886078165427	0.9085156823779043	0.04489215012151444	0.0018228164202213383	0.0001622967108848611	0.014065882948714253	0.018449338764401132	0.002032374499208126	0.009559889848695283	0.00016195944767480853
EU056812	0.0	1.0	0.0	0.0	0.0	0.0	0.0	0.0	0.0	0.0
JF260983	0.0	0.0	0.0	0.0	1.0	0.0	0.0	0.0	0.0	0.0
EF105389	1.0	0.0	0.0	0.0	0.0	0.0	0.0	0.0	0.0	0.0
EF105383	1.0	0.0	0.0	0.0	0.0	0.0	0.0	0.0	0.0	0.0
EF105380	1.0	0.0	0.0	0.0	0.0	0.0	0.0	0.0	0.0	0.0
n18	6.346233010819223e-10	0.9999995663489307	6.850578577664805e-10	3.432491649026905e-09	3.054335496688219e-10	1.2300126809279415e-09	1.3873823742310153e-07	2.876332345453554e-07	6.871793278854533e-10	3.047988387230785e-10
M20558	0.0	1.0	0.0	0.0	0.0	0.0	0.0	0.0	0.0	0.0
n169	5.609310235498e-09	3.428820432125093e-08	6.016625942133138e-09	7.204011599538713e-07	2.699562226259808e-09	1.1049437194562759e-08	2.1077465472167707e-08	0.9999991898886824	6.275599902213464e-09	2.6939523589224917e-09
AF119661	0.0	0.0	0.0	1.0	0.0	0.0	0.0	0.0	0.0	0.0
n193	0.0	0.0	0.0	0.0	0.0	1.0	0.0	0.0	0.0	0.0
KF704355	0.0	1.0	0.0	0.0	0.0	0.0	0.0	0.0	0.0	0.0
n197	5.0113358960150794e-09	1.6806627070462355e-08	5.375327120023109e-09	2.7186605972055004e-08	2.411854554793204e-09	1.012065948990494e-08	1.883109100506066e-08	0.9999999063898715	5.4597848193836614e-09	2.406842562865087e-09
AJ487271	0.0	0.0	0.0	0.0	0.0	0.0	0.0	1.0	0.0	0.0
M84728	0.0	0.0	0.0	0.0	0.0	0.0	0.0	1.0	0.0	0.0
M84727	0.0	0.0	0.0	0.0	0.0	0.0	0.0	1.0	0.0	0.0
n302	1.8332216210401102e-06	6.1444833362390605e-06	1.9660420896703787e-06	0.0010009531856113275	8.821475936269255e-07	0.00026493202347786506	6.887559699746373e-06	0.998713531350036	1.989672101291624e-06	8.803144330784788e-07
n320	2.00551653080615e-06	6.722560708301464e-06	2.1510127400242928e-06	0.0006932976889807104	9.651425942090308e-07	4.7474965685910275e-06	7.535561155341675e-06	0.9992794428475968	2.1690361605072683e-06	9.631369646067858e-07
GU131843	1.0	0.0	0.0	0.0	0.0	0.0	0.0	0.0	0.0	0.0
GQ398262	0.0	0.0	0.0	0.0	0.0	0.0	0.0	1.0	0.0	0.0
n329	2.3612536587198963e-05	7.915677841882687e-05	2.532778076012354e-05	0.0032333270925619917	1.1364378588512595e-05	4.5661871355632656e-05	8.87298614367068e-05	5.573775145951702e-05	0.9964257411861668	1.1340762664600813e-05
n330	1.2608193626420893e-08	4.226670039987569e-08	1.3524067825624392e-08	1.0068642350224504e-07	6.068144203391337e-09	2.4381713735827587e-08	4.737835777546223e-08	2.981206144084185e-08	0.9999997172188011	6.0555362808215785e-09
n348	0.0008189072217552725	0.17045899931097994	0.5858957004406212	0.004425982411043368	0.0003940933720845381	0.004062757878741775	0.2288072642422685	0.0021606537086543433	0.0025823669936375646	0.0003932744202134129
GQ868600	0.0	1.0	0.0	0.0	0.0	0.0	0.0	0.0	0.0	0.0
n116	1.1267147716475489e-09	0.9999998477024106	1.2085799949897664e-09	6.0901281900589845e-09	5.422718223099253e-10	2.1788505216392743e-09	1.3546706191664335e-07	3.928406540894539e-09	1.2144306002532572e-09	5.411449459024262e-10
n20	3.92501204276368e-07	0.9849517690948716	9.586780470025448e-07	2.1215473906353045e-06	1.8890525934610645e-07	7.590178532346824e-07	0.01504227114066145	9.275490764647971e-07	4.230529340949172e-07	1.8851270182928238e-07
n114	7.956621940424732e-08	0.9999985893527817	8.53461415317593e-08	4.3007137025279426e-07	3.8294092168763865e-08	1.5386503872891234e-07	3.0312090365889314e-07	1.9640930573315777e-07	8.575963209540829e-08	3.821451453401278e-08
n170	3.472923404189864e-08	1.1674987653317174e-07	3.7252006320195134e-08	2.0226397846699236e-07	1.6714684964921874e-08	6.716356651861259e-08	1.3050354491332196e-07	0.9999993405058101	3.743734729442818e-08	1.66799507534603e-08
n173	2.090406846742159e-08	7.373569408392157e-08	2.242253059435679e-08	2.7604352637026087e-07	1.0060803327912412e-08	4.04720030750727e-08	7.855192431745617e-08	0.9999994451840767	2.2585476650579487e-08	1.0039896318836123e-08
AF204177	0.0	0.0	0.0	1.0	0.0	0.0	0.0	0.0	0.0	0.0
M29095	0.0	0.0	0.0	0.0	0.0	1.0	0.0	0.0	0.0	0.0
AF204178	0.0	0.0	0.0	1.0	0.0	0.0	0.0	0.0	0.0	0.0
DQ181804	0.0	0.0	0.0	0.0	0.0	0.0	0.0	1.0	0.0	0.0
n199	3.574041792945485e-14	1.198133300799596e-13	3.833664700867387e-14	1.9318431936468257e-13	1.720135587481603e-14	6.911553764523675e-14	1.3430333312343767e-13	0.9999999999993364	3.852250896832447e-14	1.7165610329289146e-14
DQ181805	0.0	0.0	0.0	0.0	0.0	0.0	0.0	1.0	0.0	0.0
AY037116	0.0	0.0	0.0	0.0	0.0	1.0	0.0	0.0	0.0	0.0
n304	0.00018944383734001007	0.0006350762559738039	0.00020320524332987462	0.8994753693732598	9.117661514472137e-05	0.0003918798291468938	0.0007118812844976795	0.09800678920760417	0.0002041912095438032	9.098714415933151e-05
n305	3.1361978804642936e-12	1.051234705941534e-11	3.3636258376499963e-12	1.146207075223338e-09	1.5092325436943647e-12	3.149853112178777e-10	1.1783662074424804e-11	0.9999999985036007	3.39574872948189e-12	1.5060962594971196e-12
n321	2.9436863888097967e-05	9.868149372875074e-05	3.157509914900605e-05	0.015763545776326056	1.4167501802320115e-05	5.736991626392865e-05	0.00011061585659697801	0.9838487374505421	3.1731980898239876e-05	1.4138060804507927e-05
AB189123	0.0	0.0	0.0	0.0	0.0	0.0	0.0	1.0	0.0	0.0
KF041236	0.0	0.0	0.0	0.0	0.0	0.0	0.0	0.0	1.0	0.0
AF276619	0.0	0.0	0.0	1.0	0.0	0.0	0.0	0.0	0.0	0.0
n331	9.24553953890458e-09	3.099400695908149e-08	9.917147136540344e-09	5.303836903841786e-08	4.449746928040396e-09	1.787900295363876e-08	3.4742368468063186e-08	2.182095158301353e-08	0.9999998134723508	4.440516655116672e-09
JQ955623	0.0	0.0	0.0	0.0	0.0	0.0	0.0	0.0	1.0	0.0
n349	1.2861509552376738e-05	0.0016812757292449924	0.9407179084353564	6.951536791434037e-05	6.189719646537253e-06	4.908695407631175e-05	0.05739394240166079	3.2578247996215285e-05	3.046477754875304e-05	6.176857003203113e-06
n352	6.367670376859393e-05	0.002596839087848434	0.008381962816948528	0.0003441799742499481	3.064619571892604e-05	0.000158369065186694	0.9881474622576423	0.00015349356087203674	9.27878268499734e-05	3.058251091452152e-05
n117	3.031878109171681e-09	0.99999910487785	3.252124831736468e-09	1.638791028258276e-08	1.4591999036585099e-09	5.863042901947034e-09	8.527706844117269e-07	7.633261590827537e-09	3.2678803146099078e-09	1.4561675905682716e-09
GQ868603	0.0	1.0	0.0	0.0	0.0	0.0	0.0	0.0	0.0	0.0
n21	2.63254425513232e-07	0.9842731085500805	2.2835469019523636e-06	1.422942735710963e-06	1.2670061896713384e-07	5.090807469143862e-07	0.015721254325260267	6.214161394647935e-07	2.837457640396624e-07	1.264373267722316e-07
n108	3.783221520321502e-05	0.9578591058936876	4.0734092313954e-05	0.00020449067710617534	1.820810827341379e-05	7.315984239214463e-05	0.041618254911008026	8.926697041931371e-05	4.077701896561254e-05	1.8170270630382484e-05
n115	5.697131411468409e-07	0.9999899899426827	6.110978358977926e-07	3.079413288139274e-06	2.7419484962486696e-07	1.1017098437079065e-06	2.141206685227217e-06	1.3450378396924003e-06	6.140587792420184e-07	2.7362505474637986e-07
EU482572	0.0	1.0	0.0	0.0	0.0	0.0	0.0	0.0	0.0	0.0
n171	1.9525924102275391e-07	6.546407744147279e-07	2.0944311851420677e-07	1.058504631529261e-06	9.397550110781555e-08	3.7759273314597797e-07	7.337341965420426e-07	0.9999963726106296	2.104589601828906e-07	9.378021385385092e-08
FJ639701	0.0	0.0	0.0	0.0	0.0	0.0	0.0	1.0	0.0	0.0
n174	3.517131277136463e-07	1.1790848311859803e-06	3.772620137543982e-07	1.902411725018671e-06	1.6927453672720925e-07	6.80142349970877e-07	1.3216478200200857e-06	0.999993470450421	3.790904014613357e-07	1.689227731393177e-07
n182	3.2858917628057435e-07	1.1015560646482907e-06	3.524583093461161e-07	1.7769817224969615e-06	1.5814530714699044e-07	6.354251819548145e-07	1.234753935673936e-06	0.9999939001072624	3.541663692191311e-07	1.5781667082799174e-07
n296	4.653842609869823e-07	1.560116953352272e-06	4.991903621770827e-07	2.5154948535559354e-06	2.2398284021377143e-07	8.999589107025146e-07	1.7487948169540572e-06	0.9999913619505284	5.016090845469557e-07	2.235173891836102e-07
DQ181803	0.0	0.0	0.0	0.0	0.0	0.0	0.0	1.0	0.0	0.0
n202	7.287607886480255e-11	2.443039347520973e-10	7.816988938434258e-11	3.939097573755169e-10	3.5074222521328154e-11	1.4092757759451163e-10	2.7384963283549175e-10	0.9999999986473392	7.854864521466327e-11	3.5001335986854896e-11
n286	2.085758074050654e-09	6.992128451051962e-09	2.2372701779621178e-09	1.127395150204083e-08	1.0038457605633004e-09	4.033433705720282e-09	7.837744451400464e-09	0.9999999612859977	2.2481104021458655e-09	1.0017597032433235e-09
FJ196853	0.0	0.0	0.0	1.0	0.0	0.0	0.0	0.0	0.0	0.0
FJ196854	0.0	0.0	0.0	1.0	0.0	0.0	0.0	0.0	0.0	0.0
n315	5.026382077272041e-08	1.6850041030550383e-07	5.391504827033237e-08	9.99317232800476e-07	2.419126360770436e-08	1.7052645084164014e-06	1.8887856039483207e-07	0.9999967313518804	5.417628239692051e-08	2.414099257552904e-08
n313	1.932778379877508e-07	6.479291562192977e-07	2.073177843868461e-07	1.045138847613508e-06	9.302188041296799e-08	3.7387879607822993e-07	7.262885950293236e-07	0.999996411996222	2.0832230537447734e-07	9.282857484534311e-08
n308	2.6613821815214545e-07	8.921804643605165e-07	2.854708348463574e-07	1.4385316046610581e-06	1.2808854743954607e-07	5.146577972240968e-07	1.0000792366935955e-06	0.9999950601769014	2.868540240188049e-07	1.2782237103826155e-07
n309	1.2754213455215857e-08	4.2756204508240754e-08	1.368069564779344e-08	6.093166881192876e-07	6.1384219317235906e-09	2.4664333186972983e-08	4.7927066413792784e-08	0.9999992228897281	1.3746982607524271e-08	6.125665888408136e-09
n322	0.00013720354044124622	0.0004599501460669284	0.0001471701716090349	0.9207972615683996	6.603411349030026e-05	0.00026535872270940007	0.0005155757258222657	0.07739766556247452	0.00014788355871470871	6.589689027212647e-05
JN851131	0.0	0.0	0.0	0.0	0.0	0.0	0.0	1.0	0.0	0.0
n332	1.5641797227476565e-09	5.243630926371352e-09	1.677803715674544e-09	6.853161053845897e-08	7.528175021622644e-10	3.0248068050702084e-09	5.877786640428839e-09	3.6907431947343186e-09	0.999999908871504	7.651169898263868e-10
JQ922549	0.0	0.0	0.0	0.0	0.0	0.0	0.0	0.0	1.0	0.0
n350	3.949649941046683e-06	6.524176616379077e-05	0.9980478769926363	2.1348530396326648e-05	1.9008995961045422e-06	8.40650978809562e-06	0.0018352044319899124	9.390171433164592e-06	4.784098653308257e-06	1.8969494020878077e-06
n351	1.61525237674879e-05	0.0013629868667455304	0.9404283779598701	8.730469248792292e-05	7.77370691107179e-06	5.058305594862381e-05	0.05796849421656761	3.98950167661953e-05	3.067440829718999e-05	7.757552638328961e-06
n353	3.11364386343259e-07	4.243374661822663e-06	1.1494727915928607e-05	1.6829795309620461e-06	1.498545916432297e-07	6.49412116426231e-07	0.9999802116827561	7.390337441567987e-07	3.6802711253340963e-07	1.4954318397472428e-07
GQ868592	0.0	0.0	0.0	0.0	0.0	0.0	1.0	0.0	0.0	0.0
n118	2.228487651254097e-06	0.9976452291804635	2.390367814038474e-06	1.20454207164405e-05	1.0725394804935957e-06	4.30944380338914e-06	0.0023239939717314114	5.258327826213443e-06	2.401949840213814e-06	1.0703106731188527e-06
n152	4.498750086808587e-08	0.9999992081357179	4.8255449830239135e-08	2.431664248187577e-07	2.165184571816224e-08	8.69967157773897e-08	1.7055963925818742e-07	1.0615059261133552e-07	4.8489261504141753e-08	2.160685176288963e-08
n22	1.2195024237345611e-05	0.04974311023747015	0.0018489013041063705	6.591654097416456e-05	5.869292097166178e-06	2.3582707127686293e-05	0.9482526488914794	2.8774640270771595e-05	1.3144266913574555e-05	5.857095323295753e-06
n83	3.2852784725808767e-07	0.9975980306135277	6.568983987803087e-07	1.7757586116397512e-06	1.5811579051259863e-07	6.353063232171751e-07	0.0023971276791220444	7.752131932546982e-07	3.5409997012544566e-07	1.5778721553110183e-07
n109	5.989018617983244e-06	0.004147832663331157	6.424730926859926e-06	3.237184145300363e-05	2.8824296664097136e-06	1.1581549105666552e-05	0.9957694548113035	1.4131320824637719e-05	6.455194982183315e-06	2.876439788540866e-06
EU482545	0.0	1.0	0.0	0.0	0.0	0.0	0.0	0.0	0.0	0.0
GQ398284	0.0	1.0	0.0	0.0	0.0	0.0	0.0	0.0	0.0	0.0
EU529701	0.0	1.0	0.0	0.0	0.0	0.0	0.0	0.0	0.0	0.0
n172	1.6856337920352563e-07	5.650784570845537e-07	1.808080362142205e-07	9.11122029249076e-07	8.112716220720424e-08	3.2596743873887375e-07	6.334179915157421e-07	0.9999968712728261	1.816841047942314e-07	8.095857464403482e-08
JX649148	0.0	0.0	0.0	0.0	0.0	0.0	0.0	1.0	0.0	0.0
n175	1.206899907089259e-08	4.0459182357737057e-08	1.294570642413592e-08	6.523694151095869e-08	5.8086379727903335e-09	2.3339000444685694e-08	4.53522063150314e-08	0.9999997759843261	1.3008432663894359e-08	5.796567242167898e-09
FM210237	0.0	0.0	0.0	0.0	0.0	0.0	0.0	1.0	0.0	0.0
n183	1.635654096653699e-08	5.4832375911927974e-08	1.7544700784801724e-08	8.841112462434335e-08	7.872171039750031e-09	3.163023790876845e-08	6.146369025128267e-08	0.9999996964036363	1.762971020998411e-08	7.855812152093458e-09
n189	1.0097273800607099e-07	3.384929747818785e-07	1.0830752537299814e-07	5.457799675066756e-07	4.8596745825961696e-08	1.9526082684450055e-07	3.7942967925666105e-07	0.9999981258314762	1.0883230752618642e-07	4.849575860129042e-08
EU726767	0.0	0.0	0.0	0.0	0.0	0.0	0.0	1.0	0.0	0.0
AF100462	0.0	0.0	0.0	0.0	0.0	0.0	0.0	1.0	0.0	0.0
GQ868542	0.0	0.0	0.0	0.0	0.0	0.0	0.0	1.0	0.0	0.0
n204	1.2911889951611904e-08	4.328478657745591e-08	1.3849825964604492e-08	6.979134329570455e-08	6.214309391891074e-09	2.4968980238650795e-08	4.8519574290226545e-08	0.9999997603409622	1.3916932396173586e-08	6.2013956494568955e-09
n285	2.031030817776208e-08	6.808665176758571e-08	2.1785674645900447e-08	1.0978127104458415e-07	9.775063087918625e-09	3.9276022753596916e-08	7.632093443960161e-08	0.9999996230180918	2.1891232570494433e-08	9.754749865799376e-09
n287	1.8655820779190644e-11	6.25402806158308e-11	2.001100319062019e-11	1.1371144232691375e-10	8.97878178299437e-12	3.6076579193062717e-11	7.010379469103917e-11	0.9999999996408542	2.0107962316292565e-11	8.96012328564476e-12
DQ181802	0.0	0.0	0.0	0.0	0.0	0.0	0.0	1.0	0.0	0.0
n316	9.562762613615616e-08	3.205744010918188e-07	1.0257413781823291e-07	6.740761990566627e-06	4.602421933950808e-08	1.3939784106594549e-05	3.5934411831938097e-07	0.9999782463096828	1.0307113933520177e-07	4.592857799357509e-08
AY858036	0.0	0.0	0.0	0.0	0.0	0.0	0.0	1.0	0.0	0.0
n314	1.0614312368352467e-07	3.5582571354933463e-07	1.1385349440433999e-07	5.737250029985784e-07	5.10851790762348e-08	2.052593668187109e-07	3.988586639334722e-07	0.999998029865287	1.1440514767381291e-07	5.097902072408465e-08
EU081180	0.0	0.0	0.0	0.0	0.0	0.0	0.0	1.0	0.0	0.0
JN851121	0.0	0.0	0.0	0.0	0.0	0.0	0.0	1.0	0.0	0.0
GU370051	0.0	0.0	0.0	0.0	0.0	0.0	0.0	1.0	0.0	0.0
n310	2.910223481479822e-07	9.756000303640638e-07	3.1216257951107564e-07	3.168113190787951e-05	1.4006492605829773e-07	5.627783926962792e-07	1.0935874216704569e-06	0.9999644902034338	3.1367509792911276e-07	1.3977386195686447e-07
n312	2.8417376514859995e-07	9.52641388786976e-07	3.0481650678279024e-07	1.5791408001861122e-06	1.3676880025386047e-07	5.49534532003113e-07	1.0678522014306973e-06	0.9999946822939882	3.0629343133916833e-07	1.3648458571799997e-07
FJ196852	0.0	0.0	0.0	1.0	0.0	0.0	0.0	0.0	0.0	0.0
DQ645550	0.0	0.0	0.0	1.0	0.0	0.0	0.0	0.0	0.0	0.0
n333	8.500032590943556e-09	2.849482902808144e-08	9.117485706512649e-09	5.360276950894569e-07	4.090945056003469e-09	1.64373415967638e-08	3.194094468823918e-08	2.005615359002534e-08	0.9999993411390247	4.195548023075261e-09
n339	1.2453435527994858e-07	4.174790065633042e-07	1.3358068831946556e-07	6.740033864153077e-07	5.993661784057185e-08	2.408242222998529e-07	4.679682002661895e-07	2.938435863188455e-07	0.9999975280176703	5.981226646356193e-08
JX966379	0.0	0.0	1.0	0.0	0.0	0.0	0.0	0.0	0.0	0.0
AF100469	0.0	0.0	1.0	0.0	0.0	0.0	0.0	0.0	0.0	0.0
FJ898449	0.0	0.0	1.0	0.0	0.0	0.0	0.0	0.0	0.0	0.0
AF100465	0.0	0.0	0.0	0.0	0.0	0.0	1.0	0.0	0.0	0.0
AF100468	0.0	0.0	0.0	0.0	0.0	0.0	1.0	0.0	0.0	0.0
AF100467	0.0	0.0	0.0	0.0	0.0	0.0	1.0	0.0	0.0	0.0
n119	1.1519073330415741e-07	0.9999444085568898	1.2355833387254615e-07	6.226289135776766e-07	5.543966518559636e-08	2.2275554970580264e-07	5.400058858523675e-05	2.717998613644564e-07	1.2415700989413065e-07	5.532445792575537e-08
n139	3.473501897648318e-08	0.001553334871367689	3.7258214676958205e-08	1.8774971308273668e-07	1.6717471684006006e-08	6.717049213273894e-08	0.9984461854176351	8.195861366566529e-08	3.7438741554316217e-08	1.6682731681559448e-08
n153	3.1970747563779313e-09	0.9999999438254064	3.429314309401558e-09	1.7280827415739188e-08	1.5387067082814378e-09	6.182495104370653e-09	1.2021111110836358e-08	7.54362464598268e-09	3.4459303337746405e-09	1.5355091748373492e-09
EU482576	0.0	1.0	0.0	0.0	0.0	0.0	0.0	0.0	0.0	0.0
n23	1.1664112097542498e-05	0.01649645412962058	0.005315431823276164	6.304685485163817e-05	5.613771618831018e-06	2.2556030570034977e-05	0.9780395372187433	2.7521924031974275e-05	1.257202935680515e-05	5.602105833270922e-06
EU920828	0.0	0.0	0.0	0.0	0.0	0.0	1.0	0.0	0.0	0.0
n84	2.917697806130941e-07	0.9999860489262682	3.1408579769038863e-07	1.5770739216649874e-06	1.404246546964712e-07	5.642236662242019e-07	9.920440229323318e-06	6.884421288364744e-07	3.144807094295641e-07	1.4013284305533776e-07
n85	5.153213801485592e-08	0.999982452097791	5.680957714428687e-08	2.785414953546178e-07	2.480168669730287e-08	9.965271858690723e-08	1.6834678869720887e-05	1.2159225273125443e-07	5.554332353348516e-08	2.475014716591744e-08
n110	3.6240753712816936e-07	7.35631915795343e-05	3.8874488935881213e-07	1.9588850998151843e-06	1.7442160443650172e-07	7.008227817001775e-07	0.9999214317360482	8.551145104651694e-07	3.906168045872522e-07	1.7405914490437923e-07
n111	3.2053027367468106e-09	8.968165730412437e-07	3.4382821776017722e-09	1.7325301292478036e-08	1.5426667184638763e-09	6.1984063520290815e-09	0.999999058916173	7.563035085745439e-09	3.4547987679418326e-09	1.5394609558589406e-09
FJ639702	0.0	0.0	0.0	0.0	0.0	0.0	0.0	1.0	0.0	0.0
FJ639697	0.0	0.0	0.0	0.0	0.0	0.0	0.0	1.0	0.0	0.0
n176	3.666301571457981e-09	1.2290616022141296e-08	3.932626353596315e-09	1.981709365073276e-08	1.764538915247529e-09	7.089884736922505e-09	1.3777021964510779e-08	0.9999999319493637	3.95168107163985e-09	1.7608720876678914e-09
n179	4.3565742971544076e-08	1.460463112782191e-07	4.6730413629271204e-08	2.3548158247871214e-07	2.0967573819732347e-08	8.424732394543055e-08	1.6370890013294704e-07	0.9999991913713139	4.69568360775143e-08	2.0924001826337397e-08
n184	1.1284016952639144e-08	3.7827635491997346e-08	1.2103702212562491e-08	6.099236839674338e-08	5.430837219789136e-09	2.1821003538049597e-08	4.2402444636491103e-08	0.999999790556092	1.2162348168359084e-08	5.4195515839066e-09
n187	1.3299388364614168e-08	4.45838053356056e-08	1.4265472752312797e-08	7.18858535395785e-08	6.400806878802616e-09	2.571832369402124e-08	4.997569404553748e-08	0.9999997531485566	1.4334593114671142e-08	6.387505582360631e-09
FM210227	0.0	0.0	0.0	0.0	0.0	0.0	0.0	1.0	0.0	0.0
FM210204	0.0	0.0	0.0	0.0	0.0	0.0	0.0	1.0	0.0	0.0
n205	6.388472002457634e-08	2.1416202292516455e-07	6.852538686851257e-08	3.453096675462736e-07	3.074680911429977e-08	1.2354011053558037e-07	2.400624099848217e-07	0.9999988142285453	6.885741228142317e-08	3.068291522866655e-08
DQ181799	0.0	0.0	0.0	0.0	0.0	0.0	0.0	1.0	0.0	0.0
AF169680	0.0	0.0	0.0	0.0	0.0	0.0	0.0	1.0	0.0	0.0
AF169679	0.0	0.0	0.0	0.0	0.0	0.0	0.0	1.0	0.0	0.0
AF022434	0.0	0.0	0.0	0.0	0.0	0.0	0.0	1.0	0.0	0.0
n289	2.027040173269922e-08	6.79528725947393e-08	2.174286934620707e-08	4.353705158078853e-07	9.755856682250638e-09	3.919885177073513e-08	7.617097624346286e-08	0.9999992979538526	2.184821986668479e-08	9.735583372301869e-09
n292	1.785900553517903e-08	5.986910095832444e-08	1.915630627972164e-08	9.653193094978427e-08	8.595285914223804e-09	3.4535699882895276e-08	6.710956715562093e-08	0.9999996685165551	1.9249124150484928e-08	8.577424346438132e-09
n317	1.9775153924066808e-07	6.629264347414215e-07	2.1211646110521425e-07	1.0961974328767225e-06	9.517500940369922e-08	4.4276888448433457e-07	7.430996186577926e-07	0.999996241843163	2.1314422700053228e-07	9.497722949283518e-08
n318	1.2136324514244317e-05	4.068484307118981e-05	1.3017922473174466e-05	0.0010650331289751523	5.8410407534870494e-06	0.002232234383069571	4.5605198083775024e-05	0.9965665372582809	1.3080998090584536e-05	5.828902687761437e-06
JN851129	0.0	0.0	0.0	0.0	0.0	0.0	0.0	1.0	0.0	0.0
JN851128	0.0	0.0	0.0	0.0	0.0	0.0	0.0	1.0	0.0	0.0
n311	1.9533165480577096e-07	6.548142078171083e-07	2.0952079320498965e-07	1.569442364633686e-05	9.40103533674559e-08	3.777319148833123e-07	7.340063129484234e-07	0.9999817358101408	2.1053598233770612e-07	9.381499368821019e-08
JX470186	0.0	0.0	0.0	1.0	0.0	0.0	0.0	0.0	0.0	0.0
JN851130	0.0	0.0	0.0	0.0	0.0	0.0	0.0	1.0	0.0	0.0
AY858035	0.0	0.0	0.0	0.0	0.0	0.0	0.0	1.0	0.0	0.0
n334	3.1921117239404235e-05	0.00010700979889075585	3.4239907559488867e-05	0.003816761158770289	1.536318071203215e-05	6.172897604713858e-05	0.00011995138009451163	7.531910007769381e-05	0.9957223740684725	1.533131213623728e-05
n335	6.788216565889941e-09	2.275627397671677e-08	7.281321200842796e-09	3.675355731221009e-08	3.2670722967503456e-09	1.3127036082601416e-08	2.5508378649535063e-08	1.601705726780298e-08	0.999999149997678	7.185034086107929e-07
FJ898454	0.0	0.0	0.0	0.0	0.0	0.0	0.0	0.0	1.0	0.0
DQ448231	0.0	0.0	0.0	0.0	0.0	0.0	0.0	0.0	1.0	0.0
n120	2.4185643955621427e-08	0.9999989899054333	2.594251971545385e-08	1.3072823470950728e-07	1.1640207200154038e-08	4.677013731173822e-08	6.76076600952771e-07	5.706698604615536e-08	2.6068218762259305e-08	1.1616018086258391e-08
FJ898450	0.0	1.0	0.0	0.0	0.0	0.0	0.0	0.0	0.0	0.0
EU569708	0.0	1.0	0.0	0.0	0.0	0.0	0.0	0.0	0.0	0.0
n141	2.075516245628102e-07	0.0004351953845395974	2.2262843701725056e-07	1.1218579724369532e-06	9.98916513892612e-08	4.0136280835958275e-07	0.9995619382057429	4.897260175766314e-07	2.2370713649059693e-07	9.968406998704638e-08
n142	7.549697809627275e-09	0.00015711847907942737	8.098117405014753e-09	4.080762410345622e-08	3.633562412638844e-09	1.4599586592115664e-08	0.9998427772551636	1.781380191958543e-08	8.137355137159563e-09	3.6260116316660526e-09
n154	9.896374252283003e-10	0.9999999826136734	1.0615259391802407e-09	5.349187883510878e-09	4.762984481133512e-10	1.9137583581149856e-09	3.7188531347418248e-09	2.33508747853999e-09	1.0666693408357446e-09	4.753086687037904e-10
EU482575	0.0	1.0	0.0	0.0	0.0	0.0	0.0	0.0	0.0	0.0
n24	5.651010963945091e-08	6.122654488509958e-07	0.9999733287064093	3.054484259318273e-07	2.71975137942834e-08	1.092791075635914e-07	2.533920544581342e-05	1.3333777057108657e-07	6.090877311531237e-08	2.7140995577078498e-08
n65	6.968086664406573e-07	0.0006781621986477422	0.00021851349627039645	3.7663899733693657e-06	3.3536412225018085e-07	1.3474868425692787e-06	0.9990944483940969	1.6441469428107792e-06	7.510472239377355e-07	3.346672136118607e-07
EU677142	0.0	1.0	0.0	0.0	0.0	0.0	0.0	0.0	0.0	0.0
EU482546	0.0	1.0	0.0	0.0	0.0	0.0	0.0	0.0	0.0	0.0
n86	4.1569385730067544e-08	0.9999892677277774	4.46058465828066e-08	2.2469082999865118e-07	2.0006755411143536e-08	8.038677333193994e-08	1.0158157804663435e-05	9.808456168493832e-08	4.4805085322455e-08	1.9965180061409546e-08
n90	8.977858834401682e-08	0.9999983096987733	9.631048483634846e-08	4.852711960218448e-07	4.3209160458132386e-08	1.7361360781548757e-07	4.503959761299025e-07	2.1183602289642044e-07	9.67668210688079e-08	4.3119368989158943e-08
EU920835	0.0	0.0	0.0	0.0	0.0	0.0	1.0	0.0	0.0	0.0
EU920834	0.0	0.0	0.0	0.0	0.0	0.0	1.0	0.0	0.0	0.0
JN819419	0.0	0.0	0.0	0.0	0.0	0.0	1.0	0.0	0.0	0.0
n113	1.757499180486122e-07	6.078498252795261e-07	1.8851661732677102e-07	9.499633989051608e-07	8.458594136462823e-08	3.398647484718116e-07	0.9999969649406821	4.1468867042017785e-07	1.89430032108525e-07	8.44101662315522e-08
FJ850085	0.0	0.0	0.0	0.0	0.0	0.0	1.0	0.0	0.0	0.0
n177	3.754509051685391e-10	1.2586315687610387e-09	4.0272413367249097e-10	2.0293871254641154e-09	1.8069919236661007e-10	7.260460139401133e-10	1.4108483075619235e-09	0.9999999930312135	4.0467544913776393e-10	1.803236875951014e-10
FM210213	0.0	0.0	0.0	0.0	0.0	0.0	0.0	1.0	0.0	0.0
n180	1.3192329016640628e-08	4.422490805770085e-08	1.4150636477928236e-08	7.130717249356906e-08	6.3492807339790266e-09	2.5511292595656795e-08	4.9573392445472146e-08	0.9999997551357012	1.4219200423868918e-08	6.336086512244929e-09
FM210243	0.0	0.0	0.0	0.0	0.0	0.0	0.0	1.0	0.0	0.0
n185	3.5237718004937915e-09	1.1812810588185917e-08	3.779743039842702e-09	1.9046690176927215e-08	1.69594135922416e-09	6.814261024667787e-09	1.3241431602700412e-08	0.9999999345948765	3.7980569932692515e-09	1.692417081864383e-09
FM210218	0.0	0.0	0.0	0.0	0.0	0.0	0.0	1.0	0.0	0.0
n188	1.4591850261098258e-08	4.891655107853551e-08	1.5651820715258658e-08	7.887186426224438e-08	7.022850447334459e-09	2.8217683250115244e-08	5.483243471160726e-08	0.9999997291590303	1.57276583350749e-08	7.008256503565104e-09
EU482449	0.0	0.0	0.0	0.0	0.0	0.0	0.0	1.0	0.0	0.0
n206	8.811278219756475e-08	2.953822396613068e-07	9.451340611379872e-08	4.7626718119001554e-07	4.24074316004856e-08	1.703922760888214e-07	3.3110526017297606e-07	0.9999983645287658	9.497135103209205e-08	4.231930617665359e-08
AF100461	0.0	0.0	0.0	0.0	0.0	0.0	0.0	1.0	0.0	0.0
n290	3.8194125668762865e-07	1.2803893034098734e-06	4.0968595253289124e-07	5.242729992977209e-05	1.8382290644355322e-07	7.385970393411148e-07	1.4352373856814372e-06	0.9999425479143158	4.11671000027981e-07	1.8344091038934788e-07
EU687246	0.0	0.0	0.0	0.0	0.0	0.0	0.0	1.0	0.0	0.0
n293	8.306255803172671e-08	2.7845227232067587e-07	8.90963272786151e-08	4.4896972585931433e-07	3.9976830380793144e-08	1.6062616532810932e-07	3.1212781167279835e-07	0.9999984582665284	8.952802487574449e-08	3.9893755905688e-08
n295	2.0653277571030792e-07	6.923639491486081e-07	2.2153557769576288e-07	1.1163508918106146e-06	9.940129389576105e-08	3.993925610170329e-07	7.760972554751359e-07	0.9999961665219819	2.226089819481162e-07	9.919473148857407e-08
JN851127	0.0	0.0	0.0	0.0	0.0	0.0	0.0	1.0	0.0	0.0
JN851126	0.0	0.0	0.0	0.0	0.0	0.0	0.0	1.0	0.0	0.0
n319	2.9954595712990406e-05	0.00010041738949989242	3.213053542275674e-05	0.004050263956551238	1.4416721809675673e-05	0.0014591714044956542	0.00011256169603960221	0.9941544107203477	3.228621720404505e-05	1.4386762916345018e-05
HM488257	0.0	0.0	0.0	0.0	0.0	1.0	0.0	0.0	0.0	0.0
EU482640	0.0	0.0	0.0	0.0	0.0	0.0	0.0	1.0	0.0	0.0
EU179859	0.0	0.0	0.0	0.0	0.0	0.0	0.0	1.0	0.0	0.0
KF479233	0.0	0.0	0.0	1.0	0.0	0.0	0.0	0.0	0.0	0.0
JQ955624	0.0	0.0	0.0	0.0	0.0	0.0	0.0	0.0	1.0	0.0
n336	1.710980361355873e-08	5.7357536392464266e-08	1.83526813831593e-08	9.248295338777119e-08	8.234705661805633e-09	3.308689509554026e-08	6.429425828676718e-08	4.0371237667141384e-08	0.9999996483747863	2.033514227529936e-08
n337	1.8010733036402466e-07	6.037774009117015e-07	1.9319055458491288e-07	9.735507864243265e-07	8.66831020728969e-08	3.4829110142269027e-07	6.767972023120239e-07	4.2497015184668597e-07	0.9999625821767257	3.393045564421375e-05
n121	2.477611810738462e-07	0.9999955856044407	2.6575886655771157e-07	1.3391986539906725e-06	1.192439402955891e-07	4.791199473757725e-07	9.92668270879493e-07	5.84602009995139e-07	2.670465454959104e-07	1.1899614356795544e-07
n122	4.190097972405479e-08	0.9999992630188325	4.4944719874424196e-08	2.264831617452563e-07	2.0166346894563243e-08	8.102800896157166e-08	1.5830405182407477e-07	9.886696831377008e-08	4.516249010318737e-08	2.0124439903261125e-08
AF100466	0.0	0.0	0.0	0.0	0.0	0.0	1.0	0.0	0.0	0.0
GQ868595	0.0	0.0	0.0	0.0	0.0	0.0	1.0	0.0	0.0	0.0
n143	2.0239891322872237e-08	3.501174518900197e-07	2.1710142621630273e-08	1.0940065388382472e-07	9.741172454995847e-09	3.9139850817125845e-08	0.9999993703577732	4.775679963499808e-08	2.1815334571617e-08	9.720929659834267e-09
n150	1.6489184912395578e-07	5.17899015395812e-05	1.7686980154780063e-07	8.912733683450335e-07	7.936010688577494e-08	3.188674421575806e-07	0.9999459328452731	3.8906864060368876e-07	1.7772678713480586e-07	7.919519137944223e-08
n155	4.199603570729719e-09	0.9999999262199761	4.5046680844485625e-09	2.26996958314437e-08	2.02120959902907e-09	8.121182798233735e-09	1.5781034448813227e-08	9.909125650593164e-09	4.526494510377888e-09	2.0170093929367553e-09
n166	6.752424799376654e-08	0.9999988137116899	7.24292947515179e-08	3.6498204292152703e-07	3.2498462274739325e-08	1.3057822054745992e-07	2.537388253616873e-07	1.5932605222353545e-07	7.27802357326004e-08	3.243092833896998e-08
n25	5.610969562398996e-10	5.345912724714513e-09	0.9999997794908788	3.0328410822789888e-09	2.7004800211202325e-10	1.0850478794990248e-09	2.0801598600485898e-07	1.323929783285893e-09	6.047719146424993e-10	2.6948682465460695e-10
n60	2.584485506508593e-09	1.1368931260038893e-08	0.9999997852561051	1.3969660204933548e-08	1.243876196009376e-09	4.997871557218189e-09	1.7045392822389035e-07	6.098192650203626e-09	2.78565804136833e-09	1.2412913397039871e-09
n66	3.2782534396967146e-08	6.804800611253581e-06	2.1924087290608104e-06	1.7719614407932044e-07	1.5777768564983218e-08	6.339478237489123e-08	0.9999905852085217	7.735164863951529e-08	3.5334278458679154e-08	1.5744981327241217e-08
n70	1.5034503595764532e-07	2.3668827307318784e-06	7.615265220825764e-07	8.126449386300114e-07	7.235893215300837e-08	2.9073685152785143e-07	0.9999949565038743	3.547448775064054e-07	1.6204767151548566e-07	7.220856554688871e-08
n87	2.4563659097449894e-06	0.9993459706445876	2.6348081987908146e-06	1.3277148202883866e-05	1.1822140523234347e-06	4.750114203975342e-06	0.0006201054921565505	5.7958895495716235e-06	2.647565804409522e-06	1.1797573339962635e-06
n89	1.6806637721395847e-07	0.9999968943248577	1.8027518853542298e-07	9.084323265271051e-07	8.088796220350576e-08	3.250063365753113e-07	7.845796023526121e-07	3.9655906123601613e-07	1.8114841580294594e-07	8.071987171363016e-08
n91	1.939983999901595e-08	0.9999996345882597	2.0809190737203127e-08	1.0486000874597295e-07	9.336867674590021e-09	3.751536168475065e-08	9.74884452638632e-08	4.5774666341117344e-08	2.0909894893364295e-08	9.317465051275357e-09
EU482726	0.0	1.0	0.0	0.0	0.0	0.0	0.0	0.0	0.0	0.0
FJ850088	0.0	0.0	0.0	0.0	0.0	0.0	1.0	0.0	0.0	0.0
EU920840	0.0	0.0	0.0	0.0	0.0	0.0	1.0	0.0	0.0	0.0
n178	5.407969185511172e-09	1.8129243115482127e-08	5.80081090544946e-09	2.9231153255589526e-08	2.602778820646946e-09	1.0457917177911993e-08	2.0321762626462635e-08	0.9999998996220771	5.82891752000762e-09	2.597370075574352e-09
FM210222	0.0	0.0	0.0	0.0	0.0	0.0	0.0	1.0	0.0	0.0
n181	8.470345744406233e-09	2.8395309219505233e-08	9.085642369915755e-09	4.578391001723748e-08	4.076657198077888e-09	1.6379933247511968e-08	3.1829389125045676e-08	0.9999998427809623	9.129664947493397e-09	4.06818563708398e-09
FM210235	0.0	0.0	0.0	0.0	0.0	0.0	0.0	1.0	0.0	0.0
n186	7.764861215170389e-09	2.6030299341289796e-08	8.328910552400723e-09	4.1970625272045604e-08	3.737117506189726e-09	1.5015669043341863e-08	2.9178359015964642e-08	0.9999998558755401	8.369266544415259e-09	3.7293515309416704e-09
FM210220	0.0	0.0	0.0	0.0	0.0	0.0	0.0	1.0	0.0	0.0
FM210241	0.0	0.0	0.0	0.0	0.0	0.0	0.0	1.0	0.0	0.0
FM210221	0.0	0.0	0.0	0.0	0.0	0.0	0.0	1.0	0.0	0.0
n207	1.7659350731389018e-09	5.919979417181983e-09	1.8942148298523566e-09	9.545231673228149e-09	8.499194890603089e-10	3.414960792663893e-09	6.635931555642101e-09	0.9999999672222809	1.903392851163347e-09	8.481533006265893e-10
FJ906957	0.0	0.0	0.0	0.0	0.0	0.0	0.0	1.0	0.0	0.0
n291	9.945096195846311e-06	3.333914461342948e-05	1.0667520558950132e-05	0.0015843542972773011	4.786433661122757e-06	1.9231801952785984e-05	3.7371123476588795e-05	0.99828480888733	1.0719207796048313e-05	4.776487138093397e-06
DQ181798	0.0	0.0	0.0	0.0	0.0	0.0	0.0	1.0	0.0	0.0
n294	1.853898900221549e-07	6.21486231163643e-07	1.9885684605633382e-07	1.0020693723948325e-06	8.922552306779126e-08	3.585065019726989e-07	6.966477080656921e-07	0.9999965589574555	1.998203652634364e-07	8.904010657968466e-08
AF100460	0.0	0.0	0.0	0.0	0.0	0.0	0.0	1.0	0.0	0.0
FJ687434	0.0	0.0	0.0	0.0	0.0	0.0	0.0	1.0	0.0	0.0
FJ639828	0.0	0.0	0.0	0.0	0.0	0.0	0.0	1.0	0.0	0.0
KC131142	0.0	0.0	0.0	1.0	0.0	0.0	0.0	0.0	0.0	0.0
EU179858	0.0	0.0	0.0	0.0	0.0	0.0	0.0	1.0	0.0	0.0
KJ010186	0.0	0.0	0.0	0.0	0.0	0.0	0.0	0.0	1.0	0.0
KJ010185	0.0	0.0	0.0	0.0	0.0	0.0	0.0	0.0	1.0	0.0
n338	1.2432808889071333e-08	4.167875356268562e-08	1.3335943847889553e-08	6.72027994304258e-08	5.983734475470618e-09	2.404253448763243e-08	4.6719310402283795e-08	2.9335689284773455e-08	0.9999987927682529	9.665001728293655e-07
KJ830750	0.0	0.0	0.0	0.0	0.0	0.0	0.0	0.0	0.0	1.0
GQ398282	0.0	1.0	0.0	0.0	0.0	0.0	0.0	0.0	0.0	0.0
GQ398269	0.0	1.0	0.0	0.0	0.0	0.0	0.0	0.0	0.0	0.0
n123	4.744695363645438e-09	0.9999999166370994	5.089356034462765e-09	2.5646025810216688e-08	2.283554543173828e-09	9.175279933244105e-09	1.7835873694181727e-08	1.1195290636660183e-08	5.114015443420699e-09	2.278809167083699e-09
GQ398270	0.0	1.0	0.0	0.0	0.0	0.0	0.0	0.0	0.0	0.0
n144	4.342517255373803e-07	1.4904401591976605e-06	4.6579631998575814e-07	2.3472172832411637e-06	2.0899919272584565e-07	8.39754892132522e-07	0.999992512288713	1.0246335969130653e-06	4.680532385168749e-07	2.0856487869775196e-07
n145	1.263481667810803e-08	4.384501017495314e-08	1.355262573815795e-08	6.82937069294064e-08	6.080957957497676e-09	2.4433176640827138e-08	0.9999997816607579	2.981233440859002e-08	1.3618292148263283e-08	6.068321328089002e-09
n151	3.7036557611179564e-07	1.4559176689730162e-06	3.972693998827405e-07	2.001899889497033e-06	1.7825169566112627e-07	7.162120174248751e-07	0.9999934291164123	8.738917777582384e-07	3.991942855719801e-07	1.7788127694827186e-07
GQ868552	0.0	0.0	0.0	0.0	0.0	0.0	1.0	0.0	0.0	0.0
n156	1.4665781693507855e-09	0.99999997423467	1.5731122620403784e-09	7.927147835888177e-09	7.058432596539634e-10	2.8360651667717266e-09	5.5110250101050495e-09	3.460447423568799e-09	1.5807344480976547e-09	7.04376471073085e-10
n161	2.2790949529743196e-09	0.9999999599601068	2.44465129224264e-09	1.2318963285981338e-08	1.0968960566080233e-09	4.407308074657217e-09	8.564254907696581e-09	5.377611928847134e-09	2.4564963381711895e-09	1.0946166346708753e-09
EU482744	0.0	1.0	0.0	0.0	0.0	0.0	0.0	0.0	0.0	0.0
EU482590	0.0	1.0	0.0	0.0	0.0	0.0	0.0	0.0	0.0	0.0
n26	1.4185162100422336e-10	4.774072859299867e-10	0.9999999970712129	7.667363349330606e-10	6.827117207202276e-11	2.7431230710209593e-10	6.444815866090151e-10	3.3470433877456955e-10	1.5289314168581214e-10	6.81293000994158e-11
n48	7.303269212639567e-10	2.44939485842583e-09	0.9999999854376737	3.9475628332523625e-09	3.514959826152267e-10	1.4123043592481902e-09	2.810067060666986e-09	1.7232343736369782e-09	7.871744902121954e-10	3.507655509131836e-10
n61	8.649779170317595e-10	2.9038183244385275e-09	0.9999999825820133	4.675378351039208e-09	4.1630159595015763e-10	1.67269211542026e-09	3.4961264534518442e-09	2.0409485610730483e-09	9.323065206276213e-10	4.154364939338254e-10
FJ898461	0.0	0.0	1.0	0.0	0.0	0.0	0.0	0.0	0.0	0.0
n67	1.229533874341168e-07	6.49582899005056e-07	2.0838159701603625e-07	6.645876090907177e-07	5.917572045301303e-08	2.3776695066506398e-07	0.9999975758619571	2.9011323211276456e-07	1.3252389752497352e-07	5.905274942532582e-08
n69	6.174654950531925e-07	2.3621540629726357e-06	7.564761432801522e-07	3.337524289628084e-06	2.971773798768091e-07	1.194053217755871e-06	0.9999890161279773	1.456933511124755e-06	6.655280972676177e-07	2.9655982579332545e-07
n71	1.5070131353638136e-09	5.41482074062141e-09	1.7333964344822525e-09	8.14570690080749e-09	7.253040349546535e-10	2.914258202114611e-09	0.9999999736555318	3.5558552763681885e-09	1.624316812147671e-09	7.237968056065143e-10
n81	9.004621735531009e-08	3.1388910294936447e-07	1.0046212680981708e-07	4.867177842651557e-07	4.333796650315407e-08	1.7413114812284373e-07	0.9999984386449622	2.124675024937824e-07	9.705528192707058e-08	4.324790736677231e-08
n88	9.639318357579677e-08	0.9999891427659782	1.0339543777759683e-07	5.210244039808022e-07	4.6392671270759516e-08	1.8640489539985897e-07	9.525987466175698e-06	2.2744341266640796e-07	1.038962866244724e-07	4.629626425755129e-08
EU920833	0.0	0.0	0.0	0.0	0.0	0.0	1.0	0.0	0.0	0.0
FJ898460	0.0	1.0	0.0	0.0	0.0	0.0	0.0	0.0	0.0	0.0
EU677145	0.0	1.0	0.0	0.0	0.0	0.0	0.0	0.0	0.0	0.0
n92	1.9102799477815505e-08	0.9999987926878263	2.0490454133761755e-08	1.0325444541902956e-07	9.193906287249689e-09	3.6940945473666964e-08	9.43491301172124e-07	4.507378782666913e-08	2.0589733176685708e-08	9.174800747072942e-09
EU920849	0.0	1.0	0.0	0.0	0.0	0.0	0.0	0.0	0.0	0.0
FM210234	0.0	0.0	0.0	0.0	0.0	0.0	0.0	1.0	0.0	0.0
FM210217	0.0	0.0	0.0	0.0	0.0	0.0	0.0	1.0	0.0	0.0
FM210236	0.0	0.0	0.0	0.0	0.0	0.0	0.0	1.0	0.0	0.0
FM210208	0.0	0.0	0.0	0.0	0.0	0.0	0.0	1.0	0.0	0.0
FM210202	0.0	0.0	0.0	0.0	0.0	0.0	0.0	1.0	0.0	0.0
EU482664	0.0	0.0	0.0	0.0	0.0	0.0	0.0	1.0	0.0	0.0
n208	2.0218621500451384e-10	6.777928868795429e-10	2.168732773241336e-10	1.0928568624671073e-09	9.73093559131988e-11	3.909871928814781e-10	7.597639939725909e-10	0.9999999962471992	2.1792409137631799e-10	9.710714069032324e-11
n278	1.7434174616242117e-08	5.8444931783509486e-08	1.8700615105640288e-08	9.42351948691689e-08	8.390820822017392e-09	3.371416292281769e-08	6.551316140794248e-08	0.9999996764023293	1.8791225020240926e-08	8.3733841461016e-09
FJ639831	0.0	0.0	0.0	0.0	0.0	0.0	0.0	1.0	0.0	0.0
FJ196851	0.0	0.0	0.0	1.0	0.0	0.0	0.0	0.0	0.0	0.0
GQ868544	0.0	0.0	0.0	0.0	0.0	0.0	0.0	1.0	0.0	0.0
AF100464	0.0	0.0	0.0	0.0	0.0	0.0	0.0	1.0	0.0	0.0
KF041233	0.0	0.0	0.0	0.0	0.0	0.0	0.0	0.0	1.0	0.0
KF360005	0.0	0.0	0.0	0.0	0.0	0.0	0.0	0.0	1.0	0.0
n124	3.615839060843409e-08	0.9999993647573628	3.878498182401903e-08	1.9544332095692677e-07	1.740252025038416e-08	6.992300460636263e-08	1.358740468970844e-07	8.531710906124298e-08	3.897290633190337e-08	1.7366356672093018e-08
n126	1.2464850699831396e-11	0.9999999997810134	1.3370313216299652e-11	6.737500687984364e-11	5.9991557442612956e-12	2.4104496860505558e-11	4.6839739149094505e-11	2.941129316584024e-11	1.3435096269256423e-11	5.986689105216095e-12
JX669488	0.0	0.0	0.0	0.0	0.0	0.0	1.0	0.0	0.0	0.0
AF489932	0.0	0.0	0.0	0.0	0.0	0.0	1.0	0.0	0.0	0.0
n146	7.631562839799505e-09	2.5640417479554867e-08	8.185929214488934e-09	4.125012093746183e-08	3.6729628898558348e-09	1.4757896981083482e-08	0.999999868963222	1.8006965137408645e-08	8.225592420370758e-09	3.6653302321076092e-09
JX669483	0.0	0.0	0.0	0.0	0.0	0.0	1.0	0.0	0.0	0.0
FJ898465	0.0	0.0	0.0	0.0	0.0	0.0	1.0	0.0	0.0	0.0
EU687220	0.0	0.0	0.0	0.0	0.0	0.0	1.0	0.0	0.0	0.0
n157	7.317116930306787e-10	0.9999999871450471	7.848641556518133e-10	3.955047801147821e-09	3.5216245361426835e-10	1.4149822273997855e-09	2.749585070985086e-09	1.726501795716559e-09	7.88667050568102e-10	3.514306369417839e-10
EU482587	0.0	1.0	0.0	0.0	0.0	0.0	0.0	0.0	0.0	0.0
n162	4.372633048692324e-10	0.9999999923180138	4.690266642483767e-10	2.3634954708495776e-09	2.1044862311880045e-10	8.455786766525222e-10	1.6431234687176783e-09	1.0317395338194107e-09	4.712992347361865e-10	2.100112970793004e-10
n165	1.7265296385935327e-08	0.999999696677566	1.851946934713981e-08	9.332237431457298e-08	8.309542126441891e-09	3.338758662677807e-08	6.487856028664547e-08	4.0738128825619403e-08	1.860920155789941e-08	8.292274352985546e-09
n27	4.782050974094698e-10	1.6031012275026595e-09	0.999999990508295	2.5847940343461257e-09	2.3015332683430036e-10	9.247518118560565e-10	1.797253210007891e-09	1.1283432631486505e-09	5.15427875941769e-10	2.2967505312829769e-10
n32	1.973264175431285e-10	6.61502273667697e-10	0.999999996083404	1.0665886868362578e-09	9.49704043638785e-11	3.81589328801787e-10	7.415605291685172e-10	4.6559924827693273e-10	2.1268601445786096e-10	9.47730496357047e-11
n49	4.264757470150126e-09	1.4296908304659576e-08	0.9999999153484221	2.305186566704051e-08	2.0525672461747546e-09	8.247177244685476e-09	1.6030421285409853e-08	1.0062858774352094e-08	4.5967198931048886e-09	2.04830187683532e-09
n52	2.3791365276186316e-09	7.975627688950586e-09	0.9999999527788286	1.285970797215893e-08	1.1450446467231447e-09	4.600768219508084e-09	8.94023235783458e-09	5.613663860112993e-09	2.564325001236725e-09	1.1426651688582812e-09
n62	4.437545345360233e-09	1.4876317838756761e-08	0.9999999119086975	2.3985818632974714e-08	2.1357275983576686e-09	8.581314002183246e-09	1.6689774023430632e-08	1.0470558391113342e-08	4.782957321334933e-09	2.1312894163529643e-09
FJ898438	0.0	0.0	1.0	0.0	0.0	0.0	0.0	0.0	0.0	0.0
n68	2.2332685737047716e-07	7.518676575623478e-07	2.405821865068523e-07	1.2071262555911148e-06	1.0748404706203526e-07	4.318689137950167e-07	0.999996162824821	5.269482829848807e-07	2.40710290121922e-07	1.0726068816372335e-07
GQ868553	0.0	0.0	0.0	0.0	0.0	0.0	1.0	0.0	0.0	0.0
KJ189305	0.0	0.0	0.0	0.0	0.0	0.0	1.0	0.0	0.0	0.0
EU482607	0.0	0.0	0.0	0.0	0.0	0.0	1.0	0.0	0.0	0.0
n72	7.513712280181412e-09	2.519064924263427e-08	8.060252988159224e-09	4.0613115131594464e-08	3.616243088012812e-09	1.4529997865985246e-08	0.9999998710398403	1.772889222324791e-08	8.098568547242756e-09	3.6087282977323485e-09
n76	2.586251568661734e-10	8.684271362264247e-10	2.778737133770106e-10	1.3979206123499553e-09	1.2447261766602377e-10	5.001286763757834e-10	0.9999999955593462	6.102359740866905e-10	2.787561571191207e-10	1.2421395540393167e-10
n82	6.035122081328682e-08	2.024226660363301e-07	6.476938566473202e-08	3.2621039877815484e-07	2.9046186090308225e-08	1.1670703866843966e-07	0.9999989640573875	1.4240101955494859e-07	6.504887071007014e-08	2.898582621084118e-08
GQ868555	0.0	0.0	0.0	0.0	0.0	0.0	1.0	0.0	0.0	0.0
AY702039	0.0	1.0	0.0	0.0	0.0	0.0	0.0	0.0	0.0	0.0
AF208496	0.0	1.0	0.0	0.0	0.0	0.0	0.0	0.0	0.0	0.0
n93	1.2983584945100363e-07	0.9998574863260619	1.3926728986364857e-07	7.017886905079445e-07	6.248815174782388e-08	2.510762383632177e-07	0.00014072056467551606	3.06352665073723e-07	1.3994208022070502e-07	6.235829727068566e-08
FJ898451	0.0	1.0	0.0	0.0	0.0	0.0	0.0	0.0	0.0	0.0
n209	1.0545429897646475e-08	3.535165527260143e-08	1.131146325996278e-08	5.700015419474303e-08	5.075365752036355e-09	2.039272575193694e-08	3.962702371679983e-08	0.9999998042650925	1.1366270586577634e-08	5.06481880917468e-09
n211	2.5902495886849584e-10	8.683345431903612e-10	2.7784085941420615e-10	1.4000816220006699e-09	1.2466503669586683e-10	5.009018124800077e-10	9.733494307914167e-10	0.9999999951922086	2.7918707911884556e-10	1.244059745744124e-10
n279	3.236901811647511e-08	1.0851130594700579e-07	3.472034452263469e-08	1.749610060167663e-07	1.5578749047686247e-08	6.25951256340981e-08	1.2163447683411678e-07	0.9999993991950238	3.488857468160694e-08	1.5546375385552364e-08
GQ868620	0.0	0.0	0.0	0.0	0.0	0.0	0.0	1.0	0.0	0.0
n125	5.144488351258451e-08	0.999999096199281	5.518190490228725e-08	2.780698673462667e-07	2.4759692343651506e-08	9.948398604846029e-08	1.9331669232127047e-07	1.2138617519835386e-07	5.5449277267444844e-08	2.4708240079286842e-08
EU569714	0.0	1.0	0.0	0.0	0.0	0.0	0.0	0.0	0.0	0.0
EU482729	0.0	1.0	0.0	0.0	0.0	0.0	0.0	0.0	0.0	0.0
n128	1.271126352146827e-09	0.9999999776684324	1.3634625776885857e-09	6.8706917381851544e-09	6.117750738295397e-10	2.4581009353801174e-09	4.776567157109236e-09	2.999271366669433e-09	1.3700689501008102e-09	6.105037651075449e-10
n138	3.0342129627144696e-08	0.9999994669394374	3.254622029046665e-08	1.6400526902465294e-07	1.4603236382788611e-08	5.867553378304441e-08	1.140179491998431e-07	7.159341826307723e-08	3.270391618573179e-08	1.4572889899943901e-08
n147	4.399892931153183e-07	1.4749909569769658e-06	4.71950671727633e-07	2.3782299816156716e-06	2.117606025752023e-07	8.508501858508185e-07	0.9999924484987405	1.038171607608578e-06	4.742374098813988e-07	2.1132055015635577e-07
n148	5.630761405561574e-08	1.887613336591381e-07	6.039787034082026e-08	3.0435389686905813e-07	2.7100055543542487e-08	1.0888752211404401e-07	0.9999990335974775	1.328599743662416e-07	6.069051557429129e-08	2.7043739850973665e-08
n158	1.3427041701883278e-10	0.9999999976410929	1.4402398989417891e-10	7.257584136587933e-10	6.462244618411561e-11	2.5965179394671806e-10	5.045538258101433e-10	3.168161972845577e-10	1.4472182797870368e-10	6.448815650317743e-11
EU482740	0.0	1.0	0.0	0.0	0.0	0.0	0.0	0.0	0.0	0.0
n163	2.2786491505521986e-08	0.999999599679385	2.444173106168864e-08	1.231655363487674e-07	1.0966814982289556e-08	4.406445983057147e-08	8.562579696381084e-08	5.376560040938725e-08	2.4560158351469258e-08	1.0944025221581895e-08
n164	1.0142977465642848e-08	0.9999998218048193	1.0879776174402835e-08	5.482481844239254e-08	4.881671108001898e-09	1.9614464253476676e-08	3.811471058943736e-08	2.3932744242219846e-08	1.093249185163954e-08	4.871526675312505e-09
GQ398314	0.0	1.0	0.0	0.0	0.0	0.0	0.0	0.0	0.0	0.0
GQ398308	0.0	1.0	0.0	0.0	0.0	0.0	0.0	0.0	0.0	0.0
n28	7.45798527082735e-09	2.5001553013378208e-08	0.9999998519738377	4.03118995190662e-08	3.589422469272353e-09	1.4422233115779413e-08	2.8025199602333892e-08	1.7597402207936508e-08	8.038503829782506e-09	3.5819634139964574e-09
n29	3.1806683211891605e-09	1.0662617957466275e-08	0.9999999368700646	1.719214735765099e-08	1.5308105238605047e-09	6.150768381321296e-09	1.1952137584394615e-08	7.504908860164407e-09	3.428246845855006e-09	1.527629399205453e-09
n33	2.006127945473015e-09	6.7251827824969966e-09	0.9999999601823539	1.0843522107322093e-08	9.655209097667203e-10	3.879445163677801e-09	7.538514946207917e-09	4.73353580827784e-09	2.162281981944647e-09	9.6351449399994e-10
n35	3.231815144099396e-10	1.0834078490789931e-09	0.9999999935854901	1.7468606147928029e-09	1.555426763866236e-10	6.249675978528321e-10	1.2144335269398428e-09	7.625591749942987e-10	3.483374861923015e-10	1.5521944850501853e-10
n50	1.8092950051485347e-09	6.06533580465455e-09	0.9999999640890949	9.77960076338485e-09	8.707880089848906e-10	3.498810119877422e-09	6.798868340075405e-09	4.269100938419698e-09	1.950127856243328e-09	8.689784543982659e-10
KJ189370	0.0	0.0	1.0	0.0	0.0	0.0	0.0	0.0	0.0	0.0
n53	2.4705144199102104e-10	8.281954843913001e-10	0.9999999950965207	1.3353623725349138e-09	1.1890235294743782e-10	4.777474557265646e-10	9.283560803067113e-10	5.82927350067615e-10	2.6628156137103833e-10	1.1865526606071397e-10
GQ868604	0.0	0.0	1.0	0.0	0.0	0.0	0.0	0.0	0.0	0.0
n63	4.069583695037735e-09	1.3642546836925332e-08	0.9999999192268572	2.1996912442358874e-08	1.9586328780631098e-09	7.869750690389622e-09	1.5292460773146634e-08	9.602338768429207e-09	4.386354079585388e-09	1.9545627105005772e-09
FJ898439	0.0	0.0	1.0	0.0	0.0	0.0	0.0	0.0	0.0	0.0
JN819408	0.0	0.0	0.0	0.0	0.0	0.0	1.0	0.0	0.0	0.0
FJ898466	0.0	0.0	0.0	0.0	0.0	0.0	1.0	0.0	0.0	0.0
n73	9.501919448904334e-09	3.185351089487755e-08	1.0192162667325661e-08	5.1359771862354444e-08	4.573138982256209e-09	1.837478787676047e-08	0.9999998369193945	2.2420143271647246e-08	1.0241534825641862e-08	4.563635699556829e-09
FJ639733	0.0	0.0	0.0	0.0	0.0	0.0	1.0	0.0	0.0	0.0
n77	1.665128986480005e-09	5.582383443069715e-09	1.7861950640043352e-09	9.00035464696219e-09	8.014029501623014e-10	3.2200222364064886e-09	0.9999999714210993	3.928935689615859e-09	1.7947401675971002e-09	7.997375822779972e-10
FJ639732	0.0	0.0	0.0	0.0	0.0	0.0	1.0	0.0	0.0	0.0
GU131947	0.0	0.0	0.0	0.0	0.0	0.0	1.0	0.0	0.0	0.0
GQ868558	0.0	0.0	0.0	0.0	0.0	0.0	1.0	0.0	0.0	0.0
n94	1.140403193357792e-06	0.9985673250118753	1.2232435234633347e-06	6.164106963536771e-06	5.488598726897596e-07	2.205308820455846e-06	0.001416925350890655	2.6908250611905687e-06	1.2291704936936487e-06	5.477193058815446e-07
EU687216	0.0	1.0	0.0	0.0	0.0	0.0	0.0	0.0	0.0	0.0
n210	1.8402232728399335e-08	6.16901723281804e-08	1.9738994183160794e-08	9.946774225680536e-08	8.856733452997022e-09	3.5586191259715154e-08	6.915087576781471e-08	0.999999658434094	1.9834635346145815e-08	8.838328580080748e-09
FJ639704	0.0	0.0	0.0	0.0	0.0	0.0	0.0	1.0	0.0	0.0
n212	2.5650441851919113e-10	8.598848854339534e-10	2.751372238267393e-10	1.3864575981383037e-09	1.2345193639652847e-10	4.960275979065902e-10	9.638778859449293e-10	0.9999999952389929	2.7647034363127873e-10	1.2319539517704789e-10
FJ810411	0.0	0.0	0.0	0.0	0.0	0.0	0.0	1.0	0.0	0.0
n280	2.8741471843308558e-09	9.635061012150752e-09	3.0829288701202873e-09	1.5535339410089683e-08	1.383286250750208e-09	5.558018579578421e-09	1.0800308735111034e-08	0.9999999466526316	3.097866556397633e-09	1.3804116912089279e-09
FJ687442	0.0	0.0	0.0	0.0	0.0	0.0	0.0	1.0	0.0	0.0
EU677144	0.0	1.0	0.0	0.0	0.0	0.0	0.0	0.0	0.0	0.0
EU482554	0.0	1.0	0.0	0.0	0.0	0.0	0.0	0.0	0.0	0.0
n129	9.829115182055101e-09	0.9999998273188555	1.0543114537660727e-08	5.312833013095741e-08	4.730613645154158e-09	1.9007518160694805e-08	3.693529654220713e-08	2.319217414967764e-08	1.059419899143327e-08	4.720783119778508e-09
EU482565	0.0	1.0	0.0	0.0	0.0	0.0	0.0	0.0	0.0	0.0
EU482728	0.0	1.0	0.0	0.0	0.0	0.0	0.0	0.0	0.0	0.0
EU569719	0.0	1.0	0.0	0.0	0.0	0.0	0.0	0.0	0.0	0.0
KC294201	0.0	0.0	0.0	0.0	0.0	0.0	1.0	0.0	0.0	0.0
JX669484	0.0	0.0	0.0	0.0	0.0	0.0	1.0	0.0	0.0	0.0
n149	8.93782145371512e-08	2.9962438721647304e-07	9.587076105865454e-08	4.831070956533925e-07	4.301646622687761e-08	1.7283936595706634e-07	0.9999984660100271	2.1089132422797163e-07	9.63352827561041e-08	4.292707518915309e-08
JX669486	0.0	0.0	0.0	0.0	0.0	0.0	1.0	0.0	0.0	0.0
n159	5.55419959098861e-08	0.999999024219857	5.957663672487118e-08	3.002155779209967e-07	2.67315743954348e-08	1.0740697167389026e-07	2.0871259024638396e-07	1.310534689953072e-07	5.98653028428218e-08	2.6676024430855767e-08
n160	2.1526990621291396e-08	0.9999996218067133	2.3090738440605966e-08	1.1635768258591781e-07	1.0360635081182811e-08	4.162884019574095e-08	8.089291533687262e-08	5.079375978002131e-08	2.3202619778537896e-08	1.033910500206131e-08
GQ398302	0.0	1.0	0.0	0.0	0.0	0.0	0.0	0.0	0.0	0.0
EU482561	0.0	1.0	0.0	0.0	0.0	0.0	0.0	0.0	0.0	0.0
GQ398297	0.0	1.0	0.0	0.0	0.0	0.0	0.0	0.0	0.0	0.0
GQ398296	0.0	1.0	0.0	0.0	0.0	0.0	0.0	0.0	0.0	0.0
FJ850065	0.0	0.0	1.0	0.0	0.0	0.0	0.0	0.0	0.0	0.0
GQ199898	0.0	0.0	1.0	0.0	0.0	0.0	0.0	0.0	0.0	0.0
n30	3.5038398160590483e-09	1.1745992198572467e-08	0.9999999304557549	1.8938953814829214e-08	1.686348377984696e-09	6.775716603412834e-09	1.3166532315415275e-08	8.267444393669775e-09	3.776573532601057e-09	1.6828440354690168e-09
GU369819	0.0	0.0	1.0	0.0	0.0	0.0	0.0	0.0	0.0	0.0
n34	3.3348403137628094e-09	1.1179451791503152e-08	0.9999999338100587	1.802547776091601e-08	1.6050113159217307e-09	6.448905791905739e-09	1.2531475482145481e-08	7.868683588056373e-09	3.594419358637537e-09	1.6016759971548862e-09
FJ850061	0.0	0.0	1.0	0.0	0.0	0.0	0.0	0.0	0.0	0.0
n36	1.5852153457626417e-10	5.314149065581743e-10	0.999999996853663	8.568405462589003e-10	7.629416489963847e-11	3.065485439442742e-10	5.95683312506189e-10	3.740376390215603e-10	1.708606167108906e-10	7.613562062180927e-11
FJ873808	0.0	0.0	1.0	0.0	0.0	0.0	0.0	0.0	0.0	0.0
n51	1.381486463459695e-09	4.6311846645657105e-09	0.999999972580244	7.46721017535066e-09	6.648898292055398e-10	2.671515040428488e-09	5.191272198087844e-09	3.2596702808482677e-09	1.4890193294899747e-09	6.635081445387498e-10
EU482634	0.0	0.0	1.0	0.0	0.0	0.0	0.0	0.0	0.0	0.0
n54	1.814106063721804e-10	6.081463991091957e-10	0.9999999963993605	9.805605495593776e-10	8.731035031990488e-11	3.5081137328181396e-10	6.816945799165813e-10	4.2804528155936744e-10	1.9553134005106e-10	8.712891368636033e-11
EU482687	0.0	0.0	1.0	0.0	0.0	0.0	0.0	0.0	0.0	0.0
n64	1.6954816732220064e-09	5.683797078211542e-09	0.9999999663480639	9.164416979300575e-09	8.160112675346473e-10	3.27871818551163e-09	6.371185774491656e-09	4.000554017796145e-09	1.8274554626479181e-09	8.143155426088688e-10
GQ868515	0.0	0.0	1.0	0.0	0.0	0.0	0.0	0.0	0.0	0.0
n74	1.8326847285670863e-09	6.143745663389575e-09	1.9658132785448193e-09	9.906026888670396e-09	8.820451509260275e-10	3.5440411080607113e-09	0.9999999685458031	4.3242898876575894e-09	1.975338201189037e-09	8.802122032602359e-10
HQ332189	0.0	0.0	0.0	0.0	0.0	0.0	1.0	0.0	0.0	0.0
n78	1.4519386284086425e-08	4.867362972426787e-08	1.5574093212776388e-08	7.848018194029892e-08	6.987974563586544e-09	2.8077552594028472e-08	0.9999997508051262	3.425904865391632e-08	1.564955386909374e-08	6.973453094190683e-09
FJ024473	0.0	0.0	0.0	0.0	0.0	0.0	1.0	0.0	0.0	0.0
n95	9.216977577306049e-07	0.0025314829151148726	9.886510483264438e-07	4.981960415223901e-06	4.4360005032688484e-07	1.7823768003777932e-06	0.9974557878980428	2.1747812000089094e-06	9.934413499582433e-07	4.4267822033219806e-07
FJ898453	0.0	1.0	0.0	0.0	0.0	0.0	0.0	0.0	0.0	0.0
GU131927	0.0	0.0	0.0	0.0	0.0	0.0	0.0	1.0	0.0	0.0
FJ639710	0.0	0.0	0.0	0.0	0.0	0.0	0.0	1.0	0.0	0.0
n213	7.47555904335075e-11	2.506046589238569e-10	8.018593105001484e-11	4.0406889268496974e-10	3.5978804765859525e-11	1.4456217232783176e-10	2.809123557621023e-10	0.9999999986124531	8.057445518804831e-11	3.590403845016206e-11
n274	1.595056376035771e-08	5.3471393478767624e-08	1.710923288117889e-08	8.621598196166295e-08	7.676779972057775e-09	3.08451599897652e-08	5.993813192661674e-08	0.999999703939797	1.7192132086445058e-08	7.660827119853093e-09
n281	2.3211601736224684e-08	7.781271611194018e-08	2.4897721837095626e-08	1.2546334202715176e-07	1.1171414503284927e-08	4.488653692303761e-08	8.722325229354278e-08	0.9999995691668566	2.5018358534694376e-08	1.1148199571355547e-08
n283	3.6548156171810362e-09	1.2252111392095987e-08	3.920306045077215e-09	1.9755008165116897e-08	1.7590108884596651e-09	7.067673227025382e-09	1.3733860691149848e-08	0.9999999321625572	3.939301067109708e-09	1.755355548482205e-09
n130	1.2084221695121138e-13	0.9999999999978768	1.2962034839387097e-13	6.531763110948094e-13	5.81596440607135e-14	2.3368437450730204e-13	4.5409409038744354e-13	2.8513184434772763e-13	1.3024839664961687e-13	5.803878450640103e-14
EU677143	0.0	1.0	0.0	0.0	0.0	0.0	0.0	0.0	0.0	0.0
KC294222	0.0	0.0	0.0	0.0	0.0	0.0	1.0	0.0	0.0	0.0
FJ850072	0.0	0.0	0.0	0.0	0.0	0.0	1.0	0.0	0.0	0.0
GQ398291	0.0	1.0	0.0	0.0	0.0	0.0	0.0	0.0	0.0	0.0
GQ398286	0.0	1.0	0.0	0.0	0.0	0.0	0.0	0.0	0.0	0.0
EU482588	0.0	1.0	0.0	0.0	0.0	0.0	0.0	0.0	0.0	0.0
GQ398285	0.0	1.0	0.0	0.0	0.0	0.0	0.0	0.0	0.0	0.0
n31	8.176826082981072e-09	2.7411337395935408e-08	0.9999998377062802	4.4197377639155074e-08	3.935390350580373e-09	1.581232566618573e-08	3.072641743996778e-08	1.9293534666715883e-08	8.813298149114894e-09	3.927212351359467e-09
KJ189308	0.0	0.0	1.0	0.0	0.0	0.0	0.0	0.0	0.0	0.0
FJ850121	0.0	0.0	1.0	0.0	0.0	0.0	0.0	0.0	0.0	0.0
GQ199897	0.0	0.0	1.0	0.0	0.0	0.0	0.0	0.0	0.0	0.0
n37	1.3121668304488058e-11	4.398803073976507e-11	0.9999999997395612	7.092523717928425e-11	6.31527273601646e-12	2.5374649088609294e-11	4.9307867593303856e-11	3.0961079488374075e-11	1.4143039586220817e-11	6.3021491851322824e-12
FJ744704	0.0	0.0	1.0	0.0	0.0	0.0	0.0	0.0	0.0	0.0
EU482693	0.0	0.0	1.0	0.0	0.0	0.0	0.0	0.0	0.0	0.0
EU482603	0.0	0.0	1.0	0.0	0.0	0.0	0.0	0.0	0.0	0.0
n55	6.885112637100113e-11	2.3081100611566376e-10	0.9999999986334422	3.72154085487276e-10	3.313707000702694e-11	1.3314413460840865e-10	2.5872489259475653e-10	1.6245687263010135e-10	7.421039636308295e-11	3.3068209002511717e-11
EU596500	0.0	0.0	1.0	0.0	0.0	0.0	0.0	0.0	0.0	0.0
GU131959	0.0	0.0	1.0	0.0	0.0	0.0	0.0	0.0	0.0	0.0
GQ868497	0.0	0.0	1.0	0.0	0.0	0.0	0.0	0.0	0.0	0.0
n75	4.074990449659127e-09	1.3660671882163688e-08	4.371002910910613e-09	2.2026137030650078e-08	1.9612350723312827e-09	7.8802062588465e-09	0.999999930061319	9.615096213269494e-09	4.392181688001398e-09	1.957159497238416e-09
FJ850106	0.0	0.0	0.0	0.0	0.0	0.0	1.0	0.0	0.0	0.0
n79	3.4706605513021645e-09	1.1634764692640902e-08	3.722773724307094e-09	1.8759613263939714e-08	1.6703796687277676e-09	6.711554624868079e-09	0.9999999404333767	8.18915664628385e-09	3.740811642877186e-09	1.6669085102371098e-09
JN819407	0.0	0.0	0.0	0.0	0.0	0.0	1.0	0.0	0.0	0.0
n96	4.260981905989105e-09	0.0013921407276674296	4.570505019593775e-09	2.3031457988886173e-08	2.0507501207257744e-09	8.239876068228777e-09	0.9986078004256724	1.0053950185947749e-08	4.59265044460562e-09	2.0464885274921847e-09
EU920842	0.0	0.0	0.0	0.0	0.0	0.0	1.0	0.0	0.0	0.0
n214	1.7399652828464346e-08	5.8329203704829067e-08	1.8663585611546016e-08	9.404859771329098e-08	8.374205975483214e-09	3.364740477663954e-08	6.538343737428113e-08	0.9999996770430922	1.8754016107486978e-08	8.356803826308078e-09
n216	1.1726257720374335e-10	3.9310167967725233e-10	1.2578067908874153e-10	6.338276435157999e-10	5.6436814251472416e-11	2.2676207618761566e-10	4.4064272135390814e-10	0.9999999978234763	1.2639012303089317e-10	5.6319534850482156e-11
n275	6.486522430791871e-10	2.1744898701809024e-09	6.957711622283114e-10	3.506094889742834e-09	3.1218711910838334e-10	1.2543620724693998e-09	2.4374689386718127e-09	0.9999999879602929	6.991423757009681e-10	3.1153837380247795e-10
GU131924	0.0	0.0	0.0	0.0	0.0	0.0	0.0	1.0	0.0	0.0
n282	2.6375860518667638e-08	8.842032402891948e-08	2.829183637865701e-08	1.425667925513994e-07	1.2694327349026328e-08	5.100557257969854e-08	9.911372608503264e-08	0.9999995104346941	2.8428918547542045e-08	1.2667947704334939e-08
GQ868638	0.0	0.0	0.0	0.0	0.0	0.0	0.0	1.0	0.0	0.0
n284	1.2895437045787097e-08	4.322963117264108e-08	1.38321778988961e-08	6.970241205458228e-08	6.2063908418124885e-09	2.4937163650843142e-08	4.845774848552651e-08	0.9999997606463465	1.3899198820458284e-08	6.1934935546446495e-09
GQ868622	0.0	0.0	0.0	0.0	0.0	0.0	0.0	1.0	0.0	0.0
EU677146	0.0	1.0	0.0	0.0	0.0	0.0	0.0	0.0	0.0	0.0
n132	1.1098893585689646e-08	0.999999805010969	1.1905131250152637e-08	5.999173593828985e-08	5.341739970494434e-09	2.146301243663994e-08	4.170679845385147e-08	2.6188264980147974e-08	1.1962815070700358e-08	5.3306394845386915e-09
n135	8.363997894343144e-08	0.9999985305852032	8.971569277548687e-08	4.5209078652020233e-07	4.0254734871005515e-08	1.617427804315349e-07	3.1429761151830355e-07	1.9735173732350695e-07	9.015039137843668e-08	4.017108289214546e-08
n136	2.0616969211576547e-08	0.9999996377942701	2.2114611924979862e-08	1.1143883516312657e-07	9.922654691448547e-09	3.986904308772095e-08	7.74732880352285e-08	4.8646529370861614e-08	2.2221763646280427e-08	9.902034764298499e-09
KJ189309	0.0	0.0	1.0	0.0	0.0	0.0	0.0	0.0	0.0	0.0
GQ199894	0.0	0.0	1.0	0.0	0.0	0.0	0.0	0.0	0.0	0.0
n38	2.2655062082910228e-09	7.594701711621726e-09	0.9999999550342118	1.2245513407713805e-08	1.0903559866394992e-09	4.381030194444725e-09	8.513191886709297e-09	5.345548764733839e-09	2.4418498656706474e-09	1.0880901553966262e-09
n39	6.236256711762947e-10	2.090592793328352e-09	0.9999999876222718	3.370821271571131e-09	3.001421852214145e-10	1.205965750813445e-09	2.3434254935044028e-09	1.4714686828103906e-09	6.721677724023196e-10	2.995184700780008e-10
n56	3.648317608120693e-09	1.2230327986536509e-08	0.9999999275881585	1.9719885128693217e-08	1.7558834889167931e-09	7.05510739348542e-09	1.3709442837952262e-08	8.60834528374908e-09	3.9322972626208675e-09	1.7522346478806699e-09
n57	1.7581706268260453e-10	5.893950508726011e-10	0.9999999965103813	9.503263290586072e-10	8.461825712407145e-11	3.399945925957601e-10	6.606754755722738e-10	4.148471007506499e-10	1.8950240318166286e-10	8.444241483672812e-11
GQ868641	0.0	0.0	0.0	0.0	0.0	0.0	1.0	0.0	0.0	0.0
EU482605	0.0	0.0	0.0	0.0	0.0	0.0	1.0	0.0	0.0	0.0
n80	1.0126170159607208e-08	3.3946162479022586e-08	1.0861747964480926e-08	5.47339715973679e-08	4.873581990131386e-09	1.9581962327434744e-08	0.999999826205486	2.3893086759186467e-08	1.0914376289724405e-08	4.86345436715939e-09
FJ850108	0.0	0.0	0.0	0.0	0.0	0.0	1.0	0.0	0.0	0.0
n97	3.950593831425021e-08	0.0013870027148903813	4.237569962811395e-08	2.1353748470916616e-07	1.9013647453761503e-08	7.63964839209868e-08	0.9986124516849213	9.321577622808418e-08	4.2581022207224383e-08	1.8974135847488322e-08
n106	5.7593327311349135e-08	0.0012241040567845785	6.17769794332169e-08	3.1130343373368453e-07	2.7718851087055105e-08	1.1137383116680749e-07	0.9987751005455722	1.3589366409122898e-07	6.20763068510108e-08	2.7661249496767915e-08
n215	1.0031526496795787e-07	3.3628886637598164e-07	1.0760229266250507e-07	5.422240370244403e-07	4.828031338375826e-08	1.9398940650878643e-07	3.769590640329901e-07	0.9999981380371142	1.0812365703976782e-07	4.817998372645269e-08
FJ744724	0.0	0.0	0.0	0.0	0.0	0.0	0.0	1.0	0.0	0.0
n217	9.024127314415951e-12	3.025176223745013e-11	9.67965133342017e-12	4.87772099750528e-11	4.343184408615178e-12	1.745083465156017e-11	3.391035838108325e-11	0.999999999832502	9.726552057045067e-12	4.334158986599632e-12
n226	7.760021130698396e-10	2.601407382943935e-09	8.323718878072463e-10	4.194446364893953e-09	3.7347880422224393e-10	1.500630930019133e-09	2.9160171218594164e-09	0.9999999855965378	8.364049714916136e-10	3.727026907753268e-10
n276	3.235979929661792e-10	1.0848040151306852e-09	3.4710456036045994e-10	1.749111764547234e-09	1.5574312160519812e-10	6.257729830349813e-10	1.2159983487104199e-09	0.9999999939936614	3.4878638282427125e-10	1.5541947718528419e-10
GU131932	0.0	0.0	0.0	0.0	0.0	0.0	0.0	1.0	0.0	0.0
JN368476	0.0	0.0	0.0	0.0	0.0	0.0	0.0	1.0	0.0	0.0
JF730047	0.0	0.0	0.0	0.0	0.0	0.0	0.0	1.0	0.0	0.0
GQ868623	0.0	0.0	0.0	0.0	0.0	0.0	0.0	1.0	0.0	0.0
FJ639706	0.0	0.0	0.0	0.0	0.0	0.0	0.0	1.0	0.0	0.0
n133	3.404766472303064e-08	0.9999994018393719	3.652093014131598e-08	1.8403442609928955e-07	1.6386657836552727e-08	6.584128821012986e-08	1.2794240069646658e-07	8.03367704030977e-08	3.669788466086236e-08	1.635260528697507e-08
EU482556	0.0	1.0	0.0	0.0	0.0	0.0	0.0	0.0	0.0	0.0
EU596490	0.0	1.0	0.0	0.0	0.0	0.0	0.0	0.0	0.0	0.0
EU529706	0.0	1.0	0.0	0.0	0.0	0.0	0.0	0.0	0.0	0.0
n137	7.571002305962308e-08	0.9999986699012894	8.120969486895838e-08	4.092277915999606e-07	3.643815964377628e-08	1.464078517341706e-07	2.84498869036408e-07	1.7864070235747953e-07	8.160317944020124e-08	3.636243875851924e-08
EU482721	0.0	1.0	0.0	0.0	0.0	0.0	0.0	0.0	0.0	0.0
FJ850120	0.0	0.0	1.0	0.0	0.0	0.0	0.0	0.0	0.0	0.0
FJ744744	0.0	0.0	1.0	0.0	0.0	0.0	0.0	0.0	0.0	0.0
n40	8.392971789774727e-10	2.8135926965955492e-09	0.999999983341622	4.536568834202359e-09	4.039418211782602e-10	1.6230307689098362e-09	3.153863762747709e-09	1.9803538749567166e-09	9.046268318504771e-10	4.0310240358442493e-10
FJ850066	0.0	0.0	1.0	0.0	0.0	0.0	0.0	0.0	0.0	0.0
JF357906	0.0	0.0	1.0	0.0	0.0	0.0	0.0	0.0	0.0	0.0
FJ205885	0.0	0.0	1.0	0.0	0.0	0.0	0.0	0.0	0.0	0.0
n58	2.1254658901627059e-10	7.125241756097049e-10	0.9999999957813733	1.1488567526486483e-09	1.022956568936162e-10	4.110220580277916e-10	7.986956250832799e-10	5.015118264546219e-10	2.290909016001531e-10	1.0208307981031503e-10
JN819424	0.0	0.0	1.0	0.0	0.0	0.0	0.0	0.0	0.0	0.0
HQ332188	0.0	0.0	0.0	0.0	0.0	0.0	1.0	0.0	0.0	0.0
HQ332186	0.0	0.0	0.0	0.0	0.0	0.0	1.0	0.0	0.0	0.0
n98	1.5770958819021931e-09	1.1886804027794982e-05	1.6916581209796515e-09	8.524518139216107e-09	7.590338662694414e-10	3.0497840406978852e-09	0.9999880914153527	3.7212182039123926e-09	1.6998546961730087e-09	7.574565441199179e-10
GQ199892	0.0	1.0	0.0	0.0	0.0	0.0	0.0	0.0	0.0	0.0
n107	3.0811177473809197e-06	0.0030535759596486112	3.3049340365817424e-06	1.6654056629030123e-05	1.482898245479642e-06	5.95825773264945e-06	0.9969038719964077	7.270015464197681e-06	3.3209474024054743e-06	1.4798166856810254e-06
GQ199890	0.0	0.0	0.0	0.0	0.0	0.0	1.0	0.0	0.0	0.0
FJ639707	0.0	0.0	0.0	0.0	0.0	0.0	0.0	1.0	0.0	0.0
EU687249	0.0	0.0	0.0	0.0	0.0	0.0	0.0	1.0	0.0	0.0
n218	3.542835844278931e-09	1.1876719362793996e-08	3.800191919874617e-09	1.9149735133664963e-08	1.7051166129465356e-09	6.8511270244787745e-09	1.3313069394857235e-08	0.9999999342410263	3.818604954065243e-09	1.701573268807835e-09
EU482468	0.0	0.0	0.0	0.0	0.0	0.0	0.0	1.0	0.0	0.0
EU482784	0.0	0.0	0.0	0.0	0.0	0.0	0.0	1.0	0.0	0.0
n227	3.0912431681372735e-10	1.0362836214781757e-09	3.3157949807052926e-10	1.670878654995327e-09	1.4877714667926223e-10	5.977838245782761e-10	1.1616099820217847e-09	0.9999999942623088	3.3318609709595014e-10	1.4846797801205447e-10
n270	1.5776180800970312e-08	5.2886806001015275e-08	1.692218252311673e-08	8.527340724726124e-08	7.592851928497306e-09	3.050793866250646e-08	5.9282845443797065e-08	0.9999997071765384	1.7004175415041106e-08	7.577073484270918e-09
n277	1.9086780600794173e-09	6.398499583346926e-09	2.0473268478607774e-09	1.0316786019025226e-08	9.186196629074606e-10	3.690996820966533e-09	7.172323128465611e-09	0.9999999645728125	2.0572467413934933e-09	9.167107110073123e-10
FJ639718	0.0	0.0	0.0	0.0	0.0	0.0	0.0	1.0	0.0	0.0
KF955364	0.0	1.0	0.0	0.0	0.0	0.0	0.0	0.0	0.0	0.0
EU482552	0.0	1.0	0.0	0.0	0.0	0.0	0.0	0.0	0.0	0.0
EU596489	0.0	1.0	0.0	0.0	0.0	0.0	0.0	0.0	0.0	0.0
EU482551	0.0	1.0	0.0	0.0	0.0	0.0	0.0	0.0	0.0	0.0
n41	1.418635289607764e-10	4.755719416138119e-10	0.9999999971842916	7.668006998158824e-10	6.827690320251745e-11	2.743353346784593e-10	5.330867950610755e-10	3.34732436054153e-10	1.5290597654011668e-10	6.813501932024548e-11
EU482635	0.0	0.0	1.0	0.0	0.0	0.0	0.0	0.0	0.0	0.0
n59	6.328222393707988e-10	2.1214226325723297e-09	0.9999999874397385	3.420530558934199e-09	3.045683629783849e-10	1.2237500512042108e-09	2.377983840531875e-09	1.4931683380892018e-09	6.820801878828851e-10	3.0393544994733526e-10
HQ705625	0.0	0.0	1.0	0.0	0.0	0.0	0.0	0.0	0.0	0.0
n99	1.146055623570488e-13	1.1431913510973415e-10	1.2293065532382437e-13	6.194659477452834e-13	5.515803071334704e-14	2.2162394757518628e-13	0.9999999998840982	2.704162187008459e-13	1.2352629007261577e-13	5.5043408708408235e-14
JX669476	0.0	0.0	0.0	0.0	0.0	0.0	1.0	0.0	0.0	0.0
EU920850	0.0	1.0	0.0	0.0	0.0	0.0	0.0	0.0	0.0	0.0
EU920846	0.0	0.0	0.0	0.0	0.0	0.0	1.0	0.0	0.0	0.0
n219	6.192288134075944e-10	2.0758531192107095e-09	6.642103774198516e-10	3.3470553774140604e-09	2.9802603997627697e-10	1.197463118344437e-09	2.326903228526035e-09	0.9999999885064247	6.674286697185214e-10	2.974067223214538e-10
EU660413	0.0	0.0	0.0	0.0	0.0	0.0	0.0	1.0	0.0	0.0
n228	2.781289823110884e-10	9.323773425467871e-10	2.983326232764439e-10	1.5033426831937078e-09	1.3385953205999363e-10	5.378451248536752e-10	1.0451374562577731e-09	0.9999999948376167	2.99778131531919e-10	1.3358136317422203e-10
n268	1.1564016500013775e-08	3.876628348422281e-08	1.2404041281114808e-08	6.250581816095016e-08	5.5655970282683306e-09	2.2362465955824643e-08	4.3454611197006006e-08	0.9999997853589927	1.24641424657462e-08	5.554031352666588e-09
n271	3.187452515752077e-09	1.0685360732406164e-08	3.4189930969862346e-09	1.722881728385852e-08	1.5340756604243034e-09	6.163887639664688e-09	1.1977629898812423e-08	0.9999999408373362	3.435559112103281e-09	1.5308877506013533e-09
FJ410221	0.0	0.0	0.0	0.0	0.0	0.0	0.0	1.0	0.0	0.0
KF955402	0.0	0.0	0.0	0.0	0.0	0.0	0.0	1.0	0.0	0.0
GQ868631	0.0	0.0	0.0	0.0	0.0	0.0	0.0	1.0	0.0	0.0
n42	7.396973155405683e-11	2.4797020850610264e-10	0.9999999985318481	3.998211685296944e-10	3.560058203986256e-11	1.4304248040783345e-10	2.779592994375801e-10	1.7453441782212437e-10	7.972742621403799e-11	3.552660169579255e-11
FJ882594	0.0	0.0	1.0	0.0	0.0	0.0	0.0	0.0	0.0	0.0
FJ850050	0.0	0.0	1.0	0.0	0.0	0.0	0.0	0.0	0.0	0.0
FJ744708	0.0	0.0	1.0	0.0	0.0	0.0	0.0	0.0	0.0	0.0
n100	5.9479082268254453e-08	1.9939438180105944e-07	6.379971801470303e-08	3.2149631580301517e-07	2.8626438185722944e-08	1.1502049934864313e-07	0.9999989791645927	1.4034317521752158e-07	6.410884618873373e-08	2.856695056992758e-08
n103	1.9205600276113764e-08	6.438447487104677e-08	2.0600719365388434e-08	1.0381010425998884e-07	9.243382852551347e-09	3.7139741398264066e-08	0.9999996703749165	4.53163502515389e-08	2.0700535837299383e-08	9.224174496827365e-09
JX567950	0.0	0.0	0.0	0.0	0.0	0.0	1.0	0.0	0.0	0.0
JX669477	0.0	0.0	0.0	0.0	0.0	0.0	1.0	0.0	0.0	0.0
n220	2.7969432024339846e-09	9.376248561621874e-09	3.0001166933550525e-09	1.5118036472676772e-08	1.346129069919897e-09	5.408721714010923e-09	1.0510195951530582e-08	0.9999999480856235	3.0146531305706854e-09	1.3433317254370513e-09
EU482776	0.0	0.0	0.0	0.0	0.0	0.0	0.0	1.0	0.0	0.0
n229	6.857654920280003e-11	2.2989053559049596e-10	7.3558036450996e-11	3.706699410685348e-10	3.300491991269177e-11	1.3261315797272705e-10	2.576931019457191e-10	0.999999998727143	7.39144465136257e-11	3.2936333524738605e-11
n265	1.1122521904465023e-08	3.7286252333473855e-08	1.1930475959881541e-08	6.011945171911919e-08	5.3531119449947336e-09	2.1508704819922783e-08	4.179558762201131e-08	0.9999997935536232	1.198828258291309e-08	5.341987827330236e-09
n269	3.0869517098195516e-08	1.03484498733488e-07	3.311191785428882e-08	1.6685590360873769e-07	1.4857060488074426e-08	5.969539434506353e-08	1.1599973619371931e-07	0.9999994270274306	3.3272354718642845e-08	1.4826186542093823e-08
FM210214	0.0	0.0	0.0	0.0	0.0	0.0	0.0	1.0	0.0	0.0
n272	1.7282618756302698e-09	5.793686804716842e-09	1.8538050036394566e-09	9.341600518515312e-09	8.317879137465623e-10	3.342108458292627e-09	6.4943653316330235e-09	0.9999999679215377	1.862787227599317e-09	8.300594039153649e-10
EU482661	0.0	0.0	0.0	0.0	0.0	0.0	0.0	1.0	0.0	0.0
n43	4.912813372601549e-11	1.6469322393921306e-10	0.9999999990249046	2.6554737216619406e-10	2.36446735500209e-11	9.50038611515223e-11	1.8461093945135565e-10	1.1591971524584128e-10	5.2952195099043514e-11	2.3595538367829357e-11
FJ906956	0.0	0.0	1.0	0.0	0.0	0.0	0.0	0.0	0.0	0.0
HM181971	0.0	0.0	0.0	0.0	0.0	0.0	1.0	0.0	0.0	0.0
GU131881	0.0	0.0	0.0	0.0	0.0	0.0	1.0	0.0	0.0	0.0
n104	7.374233963268406e-09	2.4720797352681565e-08	7.909907642977785e-09	3.985920697915025e-08	3.5491141535186444e-09	1.4260275048351848e-08	0.9999998734367048	1.7399787786476026e-08	7.948233444133544e-09	3.5417388615661967e-09
JX669478	0.0	0.0	0.0	0.0	0.0	0.0	1.0	0.0	0.0	0.0
n221	2.7417216236530663e-09	9.191128160119087e-09	2.9408837492645606e-09	1.4819552813315293e-08	1.319551707741367e-09	5.3019343641732855e-09	1.0302687406760972e-08	0.9999999491105974	2.9551331856529325e-09	1.3168095927600008e-09
FM210211	0.0	0.0	0.0	0.0	0.0	0.0	0.0	1.0	0.0	0.0
n230	6.98585534441062e-11	2.3418822401444377e-10	7.493316710146741e-11	3.7759942996960604e-10	3.362193036019783e-11	1.3509229454274126e-10	2.6251054542297514e-10	0.9999999987033474	7.529624007171272e-11	3.3552061784072855e-11
n264	3.7771058575780565e-08	1.266206740751494e-07	4.051479603171005e-08	2.0416011332062046e-07	1.8178674456549153e-08	7.304157785621846e-08	1.4193396082649387e-07	0.9999992989271449	4.0711101992116055e-08	1.814089797891948e-08
n266	3.1161546209274495e-09	1.0446347375533443e-08	3.342516032926338e-09	1.6843437926335002e-08	1.4997609954843788e-09	6.026011950388751e-09	1.170971067725428e-08	0.9999999421607045	3.3587114944437165e-09	1.4966443937854376e-09
EU482705	0.0	0.0	0.0	0.0	0.0	0.0	0.0	1.0	0.0	0.0
EU482669	0.0	0.0	0.0	0.0	0.0	0.0	0.0	1.0	0.0	0.0
EU482649	0.0	0.0	0.0	0.0	0.0	0.0	0.0	1.0	0.0	0.0
n273	1.6314705648799308e-08	5.469211360449475e-08	1.7499826496849303e-08	8.818424157662359e-08	7.852036295168018e-09	3.1549336655662835e-08	6.130648384679554e-08	0.9999996971809183	1.758461824169022e-08	7.835719248831072e-09
EU482451	0.0	0.0	0.0	0.0	0.0	0.0	0.0	1.0	0.0	0.0
n44	9.166909389391049e-12	3.073041343921412e-11	0.9999999998180551	4.9548975599481477e-11	4.411903394978648e-12	1.7726946268205544e-11	3.4446896836726e-11	2.1629674190939858e-11	9.880448077864682e-12	4.40273517040303e-12
EU482762	0.0	0.0	1.0	0.0	0.0	0.0	0.0	0.0	0.0	0.0
n105	2.267972308726665e-08	7.602968899037085e-08	2.4327206850524036e-08	1.2258843172972845e-07	1.0915428857809874e-08	4.38579913325034e-08	0.9999996107500277	5.3513676232693895e-08	2.4445079237220732e-08	1.0892745880838646e-08
JX286525	0.0	0.0	0.0	0.0	0.0	0.0	1.0	0.0	0.0	0.0
n222	2.3469502582441635e-09	7.867728226983658e-09	2.517435692689386e-09	1.2685734759582013e-08	1.1295538520514692e-09	4.538526492930587e-09	8.819237759699796e-09	0.999999956437993	2.5296334001893064e-09	1.1272065650737785e-09
n224	1.852801622826159e-08	6.211183886707645e-08	1.987391475550455e-08	1.0014762718865651e-07	8.917271266397558e-09	3.582943107465927e-08	6.962353793337859e-08	0.9999996560994125	1.9970209647870597e-08	8.898740591935124e-09
n231	1.6697059523142197e-09	5.5973886134311676e-09	1.7909955040105682e-09	9.025094061175406e-09	8.036057788633296e-10	3.2288731613985526e-09	6.274327174390891e-09	0.9999999690084005	1.7996733976922355e-09	8.01935833356529e-10
n237	4.230372484733855e-13	1.4181562174946156e-12	4.537672091272825e-13	2.2866007955241694e-12	2.036018240675704e-13	8.180683646569115e-13	1.589665593631788e-12	0.999999999992148	4.559658431206207e-13	2.0317872612549362e-13
FJ024461	0.0	0.0	0.0	0.0	0.0	0.0	0.0	1.0	0.0	0.0
EU482676	0.0	0.0	0.0	0.0	0.0	0.0	0.0	1.0	0.0	0.0
n267	9.953083084282635e-09	3.336591921905884e-08	1.067608762506178e-08	5.3798401395073956e-08	4.790277637179541e-09	1.924724697750988e-08	3.740113615701638e-08	0.9999998152597083	1.0727816372084869e-08	4.780323126115856e-09
EU482464	0.0	0.0	0.0	0.0	0.0	0.0	0.0	1.0	0.0	0.0
FJ410224	0.0	0.0	0.0	0.0	0.0	0.0	0.0	1.0	0.0	0.0
FJ410215	0.0	0.0	0.0	0.0	0.0	0.0	0.0	1.0	0.0	0.0
n45	1.0909555275678697e-09	3.657232005015342e-09	0.9999999783467044	5.896832456764436e-09	5.250614128920874e-10	2.1096870490046543e-09	4.0995313595090316e-09	2.574151397788111e-09	1.175873894626753e-09	5.239703008439711e-10
n46	3.457430262181185e-11	1.1590412524098951e-10	0.9999999993137689	1.8688100909559058e-10	1.6640121183342895e-11	6.685969925118362e-11	1.2992137099049187e-10	8.157939271814118e-11	3.726551527590538e-11	1.660554192030916e-11
KC294211	0.0	0.0	0.0	0.0	0.0	0.0	1.0	0.0	0.0	0.0
JX286520	0.0	0.0	0.0	0.0	0.0	0.0	1.0	0.0	0.0	0.0
n223	9.107438646800676e-09	3.0531048481003196e-08	9.769014506335356e-09	4.9227524361302575e-08	4.383280970561535e-09	1.7611941896104967e-08	3.4223421023036285e-08	0.9999998309558098	9.816348220502036e-09	4.374172225260838e-09
EU482541	0.0	0.0	0.0	0.0	0.0	0.0	0.0	1.0	0.0	0.0
FJ410228	0.0	0.0	0.0	0.0	0.0	0.0	0.0	1.0	0.0	0.0
FJ432726	0.0	0.0	0.0	0.0	0.0	0.0	0.0	1.0	0.0	0.0
n232	1.8549650862370498e-09	6.2184365083114165e-09	1.9897120956791828e-09	1.0026456670578615e-08	8.927683708761687e-10	3.5871268075560013e-09	6.970483534536266e-09	0.9999999655697851	1.999352828994687e-09	8.909131396561207e-10
EU482670	0.0	0.0	0.0	0.0	0.0	0.0	0.0	1.0	0.0	0.0
FM210207	0.0	0.0	0.0	0.0	0.0	0.0	0.0	1.0	0.0	0.0
n239	3.715615400923594e-11	1.2455931721506675e-10	3.9855224019913243e-11	2.0083643136091985e-10	1.7882729615219554e-11	7.185247695555657e-11	1.3962330700976604e-10	0.9999999993103404	4.0048334162249934e-11	1.784556813037744e-11
n259	1.1456523872645606e-09	3.8405933802517185e-09	1.2288740253371664e-09	6.192479904705408e-09	5.513862352220408e-10	2.215459698399984e-09	4.305068144398093e-09	0.9999999787354175	1.2348282771017067e-09	5.502404184668114e-10
EU482659	0.0	0.0	0.0	0.0	0.0	0.0	0.0	1.0	0.0	0.0
EU482658	0.0	0.0	0.0	0.0	0.0	0.0	0.0	1.0	0.0	0.0
EU482444	0.0	0.0	1.0	0.0	0.0	0.0	0.0	0.0	0.0	0.0
FJ906961	0.0	0.0	1.0	0.0	0.0	0.0	0.0	0.0	0.0	0.0
n47	4.590838892944953e-10	1.5389960914885211e-09	0.9999999908880988	2.4814400865676147e-09	2.2095056073123612e-10	8.877752678062584e-10	1.7251196343483145e-09	1.0832260394371664e-09	4.948183012267952e-10	2.2049141097668847e-10
FJ744741	0.0	0.0	1.0	0.0	0.0	0.0	0.0	0.0	0.0	0.0
FJ410259	0.0	0.0	0.0	0.0	0.0	0.0	0.0	1.0	0.0	0.0
EU482469	0.0	0.0	0.0	0.0	0.0	0.0	0.0	1.0	0.0	0.0
n233	2.777817181150714e-10	9.312132018464776e-10	2.979601333701174e-10	1.5014656508762577e-09	1.336923987307239e-10	5.371735862268406e-10	1.0438325263815013e-09	0.9999999948440624	2.994038368037504e-10	1.334145771589707e-10
EU482656	0.0	0.0	0.0	0.0	0.0	0.0	0.0	1.0	0.0	0.0
n240	4.623528885301065e-11	1.5499548229186654e-10	4.959387869918106e-11	2.499109680154683e-10	2.2252388367064107e-11	8.940968502872143e-11	1.7374036959273192e-10	0.9999999991418216	4.983417545349969e-11	2.2206146444785098e-11
n254	7.047197143323063e-10	2.362445973913489e-09	7.559114454898045e-10	3.809150766815267e-09	3.3917159732912166e-10	1.3627852070373552e-09	2.6481561306263296e-09	0.9999999869196181	7.595740561116777e-10	3.3846677650790344e-10
n260	1.0940833912871222e-09	3.6677176050350586e-09	1.1735589922836398e-09	5.9137391847051646e-09	5.265668093104234e-10	2.115735703979866e-09	4.11128506997781e-09	0.9999999796925955	1.1792452266384427e-09	5.254725689498301e-10
FM210246	0.0	0.0	0.0	0.0	0.0	0.0	0.0	1.0	0.0	0.0
FJ410291	0.0	0.0	1.0	0.0	0.0	0.0	0.0	0.0	0.0	0.0
EU482639	0.0	0.0	1.0	0.0	0.0	0.0	0.0	0.0	0.0	0.0
n234	1.6214747773309206e-09	5.435702282200362e-09	1.7392607554888236e-09	8.764394930108665e-09	7.80392798826798e-10	3.1356038368025383e-09	6.093086776085376e-09	0.9999999699036249	1.747687979279744e-09	7.787710914147587e-10
n236	1.7617052873006076e-08	5.905799821633614e-08	1.8896777870222627e-08	9.522368836214049e-08	8.47883753164239e-09	3.40678124347273e-08	6.620037104172799e-08	0.9999996730079054	1.8988338250422726e-08	8.461217951232097e-09
n241	3.056690806986829e-11	1.0247005644373476e-10	3.278732692349894e-11	1.6522024138891458e-10	1.4711419057280624e-11	5.911020976893598e-11	1.1486260899655148e-10	0.9999999994326443	3.2946191050466914e-11	1.4680847763743988e-11
n252	9.307352379052205e-09	3.1201223278560997e-08	9.983450224885805e-09	5.0308098000744894e-08	4.479496612776143e-09	1.7998534567567454e-08	3.497464560905466e-08	0.9999998272451885	1.0031822942424055e-08	4.470187925061359e-09
n255	5.568923126200568e-10	1.8668812225568712e-09	5.973456743914581e-10	3.010114143975738e-09	2.680243668088829e-10	1.076916950266513e-09	2.0926586297656407e-09	0.9999999896634592	6.002399877730188e-10	2.674673945983311e-10
n258	2.1636692213013353e-08	7.253311546118534e-08	2.3208408894666768e-08	1.1695064159320835e-07	1.0413432900425228e-08	4.184098085726449e-08	8.130514581198174e-08	0.9999995983989287	2.3320860380143744e-08	1.0391793103973e-08
n261	1.567344561403917e-10	5.254240478190836e-10	1.681198452229968e-10	8.471810304884182e-10	7.5434069410155e-11	3.0309269617005674e-10	5.889679293303323e-10	0.9999999970908343	1.6893443472886466e-10	7.527731246715573e-11
EU482642	0.0	0.0	0.0	0.0	0.0	0.0	0.0	1.0	0.0	0.0
n235	1.2349168180810468e-08	4.139836314580426e-08	1.3246227372818087e-08	6.674971976629498e-08	5.943479389589481e-09	2.3880790296848678e-08	4.6405010050177425e-08	0.9999997707857041	1.3310409193803737e-08	5.931128449660394e-09
EU482699	0.0	0.0	0.0	0.0	0.0	0.0	0.0	1.0	0.0	0.0
FJ410217	0.0	0.0	0.0	0.0	0.0	0.0	0.0	1.0	0.0	0.0
EU482474	0.0	0.0	0.0	0.0	0.0	0.0	0.0	1.0	0.0	0.0
n242	1.588022428250809e-10	5.323559304226295e-10	1.7033783854714971e-10	8.583578303925573e-10	7.642926579606343e-11	3.0709137684819445e-10	5.967381419049521e-10	0.9999999970524537	1.7116317487522374e-10	7.62704407697119e-11
n245	3.221961563692518e-10	1.0801046103075442e-09	3.456008925805286e-10	1.7415345578371941e-09	1.550684375455578e-10	6.230621149577536e-10	1.2107306059429186e-09	0.999999994019681	3.4727542933697894e-10	1.5474619516336374e-10
n253	2.3428899759350117e-08	7.854116861501571e-08	2.513080466339126e-08	1.2663788122987565e-07	1.12759969579843e-08	4.5306747292367734e-08	8.803980259064608e-08	0.9999995651335636	2.5252570715017462e-08	1.1252564696855815e-08
FJ461309	0.0	0.0	0.0	0.0	0.0	0.0	0.0	1.0	0.0	0.0
n256	1.2473983114184822e-08	4.181678273991749e-08	1.3380109020779524e-08	6.742436940288612e-08	6.003551045685007e-09	2.4122157100360166e-08	4.687403259103564e-08	0.9999997684690001	1.3444939537255662e-08	5.991075272915215e-09
n257	2.039443748777701e-08	6.836868013388621e-08	2.187591521537522e-08	1.1023600676325013e-07	9.815553330889897e-09	3.943871180122095e-08	7.663707083191537e-08	0.9999996214565581	2.198191038175229e-08	9.79515596739051e-09
EU482679	0.0	0.0	0.0	0.0	0.0	0.0	0.0	1.0	0.0	0.0
EU482467	0.0	0.0	0.0	0.0	0.0	0.0	0.0	1.0	0.0	0.0
n262	1.4984537982136257e-08	5.0232965967741895e-08	1.6073033768901098e-08	8.099441974474386e-08	7.2118454745591296e-09	2.8977061775109356e-08	5.630805455697199e-08	0.9999997218703095	1.6150912288347977e-08	7.196858786729411e-09
n263	6.6783683506757274e-09	2.2388027610826074e-08	7.163493472373864e-09	3.609791440012943e-08	3.2142039097019463e-09	1.2914611880938148e-08	2.5095597200908376e-08	0.999999876042056	7.19820267996449e-09	3.20752458319867e-09
FJ562098	0.0	0.0	0.0	0.0	0.0	0.0	0.0	1.0	0.0	0.0
EU482701	0.0	0.0	0.0	0.0	0.0	0.0	0.0	1.0	0.0	0.0
n243	1.6976583036136857e-08	5.6910938389922326e-08	1.8209783494537916e-08	9.176182101173735e-08	8.170588488520515e-09	3.282927347875959e-08	6.379364948918364e-08	0.9999996848957382	1.8298015187346705e-08	8.153609469835977e-09
n244	1.4293191490546612e-08	4.7915351315535653e-08	1.5331466993964242e-08	7.725755391707391e-08	6.879110219547131e-09	2.764013767249902e-08	5.371015157106684e-08	0.9999997347024694	1.540575240688666e-08	6.864814977397221e-09
n246	2.4060964480488507e-08	8.066005180408742e-08	2.58087833651103e-08	1.3005431725151057e-07	1.1580200738187908e-08	4.6529032456723755e-08	9.041493987174387e-08	0.9999995534017393	2.5933834420567485e-08	1.1556136321655286e-08
n247	3.2457370636994703e-09	1.0880749186623237e-08	3.4815115081965368e-09	1.7543856903145517e-08	1.5621271861938824e-09	6.276598151554969e-09	1.2196648296948068e-08	0.99999993975551	3.4983804431837975e-09	1.5588809834608394e-09
JF730049	0.0	0.0	0.0	0.0	0.0	0.0	0.0	1.0	0.0	0.0
FJ410241	0.0	0.0	0.0	0.0	0.0	0.0	0.0	1.0	0.0	0.0
FJ410202	0.0	0.0	0.0	0.0	0.0	0.0	0.0	1.0	0.0	0.0
FJ205879	0.0	0.0	0.0	0.0	0.0	0.0	0.0	1.0	0.0	0.0
GU131899	0.0	0.0	0.0	0.0	0.0	0.0	0.0	1.0	0.0	0.0
FJ390385	0.0	0.0	0.0	0.0	0.0	0.0	0.0	1.0	0.0	0.0
FM210206	0.0	0.0	0.0	0.0	0.0	0.0	0.0	1.0	0.0	0.0
FJ024452	0.0	0.0	0.0	0.0	0.0	0.0	0.0	1.0	0.0	0.0
FJ410195	0.0	0.0	0.0	0.0	0.0	0.0	0.0	1.0	0.0	0.0
FJ205877	0.0	0.0	0.0	0.0	0.0	0.0	0.0	1.0	0.0	0.0
FJ547067	0.0	0.0	0.0	0.0	0.0	0.0	0.0	1.0	0.0	0.0
EU482654	0.0	0.0	0.0	0.0	0.0	0.0	0.0	1.0	0.0	0.0
FJ410223	0.0	0.0	0.0	0.0	0.0	0.0	0.0	1.0	0.0	0.0
EU482645	0.0	0.0	0.0	0.0	0.0	0.0	0.0	1.0	0.0	0.0
FJ859028	0.0	0.0	0.0	0.0	0.0	0.0	0.0	1.0	0.0	0.0
FJ024454	0.0	0.0	0.0	0.0	0.0	0.0	0.0	1.0	0.0	0.0
n248	1.5806320312925482e-09	5.298784328892721e-09	1.6954511407331325e-09	8.543631732731236e-09	7.607357647870064e-10	3.056622237474622e-09	5.939610200769749e-09	0.9999999706617116	1.703666094209452e-09	7.591549059807576e-10
EU677148	0.0	0.0	0.0	0.0	0.0	0.0	0.0	1.0	0.0	0.0
n249	3.9496801837745824e-10	1.3240591768097207e-09	4.236589946640312e-10	2.134881002293867e-09	1.9009250197282187e-10	7.637881582575491e-10	1.4841886185326636e-09	0.9999999926689543	4.2571174560882353e-10	1.8969747728796327e-10
FJ461311	0.0	0.0	0.0	0.0	0.0	0.0	0.0	1.0	0.0	0.0
n250	6.412503680231545e-10	2.149676416590913e-09	6.878316056086393e-10	3.4660862771382177e-09	3.086247016891917e-10	1.240048345145541e-09	2.4096545886414123e-09	0.9999999880976801	6.911643496222321e-10	3.0798335932029714e-10
FJ547064	0.0	0.0	0.0	0.0	0.0	0.0	0.0	1.0	0.0	0.0
n251	5.276179475020028e-09	1.7687441836668132e-08	5.659447823741961e-09	2.8518803553224477e-08	2.5393503033091352e-09	1.0203062567994047e-08	1.982653066020318e-08	0.9999999020682409	5.6868694930880876e-09	2.534073366855042e-09
FJ390387	0.0	0.0	0.0	0.0	0.0	0.0	0.0	1.0	0.0	0.0
FJ410237	0.0	0.0	0.0	0.0	0.0	0.0	0.0	1.0	0.0	0.0
EU482652	0.0	0.0	0.0	0.0	0.0	0.0	0.0	1.0	0.0	0.0
