node	American	AsianAmerican	AsianI	AsianII	Cosmopolitan	Sylvatic
root	0.24213502810949877	0.05533301939726637	0.039119326709512195	0.0586200363748869	0.0836824429768399	0.5211101464319959
n0	0.008676582148123651	0.0024154241481571	0.0017241477962324776	0.0022165450380863994	0.003005763183341251	0.9819615376860592
n12	0.511808040983037	0.08044213078301518	0.055478979059342966	0.11411805866996329	0.17628147877780528	0.06187131172683633
n1	6.838349223222121e-05	2.4292062651661122e-05	1.7504296123015717e-05	1.8878168038182908e-05	2.3776012344576168e-05	0.9998471659686103
n2	4.462830787371126e-06	1.593928970935565e-06	1.148758711938962e-06	1.2343247971570095e-06	1.5518069051389675e-06	0.9999900083498274
n13	0.16684928369950147	0.1486709071811311	0.10205113768287939	0.22094859832555427	0.34477512643076424	0.016704946680169436
n340	0.9914020232033847	0.0014691402127056331	0.001019032023109536	0.0019637302131507496	0.002991805460469361	0.0011542688871800173
FJ467493	0.0	0.0	0.0	0.0	0.0	1.0
EF105379	0.0	0.0	0.0	0.0	0.0	1.0
n3	1.8081030889745035e-07	7.874743695348924e-08	5.709957417424749e-08	5.3806741057513524e-08	6.310406576670813e-08	0.999999566431873
n10	9.785244196274405e-09	4.733450424800111e-09	3.441648448574312e-09	3.0384122460255187e-09	3.4228774801669743e-09	0.9999999755783673
n14	0.1190495769091276	0.21378261901261036	0.14663695644788466	0.3199645104700798	0.19043300556632145	0.010133331593976008
n298	0.0002521798038870578	0.00021583111389312864	0.0001485902726752029	0.00031164948705728144	0.9990387480421086	3.3001280378706456e-05
n341	0.9999684816597979	5.5528797252790515e-06	3.869479486823111e-06	7.0514046412924925e-06	1.0607006015425776e-05	4.437570333327315e-06
GQ398257	1.0	0.0	0.0	0.0	0.0	0.0
n4	5.4600128509488604e-08	2.664432910598455e-08	1.937703297617196e-08	1.7016166769437326e-08	1.9102942326762028e-08	0.9999998632594003
n5	1.2836360108703918e-07	6.262225458514652e-08	4.554158448813571e-08	3.999979669211344e-08	4.491026734679602e-08	0.9999996785624958
n11	1.2696863560670394e-09	6.195199108268945e-10	4.5054323574447156e-10	3.9567860322096794e-10	4.4422383029081726e-10	0.9999999968203481
EU003591	0.0	0.0	0.0	0.0	0.0	1.0
n15	0.07283742067884037	0.9240955327578427	0.0006772815133479111	0.0014321398065581885	0.0008685948923174482	8.903035109346611e-05
n190	0.04872102935709397	0.08511343388498734	0.245921955913539	0.5397663329017754	0.0756628924873795	0.004814355455224758
n299	1.1121228872312891e-06	9.255283594669297e-07	6.38539605713836e-07	1.3083116007201755e-06	0.9999958469854853	1.6851206165082293e-07
n325	1.3223946391401717e-07	9.82619571592654e-08	6.841706467956309e-08	1.2594167550452683e-07	0.9999995448011735	3.033866530018767e-08
n342	0.9999987549771037	2.6379977515168046e-07	1.8842970942008102e-07	2.3943321273363257e-07	3.23271567529111e-07	2.3008863160017144e-07
n344	0.9999985228614883	3.582146511949621e-07	2.597639324405852e-07	2.4427675120884146e-07	2.8613756571160853e-07	3.2874561119402496e-07
EF105385	0.0	0.0	0.0	0.0	0.0	1.0
EF105384	0.0	0.0	0.0	0.0	0.0	1.0
n6	3.528255930536343e-08	1.722091039237333e-08	1.252393138849968e-08	1.0996735709828265e-08	1.234436139473055e-08	0.9999999116315018
n8	4.501625239676986e-08	2.1971725535918925e-08	1.5978967324740117e-08	1.403048039847038e-08	1.5749902047200134e-08	0.9999998872526722
EF105388	0.0	0.0	0.0	0.0	0.0	1.0
EF105387	0.0	0.0	0.0	0.0	0.0	1.0
n16	9.05703518989723e-05	0.9999046409161374	1.0784086506659896e-06	1.980378928320372e-06	1.311025344389827e-06	4.189190401827432e-07
n167	0.088789391343931	0.9107175665025534	0.00010928417277857226	0.00022524032912190159	0.00013875074107645146	1.976691053843229e-05
n191	0.0010848482848728324	0.001798179230969718	0.00511424290373934	0.9902762556266202	0.0015920448634510432	0.00013442909034676946
n195	0.00012980118568122005	0.0001909005198180035	0.9983577424326208	0.00113135328964131	0.00016731080300010228	2.2891769238646287e-05
n300	1.2927284782850034e-07	6.591763732468226e-08	4.7683980522410143e-08	4.738077196271348e-08	0.9999996537524641	5.599229831487934e-08
n323	4.77489041283895e-08	2.3810365903183e-08	1.7270549810275226e-08	1.6150631898274306e-08	0.9999998738684608	2.115108752188479e-08
n326	7.265653033628907e-11	4.3461689153869853e-11	3.088541028211293e-11	4.2745295970093614e-11	0.9999999997843847	2.5866385848535282e-11
JX475906	0.0	0.0	0.0	0.0	1.0	0.0
n343	0.9999962978394865	9.174477095089789e-07	6.66777318681197e-07	5.949425966056958e-07	6.748299731139773e-07	8.481629156073447e-07
JQ922552	1.0	0.0	0.0	0.0	0.0	0.0
n345	0.9999995722249337	1.066864983251971e-07	7.75868896631515e-08	6.814777594265516e-08	7.651534259385574e-08	9.883855966077361e-08
n346	0.9999996955790472	7.585306731028088e-08	5.515847358528435e-08	4.855732336675387e-08	5.459999077344209e-08	7.025209777452164e-08
n7	3.2511287916553906e-08	1.5868309335608092e-08	1.1540250658969904e-08	1.0133000717688224e-08	1.137477283516387e-08	0.9999999185723786
EF457904	0.0	0.0	0.0	0.0	0.0	1.0
n9	4.015845861236818e-09	1.9600787789011183e-09	1.4254700958660893e-09	1.2516443337061956e-09	1.4050299867774015e-09	0.999999989941931
EF105378	0.0	0.0	0.0	0.0	0.0	1.0
n17	1.5581068392547683e-07	0.9999998325067034	2.6897929379747007e-09	4.1119469559776955e-09	3.071339092281605e-09	1.8095335498848115e-09
JN819418	0.0	1.0	0.0	0.0	0.0	0.0
n168	0.08521081614479423	0.9147166777776167	1.6230070243217454e-05	3.1182875816752964e-05	2.006177031775631e-05	5.031361211328553e-06
DQ181801	1.0	0.0	0.0	0.0	0.0	0.0
n192	5.056603948303089e-08	7.570649037938332e-08	2.081544804418644e-07	0.9999995905733465	6.645748027632163e-08	8.542162960338103e-09
KJ734727	0.0	0.0	0.0	1.0	0.0	0.0
n196	2.4854452048621296e-07	3.239010041605131e-07	0.999997281251475	1.810205963395925e-06	2.8057538619189154e-07	5.552165062095779e-08
n297	7.212593232223366e-08	7.242540786055842e-08	0.9999994316385493	3.408355311584709e-07	6.080791899019829e-08	2.2166660441983966e-08
n301	1.0184583331693785e-08	4.971685060805828e-09	3.6155990932939234e-09	3.1761306011252916e-09	0.9999999734471545	4.604847349561933e-09
GQ398263	0.0	0.0	0.0	0.0	1.0	0.0
n324	3.691408756065818e-08	1.8021696878653604e-08	1.3105903862532145e-08	1.151640993775503e-08	0.9999999037531692	1.668873255693508e-08
GQ398259	0.0	0.0	0.0	0.0	1.0	0.0
FJ882602	0.0	0.0	0.0	0.0	1.0	0.0
n328	2.158588365225762e-09	1.053581319788956e-09	7.662181429908322e-10	6.727915859210855e-10	0.999999994372707	9.761136587671845e-10
JQ922551	0.0	0.0	0.0	0.0	1.0	0.0
JQ922553	1.0	0.0	0.0	0.0	0.0	0.0
JQ922550	1.0	0.0	0.0	0.0	0.0	0.0
HM582115	1.0	0.0	0.0	0.0	0.0	0.0
HM582107	1.0	0.0	0.0	0.0	0.0	0.0
n347	0.9999997886666221	5.27117098561102e-08	3.8334562632948564e-08	3.366218538950558e-08	3.778904974982327e-08	4.8835870390230256e-08
EU056812	1.0	0.0	0.0	0.0	0.0	0.0
JF260983	0.0	0.0	0.0	0.0	0.0	1.0
EF105389	0.0	0.0	0.0	0.0	0.0	1.0
EF105383	0.0	0.0	0.0	0.0	0.0	1.0
EF105380	0.0	0.0	0.0	0.0	0.0	1.0
n18	2.0167962291588984e-13	0.9999999999995984	4.8256181426050264e-14	4.314777156268404e-14	4.775052003216171e-14	6.07586926068627e-14
M20558	0.0	1.0	0.0	0.0	0.0	0.0
n169	1.1516848357321844e-05	0.9999884591489692	5.6263599217425904e-09	7.226816259779889e-09	6.094556966674707e-09	5.0549403427668776e-09
AF119661	1.0	0.0	0.0	0.0	0.0	0.0
n193	0.0	0.0	0.0	1.0	0.0	0.0
KF704355	0.0	0.0	0.0	1.0	0.0	0.0
n197	3.924975623421913e-11	2.0938185186423986e-11	0.9999999998796635	2.746535648095043e-11	1.5434412294704076e-11	1.7248869752343384e-11
AJ487271	0.0	0.0	1.0	0.0	0.0	0.0
M84728	0.0	0.0	1.0	0.0	0.0	0.0
M84727	0.0	0.0	1.0	0.0	0.0	0.0
n302	1.0293578273383375e-12	5.024157521724112e-13	3.653825351662322e-13	3.2082762986718833e-13	0.9999999999973166	4.654769781034351e-13
n320	7.158824819339557e-09	3.4941245415059517e-09	2.5411069652904096e-09	2.2312396520650185e-09	0.9999999813374723	3.2372317223594427e-09
GU131843	0.0	0.0	0.0	0.0	1.0	0.0
GQ398262	0.0	0.0	0.0	0.0	1.0	0.0
n329	3.424113732403743e-08	1.6712625563248248e-08	1.2154280841006365e-08	1.0672154412850432e-08	0.9999999107359014	1.5483900406822473e-08
n330	2.1599249543686093e-09	1.0542294925783263e-09	7.666899065701768e-10	6.731976207771069e-10	0.9999999943692363	9.76721734474028e-10
n348	0.9999998967831935	2.574548470752264e-08	1.8723440396576054e-08	1.644025636765404e-08	1.845496861835074e-08	2.3852656321002437e-08
GQ868600	1.0	0.0	0.0	0.0	0.0	0.0
n116	3.014460466267912e-11	0.9999999999255819	1.0700157919989908e-11	9.395351410609373e-12	1.0546726087140508e-11	1.3631425803377832e-11
n20	1.530577169339884e-09	0.9999999962214475	5.432957523617027e-10	4.770447628935723e-10	5.355053145561535e-10	6.921295921118286e-10
n114	3.0169691536029302e-09	0.9999999925519757	1.0709073616055853e-09	9.403179541916011e-10	1.055551385263662e-09	1.3642784253747007e-09
n170	5.2987834468475485e-08	0.9999999434252492	8.661263800652996e-10	7.705580946338604e-10	8.561191491915794e-10	1.094112807993577e-09
n173	8.102470865264328e-07	0.9999991855105776	1.013035768163339e-09	1.0500238026471478e-09	1.0370417288447375e-09	1.1422345461503588e-09
AF204177	0.0	0.0	0.0	1.0	0.0	0.0
M29095	0.0	0.0	0.0	1.0	0.0	0.0
AF204178	0.0	0.0	0.0	1.0	0.0	0.0
DQ181804	0.0	0.0	1.0	0.0	0.0	0.0
n199	4.611338316980475e-17	2.2507323101226884e-17	1.0	1.4372612887093875e-17	1.6133776105826343e-17	2.0852545028543142e-17
DQ181805	0.0	0.0	1.0	0.0	0.0	0.0
AY037116	0.0	0.0	0.0	0.0	1.0	0.0
n304	1.7627522707256954e-08	8.603749971334208e-09	6.25708947675103e-09	5.4940826461992094e-09	0.9999999540463594	7.97119574280337e-09
n305	4.511676415777503e-16	2.2020868432788222e-16	1.6014708074809835e-16	1.4061830192296335e-16	0.9999999999999989	2.0401877470425463e-16
n321	4.966292833358851e-09	2.423978832566357e-09	1.762842073708705e-09	1.5478762360315287e-09	0.999999987053244	2.24576605966121e-09
AB189123	0.0	0.0	0.0	0.0	1.0	0.0
KF041236	0.0	0.0	0.0	0.0	1.0	0.0
AF276619	0.0	0.0	0.0	0.0	1.0	0.0
n331	1.6485382463296992e-09	8.046287119951595e-10	5.851673820372126e-10	5.138104500674025e-10	0.9999999957023834	7.454717981348454e-10
JQ955623	0.0	0.0	0.0	0.0	1.0	0.0
n349	0.9999999924489644	1.8834635628706755e-09	1.3697515706802205e-09	1.2027202735711504e-09	1.3501104100890112e-09	1.7449898910693982e-09
n352	0.9999996913486834	7.698725473338592e-08	5.598909115598258e-08	4.9161626242348885e-08	5.518625124304872e-08	7.132709332475212e-08
n117	4.9946855151074134e-11	0.9999999998766956	1.772920319486553e-11	1.5567255044393765e-11	1.747498023709069e-11	2.2586052101031894e-11
GQ868603	0.0	1.0	0.0	0.0	0.0	0.0
n21	5.900331133075277e-12	0.9999999999854339	2.094389577665085e-12	1.8389939085602683e-12	2.0643576627143797e-12	2.6681397712558165e-12
n108	7.542147061557659e-09	0.999999981380619	2.6771707967454298e-09	2.3507091707644334e-09	2.638782253115122e-09	3.4105717262127186e-09
n115	2.240761403823154e-08	0.999999944682078	7.953837206197537e-09	6.983924255517601e-09	7.839785376950419e-09	1.013276116830854e-08
EU482572	0.0	1.0	0.0	0.0	0.0	0.0
n171	1.7832206232393706e-08	0.9999999604544937	5.247672824790484e-09	4.608363124290513e-09	5.172570767659042e-09	6.6846931768558965e-09
FJ639701	0.0	1.0	0.0	0.0	0.0	0.0
n174	2.953742073680449e-08	0.9999999295657701	9.884007061617776e-09	8.679060264926183e-09	9.742358855018118e-09	1.259138299571785e-08
n182	2.737899322613565e-08	0.9999999341012582	9.309521924256671e-09	8.174522081412723e-09	9.17608561677041e-09	1.1859618998306633e-08
n296	1.9476517365794568e-08	9.506218684862958e-09	0.9999999493253007	6.070370626927263e-09	6.814278209906845e-09	8.807314271506061e-09
DQ181803	0.0	0.0	1.0	0.0	0.0	0.0
n202	5.346223396435032e-13	2.609417679256072e-13	0.9999999999986091	1.6662916095927363e-13	1.8704911618132714e-13	2.417571310812268e-13
n286	9.131900883242186e-11	4.4571544888745695e-11	0.9999999997624027	2.846197903276659e-11	3.1949917962743e-11	4.129461107672531e-11
FJ196853	0.0	0.0	0.0	0.0	1.0	0.0
FJ196854	0.0	0.0	0.0	0.0	1.0	0.0
n315	1.5957648940425151e-09	7.788707687051346e-10	5.664348809358072e-10	4.973622418394918e-10	0.9999999958399596	7.216075985921334e-10
n313	7.601018017287018e-09	3.7099517404900304e-09	2.698067711406984e-09	2.369057857741994e-09	0.9999999801847115	3.437193272509661e-09
n308	1.08505209026859e-08	5.295989144689719e-09	3.851515682886446e-09	3.3818511871225224e-09	0.9999999717134991	4.906624002879159e-09
n309	2.94240610090533e-10	1.4361477121163902e-10	1.0444404784522717e-10	9.170785121366902e-11	0.9999999992329366	1.3305610422211537e-10
n322	1.1385329524472583e-08	5.557021834387124e-09	4.0413520799468616e-09	3.5485384079151198e-09	0.9999999703192928	5.148465371031912e-09
JN851131	0.0	0.0	0.0	0.0	1.0	0.0
n332	1.2400448915416818e-10	6.05248756574207e-11	4.4016802419817615e-11	3.8649271552560936e-11	0.9999999996767296	5.607504085798893e-11
JQ922549	0.0	0.0	0.0	0.0	1.0	0.0
n350	0.9999996498439239	8.733983481487344e-08	6.351801983345299e-08	5.57724564728076e-08	6.260722091178179e-08	8.091854386440289e-08
n351	0.9999999111520871	2.216143764649909e-08	1.6116937236609738e-08	1.4151593246706465e-08	1.5885832912742726e-08	2.0532111929148798e-08
n353	0.9999999617877982	9.531313666957541e-09	6.93166150153531e-09	6.086395488896554e-09	6.8322668755891675e-09	8.830564251467044e-09
GQ868592	1.0	0.0	0.0	0.0	0.0	0.0
n118	2.980875322316273e-10	0.9999999992641081	1.0580955656946828e-10	9.29068460199591e-11	1.0429232995702709e-10	1.3479568895553605e-10
n152	1.8516293903057174e-09	0.9999999954288622	6.572568911312462e-10	5.771091644240411e-10	6.478323393349174e-10	8.373099588849225e-10
n22	2.397569030562879e-10	0.9999999994081096	8.510443696513996e-11	7.472656607859334e-11	8.388410563792484e-11	1.0841847925482881e-10
n83	3.4031691036348535e-10	0.9999999991598559	1.2079935416666445e-10	1.0606874615813772e-10	1.190671855341721e-10	1.5389188555562484e-10
n109	1.0645818528839688e-09	0.999999997371855	3.7788542493696306e-10	3.3180502901694816e-10	3.7246684232725176e-10	4.814057241341261e-10
EU482545	0.0	1.0	0.0	0.0	0.0	0.0
GQ398284	0.0	1.0	0.0	0.0	0.0	0.0
EU529701	0.0	1.0	0.0	0.0	0.0	0.0
n172	1.3489118130937192e-08	0.999999966700573	4.78779996221208e-09	4.203962543650718e-09	4.719146683048507e-09	6.0993996962061284e-09
JX649148	0.0	1.0	0.0	0.0	0.0	0.0
n175	9.685446755451725e-10	0.9999999976097069	3.4361135321553526e-10	3.017105359675721e-10	3.386842589109293e-10	4.3774230309334224e-10
FM210237	0.0	1.0	0.0	0.0	0.0	0.0
n183	1.3427205781347197e-09	0.9999999966855871	4.765230443722798e-10	4.184145546944165e-10	4.696900873603681e-10	6.070647035612465e-10
n189	8.221374244892251e-09	0.9999999797048844	2.9180089670194103e-09	2.562179013457577e-09	2.8761670267702073e-09	3.7173864775116e-09
EU726767	0.0	0.0	1.0	0.0	0.0	0.0
AF100462	0.0	0.0	1.0	0.0	0.0	0.0
GQ868542	0.0	0.0	1.0	0.0	0.0	0.0
n204	5.43075377603419e-10	2.6506757881310854e-10	0.9999999985870072	1.6926377331714174e-10	1.9000659319305043e-10	2.455796092206039e-10
n285	8.832432480880177e-10	4.3109881045773023e-10	0.9999999977019461	2.7528606726383285e-10	3.0902163392228145e-10	3.9940409868957163e-10
n287	1.4387691299708041e-13	7.022433081672506e-14	0.9999999999996259	4.4843036881137775e-14	5.033843036366018e-14	6.506138471166695e-14
DQ181802	0.0	0.0	1.0	0.0	0.0	0.0
n316	2.415280813429456e-10	1.1788651516383362e-10	8.57331368229112e-11	7.527860053344303e-11	0.9999999993703543	1.0921940908784332e-10
AY858036	0.0	0.0	0.0	0.0	1.0	0.0
n314	4.375468099809037e-09	2.135605448563192e-09	1.5531221180553952e-09	1.3637301029384752e-09	0.9999999885934802	1.978594114964635e-09
EU081180	0.0	0.0	0.0	0.0	1.0	0.0
JN851121	0.0	0.0	0.0	0.0	1.0	0.0
GU370051	0.0	0.0	0.0	0.0	1.0	0.0
n310	1.5917459763283056e-10	7.769091905672051e-11	5.6500832042840544e-11	4.96109640073674e-11	0.9999999995850436	7.197902371678302e-11
n312	1.1509106618192036e-08	5.617435721443912e-09	4.085288165751207e-09	3.58711680559205e-09	0.9999999699966151	5.204437583318034e-09
FJ196852	0.0	0.0	0.0	0.0	1.0	0.0
DQ645550	0.0	0.0	0.0	0.0	1.0	0.0
n333	3.750607911259412e-10	1.830619834951926e-10	1.331320894188393e-10	1.1689759349695523e-10	0.9999999990222445	1.6960312751638005e-10
n339	2.3643898793373695e-08	1.1540259907416374e-08	8.392670529275404e-09	7.369245027009031e-09	0.9999999383621145	1.0691811239448957e-08
JX966379	1.0	0.0	0.0	0.0	0.0	0.0
AF100469	1.0	0.0	0.0	0.0	0.0	0.0
FJ898449	1.0	0.0	0.0	0.0	0.0	0.0
AF100465	1.0	0.0	0.0	0.0	0.0	0.0
AF100468	1.0	0.0	0.0	0.0	0.0	0.0
AF100467	1.0	0.0	0.0	0.0	0.0	0.0
n119	1.2330095167798717e-09	0.9999999969560558	4.3767073798736843e-10	3.842999553158021e-10	4.313948805630355e-10	5.575690001493812e-10
n139	1.2184896376150422e-14	0.99999999999997	4.325167418964428e-15	3.797744517910549e-15	4.263147887609388e-15	5.510030861008296e-15
n153	1.2606989773449833e-10	0.9999999996887698	4.4749942663500613e-11	3.929301064323e-11	4.410826334723041e-11	5.7009022130125317e-11
EU482576	0.0	1.0	0.0	0.0	0.0	0.0
n23	1.0611752328040222e-10	0.9999999997380266	3.7667620643204827e-11	3.3074326596753147e-11	3.712749630736804e-11	4.7986524474122004e-11
EU920828	0.0	1.0	0.0	0.0	0.0	0.0
n84	1.0239399626961035e-08	0.9999999747218821	3.634591242234269e-09	3.1913791139085646e-09	3.582474035274342e-09	4.630273922819913e-09
n85	1.3591496626262529e-09	0.9999999966446522	4.824456160163734e-10	4.236148606369656e-10	4.755277217220542e-10	6.146097885951543e-10
n110	4.868221003699074e-09	0.9999999879817697	1.7280303601703457e-09	1.517309549300916e-09	1.7032517509920894e-09	2.2014178160015854e-09
n111	4.93865725394811e-12	0.999999999987808	1.7530325075244617e-12	1.5392628655202498e-12	1.7278953870305575e-12	2.233269208136978e-12
FJ639702	0.0	1.0	0.0	0.0	0.0	0.0
FJ639697	0.0	1.0	0.0	0.0	0.0	0.0
n176	3.0209298156842996e-10	0.9999999992542201	1.0723128882418195e-10	9.415520833019967e-11	1.056936756851642e-10	1.3660689942080478e-10
n179	3.5657200496962564e-09	0.9999999911972733	1.2656915656611384e-09	1.111349629353777e-09	1.2475425347928628e-09	1.612423036820287e-09
n184	9.442247657347458e-10	0.9999999976689825	3.351631940355109e-10	2.9429246540882993e-10	3.303572149505467e-10	4.2697989776172296e-10
n187	1.0949859053803073e-09	0.9999999972967968	3.8867756758090407e-10	3.412811479474121e-10	3.831042340693782e-10	4.951543338393533e-10
FM210227	0.0	1.0	0.0	0.0	0.0	0.0
FM210204	0.0	1.0	0.0	0.0	0.0	0.0
n205	2.710299424257348e-09	1.3228596542468884e-09	0.9999999929482459	8.447363410095198e-10	9.482565061387945e-10	1.2256020083569278e-09
DQ181799	0.0	0.0	1.0	0.0	0.0	0.0
AF169680	0.0	0.0	1.0	0.0	0.0	0.0
AF169679	0.0	0.0	1.0	0.0	0.0	0.0
AF022434	0.0	0.0	1.0	0.0	0.0	0.0
n289	7.579071153682849e-10	3.6992397799813973e-10	0.9999999980280501	2.3622175385168585e-10	2.6517009403630417e-10	3.427268863468481e-10
n292	7.538520117899695e-10	3.679447380405415e-10	0.9999999980386011	2.349578738063659e-10	2.637513288929445e-10	3.4089316161326427e-10
n317	8.212408369133314e-09	4.008362913150368e-09	2.915087663685826e-09	2.5596137956301773e-09	0.9999999785908622	3.713665029248565e-09
n318	1.3882797609766874e-09	6.776001456395523e-10	4.92785675415084e-10	4.3269402453803015e-10	0.9999999963808579	6.277824686032717e-10
JN851129	0.0	0.0	0.0	0.0	1.0	0.0
JN851128	0.0	0.0	0.0	0.0	1.0	0.0
n311	2.088098393476669e-09	1.0191719387554088e-09	7.411942506736805e-10	6.508109697350743e-10	0.9999999945564828	9.442416442209603e-10
JX470186	0.0	0.0	0.0	0.0	1.0	0.0
JN851130	0.0	0.0	0.0	0.0	1.0	0.0
AY858035	0.0	0.0	0.0	0.0	1.0	0.0
n334	5.490253024665202e-08	2.6797165482653784e-08	1.9488276938186822e-08	1.7111822442064474e-08	0.9999998568731875	2.482701753612021e-08
n335	5.388758687643035e-10	2.630178566454402e-10	1.912801125668551e-10	1.6795488556140474e-10	0.9999999985951907	2.4368058418253344e-10
FJ898454	0.0	0.0	0.0	0.0	1.0	0.0
DQ448231	0.0	0.0	0.0	0.0	1.0	0.0
n120	8.573888011776402e-10	0.9999999978833549	3.0433989701355846e-10	2.672278465792745e-10	2.9997589998013466e-10	3.87712673832704e-10
FJ898450	0.0	1.0	0.0	0.0	0.0	0.0
EU569708	0.0	1.0	0.0	0.0	0.0	0.0
n141	2.9132719584618e-09	0.9999999928079736	1.0340989835567662e-09	9.07998087787288e-10	1.019270809726152e-09	1.3173865334672617e-09
n142	5.996394295707654e-12	0.9999999999851965	2.1284882889790064e-12	1.868934528514099e-12	2.097967425070165e-12	2.7115796970414394e-12
n154	3.997770449123569e-11	0.9999999999013065	1.4190540453747228e-11	1.2460106625724501e-11	1.3987059158489791e-11	1.8077985950716083e-11
EU482575	0.0	1.0	0.0	0.0	0.0	0.0
n24	5.4147854796895634e-11	0.9999999998663245	1.922039631233534e-11	1.6876607922085154e-11	1.894479080247173e-11	2.4485752014458327e-11
n65	2.8639885481095555e-10	0.9999999992929639	1.0166052770720561e-10	8.92637612350212e-11	1.0020279493643195e-10	1.2951004915023817e-10
EU677142	0.0	1.0	0.0	0.0	0.0	0.0
EU482546	0.0	1.0	0.0	0.0	0.0	0.0
n86	6.450694286678916e-10	0.99999999840751	2.2897472327342192e-10	2.010529109783981e-10	2.2569140411973983e-10	2.91701492546956e-10
n90	3.614005274931939e-09	0.9999999910780656	1.282832236283619e-09	1.1264001183823572e-09	1.2644374213794371e-09	1.6342593307316229e-09
EU920835	0.0	1.0	0.0	0.0	0.0	0.0
EU920834	0.0	1.0	0.0	0.0	0.0	0.0
JN819419	0.0	1.0	0.0	0.0	0.0	0.0
n113	5.770768166607122e-09	0.9999999857536415	2.048399730789643e-09	1.7986121910532667e-09	2.0190272744138894e-09	2.6095511777979673e-09
FJ850085	0.0	1.0	0.0	0.0	0.0	0.0
n177	2.5546662789744112e-11	0.9999999999369328	9.068078116699085e-12	7.962291541583418e-12	8.938048940820977e-12	1.1552244209949184e-11
FM210213	0.0	1.0	0.0	0.0	0.0	0.0
n180	1.081044835090803e-09	0.9999999973312129	3.8372914710026746e-10	3.369361515056675e-10	3.782267700672241e-10	4.888503121333835e-10
FM210243	0.0	1.0	0.0	0.0	0.0	0.0
n185	2.9379683426056926e-10	0.9999999992747006	1.0428652452054651e-10	9.156953671976032e-11	1.0279113700120539e-10	1.3285542797161268e-10
FM210218	0.0	1.0	0.0	0.0	0.0	0.0
n188	1.2125735467174179e-09	0.9999999970065065	4.304167577550689e-10	3.779305455356511e-10	4.2424491675626393e-10	5.483278191558128e-10
EU482449	0.0	1.0	0.0	0.0	0.0	0.0
n206	3.7771151177344926e-09	1.8435576357273026e-09	0.9999999901725667	1.1772376053989144e-09	1.3215049056095896e-09	1.7080178790058118e-09
AF100461	0.0	0.0	1.0	0.0	0.0	0.0
n290	1.0672465190905203e-09	5.209082615021899e-10	0.9999999972231999	3.326355425613925e-10	3.733991330713848e-10	4.826106907238464e-10
EU687246	0.0	0.0	1.0	0.0	0.0	0.0
n293	3.5299020104605585e-09	1.7228963380541481e-09	0.9999999908157746	1.1001871165049066e-09	1.2350120866696566e-09	1.5962276915249166e-09
n295	8.795083133069578e-09	4.2927584046080394e-09	0.9999999771166383	2.7412197627350755e-09	3.0771488671404093e-09	3.977151548305353e-09
JN851127	0.0	0.0	0.0	0.0	1.0	0.0
JN851126	0.0	0.0	0.0	0.0	1.0	0.0
n319	1.4389033878563783e-08	7.023088375838534e-09	5.1075510698435154e-09	4.4847221382451415e-09	0.999999962488859	6.506745587608238e-09
HM488257	0.0	0.0	0.0	0.0	1.0	0.0
EU482640	0.0	0.0	0.0	0.0	1.0	0.0
EU179859	0.0	0.0	0.0	0.0	1.0	0.0
KF479233	0.0	0.0	0.0	0.0	1.0	0.0
JQ955624	0.0	0.0	0.0	0.0	1.0	0.0
n336	3.387642080018312e-09	1.653461234052832e-09	1.2024820482090258e-09	1.055848054909533e-09	0.9999999911686691	1.5318975090741313e-09
n337	2.027429704554916e-10	9.895603909934365e-11	7.196592101960893e-11	6.319019717716299e-11	0.999999999471464	9.168071599269391e-11
n121	9.890016564699063e-09	0.9999999755844078	3.5105737544375524e-09	3.0824846622533744e-09	3.460234861639351e-09	4.4722823079593164e-09
n122	1.7212665539999457e-09	0.9999999957506903	6.109831211437657e-10	5.3647814618357e-10	6.02222099160425e-10	7.783596626332135e-10
AF100466	0.0	1.0	0.0	0.0	0.0	0.0
GQ868595	0.0	1.0	0.0	0.0	0.0	0.0
n143	5.89555088657903e-10	0.9999999985445588	2.0926927750808223e-10	1.8375040187778618e-10	2.0626851909555203e-10	2.6659781359550783e-10
n150	4.711706439302552e-09	0.9999999883681586	1.6724737371492215e-09	1.4685276548505468e-09	1.6484917666648413e-09	2.1306416638374935e-09
n155	1.7640707333676575e-10	0.999999999564502	6.261769509705917e-11	5.4981919829588564e-11	6.171980613039754e-11	7.977157853293293e-11
n166	2.7915405383024587e-09	0.9999999931084934	9.908890328042927e-10	8.700572781737997e-10	9.766804560056434e-10	1.262339378273953e-09
n25	3.2221903112233914e-11	0.9999999999204534	1.1437530629381713e-11	1.0042806448534759e-11	1.1273525350329882e-11	1.457079937883884e-11
n60	8.512601322163439e-10	0.9999999978984848	3.021644563290647e-10	2.653176851604701e-10	2.9783165342032416e-10	3.8494127930695787e-10
n66	6.079580039613526e-10	0.9999999984991275	2.1580160139720738e-10	1.8948615608937248e-10	2.1270717454898e-10	2.749196431888231e-10
n70	4.56003319572223e-09	0.9999999887425962	1.6186355959610638e-09	1.4212546857961433e-09	1.5954256224798228e-09	2.0620547651788753e-09
n87	1.341074971820085e-09	0.9999999966892735	4.760297991419921e-10	4.179814062518786e-10	4.692039026635412e-10	6.064363826776365e-10
n89	6.869519602137496e-09	0.9999999830411419	2.4384140373370544e-09	2.1410670722452998e-09	2.403449079638052e-09	3.106408445308208e-09
n91	7.495500783390973e-10	0.9999999981495775	2.6606131703015137e-10	2.3361706271736534e-10	2.622462050135475e-10	3.389478199915902e-10
EU482726	0.0	1.0	0.0	0.0	0.0	0.0
FJ850088	0.0	1.0	0.0	0.0	0.0	0.0
EU920840	0.0	1.0	0.0	0.0	0.0	0.0
n178	4.451615696832828e-10	0.9999999989010248	1.5801515727885704e-10	1.387463511056983e-10	1.5574934302194422e-10	2.0130281877551776e-10
FM210222	0.0	1.0	0.0	0.0	0.0	0.0
n181	6.945994117708514e-10	0.9999999982852348	2.4655595355521816e-10	2.164902373181972e-10	2.43020533255592e-10	3.1409903512586946e-10
FM210235	0.0	1.0	0.0	0.0	0.0	0.0
n186	6.500455568536348e-10	0.9999999983952255	2.3074105651370101e-10	2.026038526484618e-10	2.2743240951737903e-10	2.939517061738524e-10
FM210220	0.0	1.0	0.0	0.0	0.0	0.0
FM210241	0.0	1.0	0.0	0.0	0.0	0.0
FM210221	0.0	1.0	0.0	0.0	0.0	0.0
n207	7.382786183173598e-11	3.6034358013147686e-11	0.9999999998079121	2.3010401474510797e-11	2.5830264246704967e-11	3.338508466032933e-11
FJ906957	0.0	0.0	1.0	0.0	0.0	0.0
n291	6.119632018460018e-09	2.9869077282029245e-09	0.9999999840777225	1.9073448170823827e-09	2.1410847911278577e-09	2.767308004828694e-09
DQ181798	0.0	0.0	1.0	0.0	0.0	0.0
n294	7.938056129131117e-09	3.874455380239825e-09	0.9999999793464819	2.4741046798133055e-09	2.777299549700522e-09	3.5896024797994203e-09
AF100460	0.0	0.0	1.0	0.0	0.0	0.0
FJ687434	0.0	0.0	1.0	0.0	0.0	0.0
FJ639828	0.0	0.0	1.0	0.0	0.0	0.0
KC131142	0.0	0.0	0.0	0.0	1.0	0.0
EU179858	0.0	0.0	0.0	0.0	1.0	0.0
KJ010186	0.0	0.0	0.0	0.0	1.0	0.0
KJ010185	0.0	0.0	0.0	0.0	1.0	0.0
n338	1.3755758870939503e-09	6.71399560544893e-10	4.882762910333017e-10	4.2873452698425323e-10	0.9999999964139759	6.220377552312935e-10
KJ830750	0.0	0.0	0.0	0.0	1.0	0.0
GQ398282	0.0	1.0	0.0	0.0	0.0	0.0
GQ398269	0.0	1.0	0.0	0.0	0.0	0.0
n123	1.8766071220984892e-10	0.9999999995367199	6.661230208394503e-11	5.848941337056351e-11	6.565713356500806e-11	8.486049316750459e-11
GQ398270	0.0	1.0	0.0	0.0	0.0	0.0
n144	1.3822733264662454e-08	0.9999999658756671	4.906536232378035e-09	4.308219607116304e-09	4.836180325142086e-09	6.250663487040544e-09
n145	4.01552045345432e-10	0.9999999990086839	1.4253546110954215e-10	1.2515429198489204e-10	1.40491613636557e-10	1.8158251772128315e-10
n151	1.1976639123183822e-08	0.9999999704331398	4.2512441407117556e-09	3.732835649065588e-09	4.190284611578447e-09	5.4158565770873635e-09
GQ868552	0.0	1.0	0.0	0.0	0.0	0.0
n156	6.057393080583466e-11	0.9999999998504604	2.1501405007661887e-11	1.8879464095929352e-11	2.1193091610080302e-11	2.7391634512871947e-11
n161	9.306981644594473e-11	0.9999999997702375	3.303618884842543e-11	2.9007664429740117e-11	3.256247563650391e-11	4.208632925670786e-11
EU482744	0.0	1.0	0.0	0.0	0.0	0.0
EU482590	0.0	1.0	0.0	0.0	0.0	0.0
n26	5.852028983214688e-11	0.9999999998555303	2.077244180966291e-11	1.8239392690410904e-11	2.0474581176456804e-11	2.6462974572472372e-11
n48	2.8793318248484085e-10	0.9999999992891763	1.0220515474876943e-10	8.9741974945856e-11	1.0073961245050026e-10	1.3020387473340478e-10
n61	3.38461731115307e-10	0.9999999991644359	1.2014083721315296e-10	1.054905305868318e-10	1.1841811120076986e-10	1.530529703449824e-10
FJ898461	0.0	1.0	0.0	0.0	0.0	0.0
n67	3.946531677280546e-09	0.9999999902571541	1.400866261111168e-09	1.2300407471243236e-09	1.380778930242944e-09	1.784628335315619e-09
n69	1.9761853801351052e-08	0.9999999512136951	7.014694549823129e-09	6.159303257164134e-09	6.914109294632487e-09	8.936343892862848e-09
n71	4.956252726447655e-11	0.9999999998776444	1.7592782204158147e-11	1.5447469588733938e-11	1.734051541264643e-11	2.2412259107213576e-11
n81	2.931344725002158e-09	0.9999999927633572	1.0405141173911339e-09	9.13630942424153e-10	1.025593955538913e-09	1.3255590692285076e-09
n88	2.0801130963850134e-09	0.999999994864802	7.383597787384755e-10	6.483221411625901e-10	7.277722747153976e-10	9.406306792975769e-10
EU920833	0.0	1.0	0.0	0.0	0.0	0.0
FJ898460	0.0	1.0	0.0	0.0	0.0	0.0
EU677145	0.0	1.0	0.0	0.0	0.0	0.0
n92	7.135108736603758e-10	0.9999999982385479	2.5326879183585487e-10	2.2238449349614799e-10	2.49637114664783e-10	3.2265083035328475e-10
EU920849	0.0	1.0	0.0	0.0	0.0	0.0
FM210234	0.0	1.0	0.0	0.0	0.0	0.0
FM210217	0.0	1.0	0.0	0.0	0.0	0.0
FM210236	0.0	1.0	0.0	0.0	0.0	0.0
FM210208	0.0	1.0	0.0	0.0	0.0	0.0
FM210202	0.0	1.0	0.0	0.0	0.0	0.0
EU482664	0.0	1.0	0.0	0.0	0.0	0.0
n208	7.94039760061367e-12	3.875598220078153e-12	0.9999999999793402	2.474834461192827e-12	2.778118763824023e-12	3.5906612971853676e-12
n278	7.52321187442742e-10	3.671975638543385e-10	0.9999999980425837	2.3448075199973765e-10	2.6321573709300453e-10	3.402009202403695e-10
FJ639831	0.0	0.0	1.0	0.0	0.0	0.0
FJ196851	0.0	0.0	1.0	0.0	0.0	0.0
GQ868544	0.0	0.0	1.0	0.0	0.0	0.0
AF100464	0.0	0.0	1.0	0.0	0.0	0.0
KF041233	0.0	0.0	0.0	0.0	1.0	0.0
KF360005	0.0	0.0	0.0	0.0	1.0	0.0
n124	1.494734396360949e-09	0.999999996309933	5.305729578299724e-10	4.658734210184187e-10	5.22964954946664e-10	6.759214357439985e-10
n126	9.235318067515553e-14	0.9999999999997721	3.278181083884722e-14	2.8784305979587e-14	3.231174520941509e-14	4.176226534255922e-14
JX669488	0.0	1.0	0.0	0.0	0.0	0.0
AF489932	0.0	1.0	0.0	0.0	0.0	0.0
n146	2.1952340700466777e-10	0.9999999994580602	7.792232763957448e-11	6.842026306738382e-11	7.680498216501306e-11	9.92688579343953e-11
JX669483	0.0	1.0	0.0	0.0	0.0	0.0
FJ898465	0.0	1.0	0.0	0.0	0.0	0.0
EU687220	0.0	1.0	0.0	0.0	0.0	0.0
n157	2.9974774102696816e-11	0.9999999999260009	1.0639886654560299e-11	9.342429390449063e-12	1.0487318968719232e-11	1.3554643819612969e-11
EU482587	0.0	1.0	0.0	0.0	0.0	0.0
n162	1.7461695741622488e-11	0.9999999999568921	6.198227311096434e-12	5.442398296137152e-12	6.1093495600570894e-12	7.896208506967554e-12
n165	7.190247308285232e-10	0.9999999982249357	2.552259980886034e-10	2.2410303259458952e-10	2.5156625610458846e-10	3.2514420594071683e-10
n27	1.956626610949617e-10	0.9999999995169655	6.945268476244286e-11	6.098343191392339e-11	6.845678736863808e-11	8.847898806020489e-11
n32	8.127071643062084e-11	0.999999999799366	2.8847964231327417e-11	2.5330163528937927e-11	2.843430689766465e-11	3.675075616608978e-11
n49	1.6551794977719672e-09	0.9999999959138401	5.875247696249136e-10	5.158803710571521e-10	5.79100122127606e-10	7.484749834296964e-10
n52	9.581069121842188e-10	0.9999999976347109	3.400909349196291e-10	2.986193038491297e-10	3.3521429585374456e-10	4.33257574895214e-10
n62	1.7297234017076531e-09	0.999999995729813	6.139849753281076e-10	5.391139459498785e-10	6.051809090942963e-10	7.821838635470201e-10
FJ898438	0.0	1.0	0.0	0.0	0.0	0.0
n68	7.277723344463281e-09	0.9999999820334047	2.583310593869333e-09	2.2682945411339672e-09	2.546267932428346e-09	3.2909988717148335e-09
GQ868553	0.0	1.0	0.0	0.0	0.0	0.0
KJ189305	0.0	1.0	0.0	0.0	0.0	0.0
EU482607	0.0	1.0	0.0	0.0	0.0	0.0
n72	2.484031042398743e-10	0.9999999993867644	8.817350431726529e-11	7.742138285274325e-11	8.69091649551146e-11	1.1232830613241415e-10
n76	6.83418895161146e-12	0.9999999999831284	2.4258730214901634e-12	2.130055342624678e-12	2.3910878921885838e-12	3.090431865062602e-12
n82	1.985065278001619e-09	0.9999999950994475	7.046214756274085e-10	6.186979802291072e-10	6.945177525878106e-10	8.976498942012759e-10
GQ868555	0.0	1.0	0.0	0.0	0.0	0.0
AY702039	0.0	1.0	0.0	0.0	0.0	0.0
AF208496	0.0	1.0	0.0	0.0	0.0	0.0
n93	1.3820843898140283e-10	0.9999999996588033	4.905865580263162e-11	4.307630736178842e-11	4.835519289656083e-11	6.249809112286461e-11
FJ898451	0.0	1.0	0.0	0.0	0.0	0.0
n209	4.2261865872508763e-10	2.0627432074688323e-10	0.9999999989004157	1.3172025799754717e-10	1.4786222111290354e-10	1.9110887611412375e-10
n211	1.0376863319305173e-11	5.064803430899392e-12	0.9999999999730009	3.2342233013268104e-12	3.630568662552989e-12	4.692435238247008e-12
n279	1.4226273349458028e-09	6.943647213238253e-10	0.9999999962985574	4.4339935240606635e-10	4.977367497109281e-10	6.433144999581732e-10
GQ868620	0.0	0.0	1.0	0.0	0.0	0.0
n125	2.1322085477981382e-09	0.9999999947361934	7.568516511494151e-10	6.645590634067147e-10	7.459989880816778e-10	9.641883310119006e-10
EU569714	0.0	1.0	0.0	0.0	0.0	0.0
EU482729	0.0	1.0	0.0	0.0	0.0	0.0
n128	5.109226032694116e-11	0.999999999873868	1.8135778336192132e-11	1.5924251267666602e-11	1.7875725403157037e-11	2.310400699928286e-11
n138	1.2652507041954362e-09	0.9999999968764617	4.4911511379933514e-10	3.9434877222638783e-10	4.4267515294136453e-10	5.72148519922979e-10
n147	1.4040618695151409e-08	0.9999999653377709	4.983877141641935e-09	4.376129351575981e-09	4.91241222601799e-09	6.349191649209252e-09
n148	1.7537790249121201e-09	0.9999999956704265	6.225237921152977e-10	5.46611515755109e-10	6.135972859007481e-10	7.930618572652791e-10
n158	4.6454068640048345e-12	0.9999999999885318	1.648939949571829e-12	1.4478636425476166e-12	1.6252954352677943e-12	2.100660883149264e-12
EU482740	0.0	1.0	0.0	0.0	0.0	0.0
n163	9.530032712987757e-10	0.9999999976473106	3.382793395974876e-10	2.970286194808973e-10	3.334286773972364e-10	4.3094969980836986e-10
n164	4.244603281766266e-10	0.9999999989521301	1.506670163946441e-10	1.3229426288420963e-10	1.4850656875359178e-10	1.919416821717623e-10
GQ398314	0.0	1.0	0.0	0.0	0.0	0.0
GQ398308	0.0	1.0	0.0	0.0	0.0	0.0
n28	2.978630430771271e-09	0.9999999926466224	1.0572987159352472e-09	9.283687805080021e-10	1.042137876015601e-09	1.346941745783915e-09
n29	1.2786060188046358e-09	0.9999999968434913	4.538557344689365e-10	3.985113084742409e-10	4.473477968036471e-10	5.78187815899201e-10
n33	8.125241374658454e-10	0.9999999979941127	2.8841467485665444e-10	2.532445901444587e-10	2.842790331027431e-10	3.67424796612459e-10
n35	1.3149627425825578e-10	0.9999999996753737	4.667609666752885e-11	4.09842840902128e-11	4.600679780337163e-11	5.946283882140878e-11
n50	7.24399533022415e-10	0.9999999982116669	2.5713384519823496e-10	2.257782315406108e-10	2.534467461729371e-10	3.275747006323357e-10
KJ189370	0.0	1.0	0.0	0.0	0.0	0.0
n53	1.0014586558626534e-10	0.9999999997527688	3.55479128920217e-11	3.1213101882923314e-11	3.503818351402208e-11	4.5286130710374045e-11
GQ868604	0.0	1.0	0.0	0.0	0.0	0.0
n63	1.6252907885890405e-09	0.9999999959876268	5.769154326915339e-10	5.065647660702229e-10	5.686429148208647e-10	7.349592583131519e-10
FJ898439	0.0	1.0	0.0	0.0	0.0	0.0
JN819408	0.0	1.0	0.0	0.0	0.0	0.0
FJ898466	0.0	1.0	0.0	0.0	0.0	0.0
n73	3.144757141913148e-10	0.9999999992236505	1.116267279661151e-10	9.801465541583752e-11	1.1002608764759243e-10	1.422064527051156e-10
FJ639733	0.0	1.0	0.0	0.0	0.0	0.0
n77	5.3826667854425207e-11	0.9999999998671175	1.9106387357635574e-11	1.6776501535265242e-11	1.8832416647366023e-11	2.4340510732913343e-11
FJ639732	0.0	1.0	0.0	0.0	0.0	0.0
GU131947	0.0	1.0	0.0	0.0	0.0	0.0
GQ868558	0.0	1.0	0.0	0.0	0.0	0.0
n94	1.1866359830356862e-10	0.9999999997070538	4.212099252680112e-11	3.698464197159572e-11	4.151701030746153e-11	5.365988093347438e-11
EU687216	0.0	1.0	0.0	0.0	0.0	0.0
n210	7.606176169286744e-10	3.712469363122364e-10	0.9999999980209977	2.370665531937554e-10	2.6611842126411344e-10	3.4395257976150775e-10
FJ639704	0.0	0.0	1.0	0.0	0.0	0.0
n212	1.1012557095633766e-11	5.3750767688319225e-12	0.9999999999713474	3.432354042827994e-12	3.852979793190595e-12	4.979897044863377e-12
FJ810411	0.0	0.0	1.0	0.0	0.0	0.0
n280	1.263475321554394e-10	6.166848253229084e-11	0.9999999996712644	3.937954273735413e-11	4.420539971660333e-11	5.7134568887376395e-11
FJ687442	0.0	0.0	1.0	0.0	0.0	0.0
EU677144	0.0	1.0	0.0	0.0	0.0	0.0
EU482554	0.0	1.0	0.0	0.0	0.0	0.0
n129	4.086946551862829e-10	0.999999998991051	1.4507081163008418e-10	1.2738047483694812e-10	1.429906092057472e-10	1.8481241803691184e-10
EU482565	0.0	1.0	0.0	0.0	0.0	0.0
EU482728	0.0	1.0	0.0	0.0	0.0	0.0
EU569719	0.0	1.0	0.0	0.0	0.0	0.0
KC294201	0.0	1.0	0.0	0.0	0.0	0.0
JX669484	0.0	1.0	0.0	0.0	0.0	0.0
n149	2.8296194763713776e-09	0.9999999930144875	1.004405584541804e-09	8.819255841351163e-10	9.900031909210311e-10	1.2795587388197546e-09
JX669486	0.0	1.0	0.0	0.0	0.0	0.0
n159	2.2828655989932437e-09	0.9999999943642647	8.103290833040076e-10	7.1151530928671e-10	7.987095955196696e-10	1.032315705745948e-09
n160	8.902005220752067e-10	0.9999999978023523	3.1598679016761784e-10	2.774544853060383e-10	3.114557857596378e-10	4.0255018981702133e-10
GQ398302	0.0	1.0	0.0	0.0	0.0	0.0
EU482561	0.0	1.0	0.0	0.0	0.0	0.0
GQ398297	0.0	1.0	0.0	0.0	0.0	0.0
GQ398296	0.0	1.0	0.0	0.0	0.0	0.0
FJ850065	0.0	1.0	0.0	0.0	0.0	0.0
GQ199898	0.0	1.0	0.0	0.0	0.0	0.0
n30	1.3863842797737727e-09	0.9999999965774181	4.921128528248031e-10	4.321032477989467e-10	4.850563378857134e-10	6.269253287801573e-10
GU369819	0.0	1.0	0.0	0.0	0.0	0.0
n34	1.3453918811632485e-09	0.9999999966786163	4.775621351640054e-10	4.1932688497292924e-10	4.707142661807336e-10	6.0838849642327e-10
FJ850061	0.0	1.0	0.0	0.0	0.0	0.0
n36	6.457647730443116e-11	0.9999999998405793	2.292215436606464e-11	2.0126963340361116e-11	2.2593468529489188e-11	2.9201592845636616e-11
FJ873808	0.0	1.0	0.0	0.0	0.0	0.0
n51	5.546907735734058e-10	0.9999999986306287	1.9689379272487737e-10	1.7288401800422165e-10	1.940704891232709e-10	2.508321110295425e-10
EU482634	0.0	1.0	0.0	0.0	0.0	0.0
n54	7.384779654711688e-11	0.9999999998176912	2.6213114476137494e-11	2.3016614654641088e-11	2.5837238835338523e-11	3.3394099172522406e-11
EU482687	0.0	1.0	0.0	0.0	0.0	0.0
n64	6.847326014084804e-10	0.9999999983095931	2.4305361710842644e-10	2.1341498548346661e-10	2.3956841758502363e-10	3.096372467051865e-10
GQ868515	0.0	1.0	0.0	0.0	0.0	0.0
n74	5.3040788903430375e-11	0.9999999998690577	1.882743069447135e-11	1.653156162065721e-11	1.85574600054361e-11	2.3985134934931675e-11
HQ332189	0.0	1.0	0.0	0.0	0.0	0.0
n78	4.833531304211265e-10	0.999999998806741	1.7157168571772463e-10	1.5064975889862058e-10	1.691114814039329e-10	2.185731074905366e-10
FJ024473	0.0	1.0	0.0	0.0	0.0	0.0
n95	9.329412647617293e-11	0.9999999997696838	3.311581024236596e-11	2.9077576570255226e-11	3.2640955321682745e-11	4.218776263380331e-11
FJ898453	0.0	1.0	0.0	0.0	0.0	0.0
GU131927	0.0	0.0	1.0	0.0	0.0	0.0
FJ639710	0.0	0.0	1.0	0.0	0.0	0.0
n213	2.983235063202281e-12	1.4560757637788755e-12	0.999999999992238	9.2980393572246e-13	1.043748905639119e-12	1.3490239683991295e-12
n274	6.971096367740164e-10	3.402495697787105e-10	0.9999999981862352	2.1727261518801234e-10	2.438987894277197e-10	3.152341631439162e-10
n281	1.0182345198687945e-09	4.969861827222162e-10	0.9999999973507211	3.173596595657465e-10	3.5625123172701357e-10	4.604473813337058e-10
n283	1.6114365963127612e-10	7.865199097783054e-11	0.9999999995807308	5.0224674143192556e-11	5.637957278843587e-11	7.286943690075639e-11
n130	1.5587502767785235e-16	0.9999999999999998	5.5329612196129454e-17	4.858256595447074e-17	5.453622866063578e-17	7.048695257241362e-17
EU677143	0.0	1.0	0.0	0.0	0.0	0.0
KC294222	0.0	1.0	0.0	0.0	0.0	0.0
FJ850072	0.0	1.0	0.0	0.0	0.0	0.0
GQ398291	0.0	1.0	0.0	0.0	0.0	0.0
GQ398286	0.0	1.0	0.0	0.0	0.0	0.0
EU482588	0.0	1.0	0.0	0.0	0.0	0.0
GQ398285	0.0	1.0	0.0	0.0	0.0	0.0
n31	3.2249999773138557e-09	0.9999999920384074	1.1447503858416662e-09	1.0051563514383186e-09	1.1283355571029903e-09	1.458350473667667e-09
KJ189308	0.0	1.0	0.0	0.0	0.0	0.0
FJ850121	0.0	1.0	0.0	0.0	0.0	0.0
GQ199897	0.0	1.0	0.0	0.0	0.0	0.0
n37	5.378398425163198e-12	0.9999999999867223	1.9091236327833906e-12	1.6763198064024411e-12	1.8817482871528604e-12	2.4321209135149244e-12
FJ744704	0.0	1.0	0.0	0.0	0.0	0.0
EU482693	0.0	1.0	0.0	0.0	0.0	0.0
EU482603	0.0	1.0	0.0	0.0	0.0	0.0
n55	2.8413166258637238e-11	0.9999999999298562	1.0085576206623634e-11	8.855713094649343e-12	9.940956900781805e-12	1.2848482097105213e-11
EU596500	0.0	1.0	0.0	0.0	0.0	0.0
GU131959	0.0	1.0	0.0	0.0	0.0	0.0
GQ868497	0.0	1.0	0.0	0.0	0.0	0.0
n75	1.2806528926271876e-10	0.9999999996838438	4.545822955897484e-11	3.991492707185212e-11	4.480639396039991e-11	5.791134157223496e-11
FJ850106	0.0	1.0	0.0	0.0	0.0	0.0
n79	1.1060792930515876e-10	0.9999999997269409	3.9261541283696486e-11	3.4473880137240394e-11	3.869856136758623e-11	5.0017093714193196e-11
JN819407	0.0	1.0	0.0	0.0	0.0	0.0
n96	2.736284497548273e-12	0.999999999993245	9.712752732947116e-13	8.528352748528366e-13	9.573479425277332e-13	1.2373525026852015e-12
EU920842	0.0	1.0	0.0	0.0	0.0	0.0
n214	7.52857643247785e-10	3.674594005113611e-10	0.9999999980411882	2.346479526085743e-10	2.634034276864627e-10	3.4044350646762206e-10
n216	5.3180018447833346e-12	2.5956431303165174e-12	0.9999999999861633	1.6574956182470845e-12	1.8606172454011054e-12	2.40480947716625e-12
n275	2.7543416754308434e-11	1.344356067756842e-11	0.9999999999283365	8.584632708731145e-12	9.636656343135203e-12	1.2455179892288892e-11
GU131924	0.0	0.0	1.0	0.0	0.0	0.0
n282	1.163311209236426e-09	5.677961077875015e-10	0.9999999969732551	3.625766384151474e-10	4.0700942964074757e-10	5.260513069602866e-10
GQ868638	0.0	0.0	1.0	0.0	0.0	0.0
n284	5.709296796894135e-10	2.7866287832023353e-10	0.9999999985145347	1.7794530164382991e-10	1.997520194513455e-10	2.5817537198852377e-10
GQ868622	0.0	0.0	1.0	0.0	0.0	0.0
EU677146	0.0	1.0	0.0	0.0	0.0	0.0
n132	4.471475013303136e-10	0.9999999988961221	1.5872008628736751e-10	1.393653191173955e-10	1.5644416389763237e-10	2.0220086045008822e-10
n135	3.442510308837833e-09	0.9999999915014369	1.2219581494659044e-09	1.0729491864066094e-09	1.2044362215439805e-09	1.5567090154465753e-09
n136	8.502785474867146e-10	0.9999999979009081	3.018160316760775e-10	2.650117483752291e-10	2.9748822490542785e-10	3.844974050230914e-10
KJ189309	0.0	1.0	0.0	0.0	0.0	0.0
GQ199894	0.0	1.0	0.0	0.0	0.0	0.0
n38	9.142454481760044e-10	0.9999999977429923	3.245218098963153e-10	2.849487210766111e-10	3.1986841995445776e-10	4.1342334628681124e-10
n39	2.5351096857490415e-10	0.9999999993741548	8.998659880082636e-11	7.901338357049735e-11	8.869626107623545e-11	1.146380910703432e-10
n56	1.4729423241335182e-09	0.9999999963637312	5.228376141815613e-10	4.590813466108248e-10	5.153405301001104e-10	6.660670236265932e-10
n57	7.215397928162559e-11	0.9999999998218727	2.561187479184098e-11	2.2488691803614426e-11	2.5244620459731397e-11	3.2628152124828735e-11
GQ868641	0.0	1.0	0.0	0.0	0.0	0.0
EU482605	0.0	1.0	0.0	0.0	0.0	0.0
n80	3.3539261829899727e-10	0.9999999991720125	1.1905142074636947e-10	1.0453396058301929e-10	1.173443161174325e-10	1.5166511231059792e-10
FJ850108	0.0	1.0	0.0	0.0	0.0	0.0
n97	1.3124527098043967e-11	0.9999999999675995	4.658700020205635e-12	4.0906052294645815e-12	4.5918978911805234e-12	5.934933471236373e-12
n106	3.2448870737810596e-10	0.9999999991989313	1.1518095366987969e-10	1.0113546898774793e-10	1.1352934852361165e-10	1.4673434525069967e-10
n215	4.324528799847524e-09	2.1107426809547265e-09	0.9999999887482863	1.3478535258053537e-09	1.5130293478786617e-09	1.955559276902699e-09
FJ744724	0.0	0.0	1.0	0.0	0.0	0.0
n217	7.26761301367691e-14	3.547221370608222e-14	0.9999999999998109	2.265143389730386e-14	2.5427306159010328e-14	3.2864269629412016e-14
n226	3.48935222926908e-11	1.7031045508270062e-11	0.9999999999092127	1.0875487070783124e-11	1.2208248741819217e-11	1.5778910115175676e-11
n276	1.4261398445197123e-11	6.960791286542085e-12	0.9999999999628942	4.444941187107294e-12	4.989656766798539e-12	6.449028627603146e-12
GU131932	0.0	0.0	1.0	0.0	0.0	0.0
JN368476	0.0	0.0	1.0	0.0	0.0	0.0
JF730047	0.0	0.0	1.0	0.0	0.0	0.0
GQ868623	0.0	0.0	1.0	0.0	0.0	0.0
FJ639706	0.0	0.0	1.0	0.0	0.0	0.0
n133	1.3965223204373972e-09	0.9999999965523899	4.957114655513151e-10	4.352630357170445e-10	4.886033493091527e-10	6.315097680074013e-10
EU482556	0.0	1.0	0.0	0.0	0.0	0.0
EU596490	0.0	1.0	0.0	0.0	0.0	0.0
EU529706	0.0	1.0	0.0	0.0	0.0	0.0
n137	3.133881520849369e-09	0.9999999922633523	1.1124068543908853e-09	9.767568798436488e-10	1.0964558066966492e-09	1.4171465527127495e-09
EU482721	0.0	1.0	0.0	0.0	0.0	0.0
FJ850120	0.0	1.0	0.0	0.0	0.0	0.0
FJ744744	0.0	1.0	0.0	0.0	0.0	0.0
n40	3.399328873399121e-10	0.9999999991608041	1.2066304083101245e-10	1.0594905524838902e-10	1.1893282682556124e-10	1.5371822969136507e-10
FJ850066	0.0	1.0	0.0	0.0	0.0	0.0
JF357906	0.0	1.0	0.0	0.0	0.0	0.0
FJ205885	0.0	1.0	0.0	0.0	0.0	0.0
n58	8.630458666252672e-11	0.9999999997869389	3.0634793667230484e-11	2.6899102031731605e-11	3.019551459144967e-11	3.902708084476342e-11
JN819424	0.0	1.0	0.0	0.0	0.0	0.0
HQ332188	0.0	1.0	0.0	0.0	0.0	0.0
HQ332186	0.0	1.0	0.0	0.0	0.0	0.0
n98	7.799772576116303e-12	0.9999999999807446	2.7686179004017517e-12	2.4310049611807278e-12	2.728918076544944e-12	3.5270704219829206e-12
GQ199892	0.0	1.0	0.0	0.0	0.0	0.0
n107	6.377988072785653e-10	0.9999999984254592	2.2639393359922408e-10	1.9878682994900487e-10	2.2314762095895875e-10	2.884137051914307e-10
GQ199890	0.0	1.0	0.0	0.0	0.0	0.0
FJ639707	0.0	0.0	1.0	0.0	0.0	0.0
EU687249	0.0	0.0	1.0	0.0	0.0	0.0
n218	1.5585225472404546e-10	7.606932944478702e-11	0.9999999995944981	4.8575468162433195e-11	5.4528261053286506e-11	7.0476654603978e-11
EU482468	0.0	0.0	1.0	0.0	0.0	0.0
EU482784	0.0	0.0	1.0	0.0	0.0	0.0
n227	1.3883330274316053e-11	6.776261442593007e-12	0.9999999999638778	4.327106264344196e-12	4.857381491383092e-12	6.278065557847621e-12
n270	6.94478479179277e-10	3.3896533815659005e-10	0.9999999981930812	2.1645254548674358e-10	2.4297822239163594e-10	3.140443492054434e-10
n277	8.546715798378151e-11	4.171533744500181e-11	0.9999999997776285	2.6638095284060727e-11	2.990252216930615e-11	3.8648394172235696e-11
FJ639718	0.0	0.0	1.0	0.0	0.0	0.0
KF955364	0.0	1.0	0.0	0.0	0.0	0.0
EU482552	0.0	1.0	0.0	0.0	0.0	0.0
EU596489	0.0	1.0	0.0	0.0	0.0	0.0
EU482551	0.0	1.0	0.0	0.0	0.0	0.0
n41	5.7380574762097985e-11	0.9999999998583439	2.0367886995595985e-11	1.7884170411481222e-11	2.0075827363263483e-11	2.5947593479776563e-11
EU482635	0.0	1.0	0.0	0.0	0.0	0.0
n59	2.5732125827605735e-10	0.9999999993647481	9.133910442446877e-11	8.020096091030376e-11	9.002937282287658e-11	1.163611105523824e-10
HQ705625	0.0	1.0	0.0	0.0	0.0	0.0
n99	8.116395919715971e-17	0.9999999999999999	2.881006953828689e-17	2.5296889819781243e-17	2.839695558500124e-17	3.6702480363584125e-17
JX669476	0.0	1.0	0.0	0.0	0.0	0.0
EU920850	0.0	1.0	0.0	0.0	0.0	0.0
EU920846	0.0	1.0	0.0	0.0	0.0	0.0
n219	2.429903625064228e-11	1.1860023437028597e-11	0.9999999999367778	7.573435904798479e-12	8.501540092341515e-12	1.0988065511649246e-11
EU660413	0.0	0.0	1.0	0.0	0.0	0.0
n228	1.2535575954153288e-11	6.118441203979042e-12	0.9999999999673846	3.9070430629117465e-12	4.385840675142393e-12	5.66860876249158e-12
n268	5.048527768443006e-10	2.464116561604005e-10	0.999999998686456	1.5735069108713218e-10	1.7663359479774907e-10	2.2829528416200389e-10
n271	1.3958731484559083e-10	6.813063730199744e-11	0.9999999996368165	4.350607041372122e-11	4.883762225387523e-11	6.312162113334927e-11
FJ410221	0.0	0.0	1.0	0.0	0.0	0.0
KF955402	0.0	0.0	1.0	0.0	0.0	0.0
GQ868631	0.0	0.0	1.0	0.0	0.0	0.0
n42	3.0324293153315046e-11	0.9999999999251382	1.0763952412969233e-11	9.451366226464248e-12	1.060960572080347e-11	1.3712696928639513e-11
FJ882594	0.0	1.0	0.0	0.0	0.0	0.0
FJ850050	0.0	1.0	0.0	0.0	0.0	0.0
FJ744708	0.0	1.0	0.0	0.0	0.0	0.0
n100	1.977559540528165e-09	0.9999999951179769	7.019572288276552e-10	6.163586190673265e-10	6.91891709011639e-10	8.942557869527067e-10
n103	6.381990622517015e-10	0.9999999984244711	2.2653600864981507e-10	1.9891157997420574e-10	2.232876587640049e-10	2.8859470117089327e-10
JX567950	0.0	1.0	0.0	0.0	0.0	0.0
JX669477	0.0	1.0	0.0	0.0	0.0	0.0
n220	1.2112616983295408e-10	5.912000781588075e-11	0.9999999996848496	3.7752167376570965e-11	4.23785938851549e-11	5.4773459966523253e-11
EU482776	0.0	0.0	1.0	0.0	0.0	0.0
n229	2.9509614126708247e-12	1.4403234414335221e-12	0.999999999992322	9.197450008250979e-13	1.0324572753419651e-12	1.3344297687493243e-12
n265	4.90825343564723e-10	2.395650600344843e-10	0.9999999987229532	1.5297867131828598e-10	1.7172579577276417e-10	2.2195205498013812e-10
n269	1.349243603682558e-09	6.585471372969816e-10	0.9999999964894898	4.205273759439358e-10	4.720618740893236e-10	6.101302518961335e-10
FM210214	0.0	0.0	1.0	0.0	0.0	0.0
n272	7.366200840962314e-11	3.5953407252258245e-11	0.9999999998083435	2.2958708878598494e-11	2.5772236862285263e-11	3.331008546082573e-11
EU482661	0.0	0.0	1.0	0.0	0.0	0.0
n43	2.019515704099568e-11	0.9999999999501442	7.16850045812046e-12	6.29435364677386e-12	7.0657097460241706e-12	9.1322843546373e-12
FJ906956	0.0	1.0	0.0	0.0	0.0	0.0
HM181971	0.0	1.0	0.0	0.0	0.0	0.0
GU131881	0.0	1.0	0.0	0.0	0.0	0.0
n104	2.3372542816528165e-10	0.9999999994229996	8.296349642025943e-11	7.284669775677024e-11	8.177386451260208e-11	1.0569103605294228e-10
JX669478	0.0	1.0	0.0	0.0	0.0	0.0
n221	1.207178786806972e-10	5.89207265528319e-11	0.9999999996859119	3.762491266407051e-11	4.223574445012151e-11	5.458883001319714e-11
FM210211	0.0	0.0	1.0	0.0	0.0	0.0
n230	3.16450301266742e-12	1.5445501422218408e-12	0.9999999999917666	9.863008758771205e-13	1.1071693937580118e-12	1.4309936433829516e-12
n264	1.6435200396117412e-09	8.021793946048453e-10	0.999999995723831	5.122463932256725e-10	5.750208100931e-10	7.432025566234065e-10
n266	1.3513945229413432e-10	6.595969712310201e-11	0.9999999996483894	4.211977666942018e-11	4.7281441942179425e-11	6.111029012424705e-11
EU482705	0.0	0.0	1.0	0.0	0.0	0.0
EU482669	0.0	0.0	1.0	0.0	0.0	0.0
EU482649	0.0	0.0	1.0	0.0	0.0	0.0
n273	7.164123897307812e-10	3.4967097645941176e-10	0.9999999981360127	2.2328882755118178e-10	2.506522724244029e-10	3.2396290085418266e-10
EU482451	0.0	0.0	1.0	0.0	0.0	0.0
n44	3.803167417724421e-12	0.9999999999906111	1.3499774882127963e-12	1.1853574922171041e-12	1.3306198627040805e-12	1.7197987733616897e-12
EU482762	0.0	1.0	0.0	0.0	0.0	0.0
n105	7.440818408834185e-10	0.9999999981630769	2.641203040126951e-10	2.3191274220622954e-10	2.6033302461065524e-10	3.3647507371571e-10
JX286525	0.0	1.0	0.0	0.0	0.0	0.0
n222	1.028962548265566e-10	5.02222384969351e-11	0.9999999997322809	3.2070333273079485e-11	3.6000466303952184e-11	4.652986140171192e-11
n224	8.176315128023175e-10	3.990746301484411e-10	0.999999997872657	2.5483643845290744e-10	2.860659581372084e-10	3.697343604244086e-10
n231	7.365129496816106e-11	3.594817816969212e-11	0.9999999998083713	2.295536975183658e-11	2.576848853452536e-11	3.3305240824378976e-11
n237	3.574613669842354e-15	1.7447194804498684e-15	0.9999999999999907	1.1141226851024578e-15	1.2506554216936707e-15	1.6164463799269613e-15
FJ024461	0.0	0.0	1.0	0.0	0.0	0.0
EU482676	0.0	0.0	1.0	0.0	0.0	0.0
n267	4.4077358827477585e-10	2.151354907017704e-10	0.9999999988531796	1.373787209045714e-10	1.5421411342041146e-10	1.9931856612790273e-10
EU482464	0.0	0.0	1.0	0.0	0.0	0.0
FJ410224	0.0	0.0	1.0	0.0	0.0	0.0
FJ410215	0.0	0.0	1.0	0.0	0.0	0.0
n45	4.443137823693906e-10	0.9999999989031176	1.5771422554420393e-10	1.384821158207135e-10	1.5545272641393056e-10	2.0091944791738325e-10
n46	1.3937526672259464e-11	0.9999999999655922	4.947283456738705e-12	4.343998002018957e-12	4.876343266048712e-12	6.302573261155478e-12
KC294211	0.0	1.0	0.0	0.0	0.0	0.0
JX286520	0.0	1.0	0.0	0.0	0.0	0.0
n223	4.0296477541566627e-10	1.9668153219864602e-10	0.999999998951552	1.2559460659355967e-10	1.409858876154863e-10	1.8222135666130913e-10
EU482541	0.0	0.0	1.0	0.0	0.0	0.0
FJ410228	0.0	0.0	1.0	0.0	0.0	0.0
FJ432726	0.0	0.0	1.0	0.0	0.0	0.0
n232	8.197577779223978e-11	4.0011243073844694e-11	0.9999999997867125	2.554991450902174e-11	2.8680987768936072e-11	3.706958611273001e-11
EU482670	0.0	0.0	1.0	0.0	0.0	0.0
FM210207	0.0	0.0	1.0	0.0	0.0	0.0
n239	1.690702040368436e-12	8.252082764505404e-13	0.999999999995601	5.269519089056015e-13	5.915284471422577e-13	7.645383375958531e-13
n259	5.089111409750854e-11	2.4839248754855204e-11	0.9999999998675898	1.5861558736967586e-11	1.7805350071546937e-11	2.3013048332295873e-11
EU482659	0.0	0.0	1.0	0.0	0.0	0.0
EU482658	0.0	0.0	1.0	0.0	0.0	0.0
EU482444	0.0	1.0	0.0	0.0	0.0	0.0
FJ906961	0.0	1.0	0.0	0.0	0.0	0.0
n47	1.8574360800617838e-10	0.9999999995414526	6.59318041638556e-11	5.7891897252658444e-11	6.49863934549648e-11	8.399357538667973e-11
FJ744741	0.0	1.0	0.0	0.0	0.0	0.0
FJ410259	0.0	0.0	1.0	0.0	0.0	0.0
EU482469	0.0	0.0	1.0	0.0	0.0	0.0
n233	1.2044269092486438e-11	5.8786411216203096e-12	0.9999999999686631	3.753914313769558e-12	4.213946409912314e-12	5.446438964206865e-12
EU482656	0.0	0.0	1.0	0.0	0.0	0.0
n240	2.087197766681161e-12	1.0187323552759425e-12	0.9999999999945696	6.505302656265012e-13	7.302509988895767e-13	9.438343792525678e-13
n254	3.125375534840063e-11	1.5254525615903453e-11	0.9999999999186829	9.741057648288756e-12	1.093479804671832e-11	1.413300131375403e-11
n260	4.852365024598818e-11	2.3683722400816892e-11	0.9999999998737494	1.5123676149713007e-11	1.6977041959107397e-11	2.194247715290272e-11
FM210246	0.0	0.0	1.0	0.0	0.0	0.0
FJ410291	0.0	1.0	0.0	0.0	0.0	0.0
EU482639	0.0	1.0	0.0	0.0	0.0	0.0
n234	6.979925392437529e-11	3.406805022599692e-11	0.9999999998183938	2.1754779504270965e-11	2.4420769183301145e-11	3.156334131420558e-11
n236	7.755869757865352e-10	3.7855327328215743e-10	0.9999999979820502	2.417321489267112e-10	2.7135577319750074e-10	3.507217492915632e-10
n241	1.3886955431732677e-12	6.778030831777031e-13	0.9999999999963869	4.328236140321842e-13	4.858649830620934e-13	6.279704860195786e-13
n252	4.067223235092177e-10	1.9851553944056306e-10	0.9999999989417754	1.2676574561949354e-10	1.4230054657713072e-10	1.839205262987068e-10
n255	2.3932471466385038e-11	1.1681108236950843e-11	0.9999999999377317	7.459186316053777e-12	8.373289523979114e-12	1.0822304292885859e-11
n258	9.541158595420414e-10	4.65690751644942e-10	0.9999999975175474	2.973753869683766e-10	3.3381794030704176e-10	4.314528141038667e-10
n261	6.2402043152022905e-12	3.0457573982256154e-12	0.9999999999837642	1.9449243552934012e-12	2.1832696006078223e-12	2.8218310024417803e-12
EU482642	0.0	0.0	1.0	0.0	0.0	0.0
n235	5.431393447057305e-10	2.6509880027081524e-10	0.9999999985868406	1.69283710352684e-10	1.9002897345864129e-10	2.456085352530415e-10
EU482699	0.0	0.0	1.0	0.0	0.0	0.0
FJ410217	0.0	0.0	1.0	0.0	0.0	0.0
EU482474	0.0	0.0	1.0	0.0	0.0	0.0
n242	6.598655504867914e-12	3.2207124650280163e-12	0.9999999999828312	2.0566451281639555e-12	2.308681453516569e-12	2.9839232399341376e-12
n245	1.415316747739908e-11	6.907965248445074e-12	0.9999999999631758	4.411208149752321e-12	4.9517898365023355e-12	6.4000863999243566e-12
n253	1.0281867849458796e-09	5.018437456250508e-10	0.9999999973248269	3.204615456196379e-10	3.597332455686207e-10	4.649478125248161e-10
FJ461309	0.0	0.0	1.0	0.0	0.0	0.0
n256	5.506756488151643e-10	2.687771660481451e-10	0.9999999985672327	1.7163259841322833e-10	1.9266571142938023e-10	2.4901646478637777e-10
n257	9.010030636645651e-10	4.3976713074839963e-10	0.9999999976557382	2.8082138247397687e-10	3.152352871140871e-10	4.0743511749282763e-10
EU482679	0.0	0.0	1.0	0.0	0.0	0.0
EU482467	0.0	0.0	1.0	0.0	0.0	0.0
n262	6.646924019193577e-10	3.2442716591157146e-10	0.9999999982705797	2.0716892844710016e-10	2.325569230690304e-10	3.0057503441900247e-10
n263	2.9336623937081447e-10	1.4318800295953444e-10	0.9999999992367091	9.143533050401967e-11	1.0264048417494387e-10	1.326607122958417e-10
FJ562098	0.0	0.0	1.0	0.0	0.0	0.0
EU482701	0.0	0.0	1.0	0.0	0.0	0.0
n243	7.474205806696551e-10	3.648056454842041e-10	0.9999999980553343	2.32953348570739e-10	2.615011544845237e-10	3.3798485752438067e-10
n244	6.288298337213366e-10	3.06923142502852e-10	0.9999999983638881	1.959914126465714e-10	2.2000963278949314e-10	2.843579200976299e-10
n246	1.0589721860536215e-09	5.168696740153793e-10	0.9999999972447283	3.3005662830884674e-10	3.705041798178902e-10	4.788690232545351e-10
n247	1.4458902023045217e-10	7.057190050592388e-11	0.9999999996238031	4.506498389309558e-11	5.058757638460151e-11	6.53834008134949e-11
JF730049	0.0	0.0	1.0	0.0	0.0	0.0
FJ410241	0.0	0.0	1.0	0.0	0.0	0.0
FJ410202	0.0	0.0	1.0	0.0	0.0	0.0
FJ205879	0.0	0.0	1.0	0.0	0.0	0.0
GU131899	0.0	0.0	1.0	0.0	0.0	0.0
FJ390385	0.0	0.0	1.0	0.0	0.0	0.0
FM210206	0.0	0.0	1.0	0.0	0.0	0.0
FJ024452	0.0	0.0	1.0	0.0	0.0	0.0
FJ410195	0.0	0.0	1.0	0.0	0.0	0.0
FJ205877	0.0	0.0	1.0	0.0	0.0	0.0
FJ547067	0.0	0.0	1.0	0.0	0.0	0.0
EU482654	0.0	0.0	1.0	0.0	0.0	0.0
FJ410223	0.0	0.0	1.0	0.0	0.0	0.0
EU482645	0.0	0.0	1.0	0.0	0.0	0.0
FJ859028	0.0	0.0	1.0	0.0	0.0	0.0
FJ024454	0.0	0.0	1.0	0.0	0.0	0.0
n248	7.024897347704023e-11	3.428755211815758e-11	0.9999999998172239	2.189494647106384e-11	2.4578113234639378e-11	3.17667052606428e-11
EU677148	0.0	0.0	1.0	0.0	0.0	0.0
n249	1.738904642878417e-11	8.4873529989284e-12	0.9999999999547567	5.419755220558625e-12	6.083931636506325e-12	7.863356364166103e-12
FJ461311	0.0	0.0	1.0	0.0	0.0	0.0
n250	2.829339149441735e-11	1.3809612972940263e-11	0.9999999999263854	8.818382128495997e-12	9.899051125196192e-12	1.2794319745054905e-11
FJ547064	0.0	0.0	1.0	0.0	0.0	0.0
n251	2.3539631858896277e-10	1.1489368659144065e-10	0.9999999993875376	7.336747485250202e-11	8.235846143983451e-11	1.0644661554378364e-10
FJ390387	0.0	0.0	1.0	0.0	0.0	0.0
FJ410237	0.0	0.0	1.0	0.0	0.0	0.0
EU482652	0.0	0.0	1.0	0.0	0.0	0.0
