node	Africa	Caribbean	Central America	Eastern Asia	Europe	Oceania	South America	South-eastern Asia	Southern Asia	Western Asia
AB189123_FJ467493	0.05630264156023844	0.15536451806885065	0.04775763121847065	0.23803804442706067	0.02129397272843488	0.08480415843145941	0.16983862519114787	0.1517000028767221	0.053091389174985945	0.02180901632262946
AB189123_GQ398257	0.009222321880246985	0.03259851829926569	0.009839209886650054	0.04926619623675005	0.004372925470653547	0.018877472687272242	0.03489200447368423	0.7017307309701262	0.13472192515289566	0.004478694942455155
EF105378_FJ467493	0.18853584373260782	0.11228214189413765	0.034519091522617805	0.17204759149080912	0.015391600438392461	0.061260641026154514	0.12276141699246176	0.24219674251002715	0.03524106359409884	0.01576386679869287
AB189123_DQ181801	0.000522849707256855	0.0020999339059774324	0.0005566503430401705	0.0035835577840831337	0.00024782019253479295	0.0035475845845935683	0.0019769619803939637	0.9584904707448334	0.028720356451146286	0.00025381430614054493
AF100465_GQ398257	0.004959427660851068	0.019261908531369738	0.0054228063962621096	0.026536166232441736	0.0023685748191649906	0.01050888047254748	0.018940287254730445	0.5305542950411648	0.3790217892244534	0.002425864367014172
EF105378_EU003591	0.9995569727033452	7.367586273986608e-05	2.2650505059679095e-05	0.00011289277220336633	1.0197365938459958e-05	4.019598079568225e-05	8.055287349764644e-05	6.953597948716865e-05	2.298211232580199e-05	1.0343844607106683e-05
EF105379_FJ467493	0.0039425383523356925	0.00762353638308723	0.002343738171931377	0.011681466066347275	0.0010450422451102502	0.0041592404306649245	0.008335127231606608	0.9574207785800819	0.002378213667136573	0.0010703188716982115
AF022434_DQ181801	0.00023694685676582311	0.001319166145794506	0.00025325863124648474	0.002712392946987398	0.00011282701059215235	0.004994696883869561	0.0008999909662656038	0.9819137225084456	0.0074414420530551145	0.00011555599697774523
AB189123_JX475906	0.00038546903299754696	0.001320716249401801	0.0003951461604342714	0.0020687975791414204	0.00017614365741444889	0.0010146066368852693	0.0014049464767861078	0.9460027522772144	0.04705101782396436	0.0001804041057604568
AF100465_JQ922552	4.0650762384860394e-05	0.005533778928269595	0.0003480721756709783	0.00021759897894740334	1.945064425006407e-05	0.0025050330243216895	0.00028935236559135064	0.00164986243050074	0.9893762795862681	1.9921103795261605e-05
GQ398257	0.0	0.0	0.0	0.0	0.0	0.0	0.0	1.0	0.0	0.0
EF105378_EF457904	0.9999827832025592	2.8743550242993443e-06	8.83677190387826e-07	4.4043492446576345e-06	8.346991015322235e-07	1.5681798443317623e-06	3.142656254745848e-06	2.2095162790836e-06	8.958140450224604e-07	4.035504566894664e-07
0.993495	0.9999565782032891	7.288623360922128e-06	2.2407755178111723e-06	1.1168286670516217e-05	1.0064303195784212e-06	3.976511983475657e-06	7.96895777533353e-06	6.47597235394191e-06	2.272939893917627e-06	1.0232988356380747e-06
FJ467493	0.0	0.0	0.0	0.0	0.0	0.0	0.0	1.0	0.0	0.0
EF105379	0.0	0.0	0.0	0.0	0.0	0.0	0.0	1.0	0.0	0.0
AF100466_DQ181801	3.8639845106851104e-05	0.004750987682210856	4.14936992767532e-05	0.00024783405597478676	1.850035393337792e-05	0.0001270082087168279	0.00014755771988581812	0.9944826096724686	0.00012642093394902716	1.894782847717289e-05
AF022434_KJ734727	0.0004683567358097293	0.0023014297879362373	0.0005024706128029426	0.008082467732796443	0.0002239947454118107	0.01834308816079143	0.001786604316003322	0.9638494056612814	0.004212769662375163	0.00022941258479166563
AB189123_GU131843	5.1231361967576786e-05	6.834415419456628e-05	2.0700339003182495e-05	0.00010653152436385537	9.22867294303839e-06	4.571349693588795e-05	7.360808330583169e-05	0.9982615291638672	0.0013536613133298453	9.451890089086752e-06
AF276619_JX475906	7.023879328847576e-06	2.4530116209709276e-05	7.536059531087604e-06	3.764969439134861e-05	3.360207971404934e-06	1.3527742356277446e-05	2.6800627875166973e-05	0.00048270955608180983	0.999393420633755	3.441482499269755e-06
0.454771	0.0008133095809792852	0.7848214326179588	0.04504699931467964	0.004354591326012143	0.00038956656810939513	0.0018855597342073895	0.022580898400156344	0.002256261521884747	0.1374523917847865	0.00039898915122574507
HM582107_HM582115	5.1486190726498134e-05	0.00019644550669830813	5.6242761742821186e-05	0.000275665706286838	2.4661451094615705e-05	0.995947868632586	0.00019710845776869465	0.0001340547521110074	0.0030912085947297115	2.5257946255496694e-05
JQ922550_JQ922553	1.5297691234331668e-05	0.0014110623878527228	9.308051761298185e-05	8.18933223586536e-05	7.322252130119969e-06	0.0006404033534194055	9.219632190967387e-05	0.00042813932563491613	0.9972231054698396	7.499358007593635e-06
JQ922552	0.0	0.0	0.0	0.0	0.0	0.0	0.0	0.0	1.0	0.0
EF105378_EF105383	0.9999953070262748	8.10512904978905e-07	2.4918008621106103e-07	1.241942233018835e-06	1.1335202409749823e-07	4.4219604024675495e-07	8.861690780183711e-07	5.832885941691629e-07	2.5253923771596587e-07	1.1379352688646095e-07
EF105389_EF457904	0.9999168618037565	3.1696789116459615e-06	9.74470440855826e-07	4.856872844239684e-06	6.523042271413857e-05	1.7292993545574365e-06	3.4655480934471982e-06	2.2792864189393816e-06	9.876042621934654e-07	4.4501320342425954e-07
EF105384_EF105385	0.9999963406820831	6.321972725999898e-07	1.9435960718990114e-07	9.687106567557794e-07	8.666908600503683e-08	3.4491139522673485e-07	6.912088214982115e-07	4.5552189730779535e-07	1.9698062231090655e-07	8.875855810471602e-08
EF105387_EU003591	0.9999999183989612	1.409746995812525e-08	4.3340565362549416e-09	2.1601436713549637e-08	1.932655748638555e-09	7.691235401721669e-09	1.5413378086749434e-08	1.0159059750844553e-08	4.3925050508209795e-09	1.979241543122407e-09
AF100466_JN819418	0.0001264373444750574	0.09472576795823177	0.00013582255835921747	0.0006834630286945299	6.056133225131355e-05	0.000249497915916699	0.0004830307383376578	0.9033223567057352	0.00015103626757876807	6.202615041970629e-05
AF119661_DQ181801	3.570854026683016e-06	0.0002182384539418614	3.8353089658529035e-06	6.775548163563549e-05	1.7100632909537678e-06	9.18531909215794e-06	1.3639306626128301e-05	0.9996726660107096	7.647776520062642e-06	1.7514251910768251e-06
AF204177_KJ734727	0.004183132159526755	0.02215432840755086	0.0044933590481879265	0.11429092081596379	0.0020035030863804005	0.2952948385393416	0.015979720972767546	0.5329842803033957	0.006563954149190927	0.0020519625176946264
AF022434_M84728	2.0770798867086976e-05	8.00818943107049e-05	2.2305517894631454e-05	0.00017412899593853733	9.945172131631232e-06	0.00023654415185255878	7.932203056641286e-05	0.9993023107109319	6.44050080114865e-05	1.0185719495166288e-05
AB189123_GQ398263	6.679715197508114e-06	1.8281345925783085e-05	5.606107637284875e-06	3.113583335993504e-05	2.4996293420849037e-06	1.049015717185343e-05	1.9936796404960148e-05	0.9998362073899021	6.660293630541735e-05	2.560088753004845e-06
GQ398259_GU131843	0.0004135769986142195	2.5079901558794997e-05	7.701344365213233e-06	3.848261202588447e-05	3.433890234924743e-06	1.3929420829749025e-05	2.7388324451995672e-05	0.9994201105573307	4.678000364675634e-05	3.51694694151084e-06
0.755572	2.5595692954220272e-08	8.939193144289218e-08	2.7463446311698664e-08	1.7889515653606306e-07	1.2245513119448614e-08	4.9276911084503494e-08	9.766878484486659e-08	1.6932189443242976e-06	0.9999978137019198	1.2541699637043768e-08
JX475906	0.0	0.0	0.0	0.0	0.0	0.0	0.0	0.0	1.0	0.0
0.471174	0.0008056826940656643	0.7966486426002843	0.0783306057048095	0.0043137588020885406	0.0003859145921658801	0.0017252161808910664	0.03722842880829574	0.0021441439350894805	0.07802235783864947	0.0003952488436604081
EU056812	0.0	1.0	0.0	0.0	0.0	0.0	0.0	0.0	0.0	0.0
HM582107	0.0	0.0	0.0	0.0	0.0	1.0	0.0	0.0	0.0	0.0
HM582115	0.0	0.0	0.0	0.0	0.0	1.0	0.0	0.0	0.0	0.0
JQ922553	0.0	0.0	0.0	0.0	0.0	0.0	0.0	0.0	1.0	0.0
JQ922550	0.0	0.0	0.0	0.0	0.0	0.0	0.0	0.0	1.0	0.0
EF105380_EF105383	0.9999996916360278	5.329033992363902e-08	1.6383319136242296e-08	8.16563483360764e-08	7.306551197910721e-09	2.9073906923882724e-08	5.8264651279606294e-08	3.8302951188080255e-08	1.6604103939118026e-08	7.481800400568941e-09
EF105378	1.0	0.0	0.0	0.0	0.0	0.0	0.0	0.0	0.0	0.0
EF105389_JF260983	0.998877497969521	3.433883998850123e-05	1.055696351425306e-05	5.2617121289452644e-05	0.0009285083322065882	1.8734431784689e-05	3.754415040100621e-05	2.4681891370490324e-05	1.0699232032448211e-05	4.821067891757822e-06
EF457904	1.0	0.0	0.0	0.0	0.0	0.0	0.0	0.0	0.0	0.0
EF105385	1.0	0.0	0.0	0.0	0.0	0.0	0.0	0.0	0.0	0.0
EF105384	1.0	0.0	0.0	0.0	0.0	0.0	0.0	0.0	0.0	0.0
0.834669	0.9999999866416127	2.308423868595848e-09	7.096904410636454e-10	3.537178847642069e-09	3.164464343939924e-10	1.259419650299068e-09	2.5239004199993723e-09	1.6599763534861496e-09	7.192555988507328e-10	3.2409563530532466e-10
EU003591	1.0	0.0	0.0	0.0	0.0	0.0	0.0	0.0	0.0	0.0
AF100466_M20558	9.267741456553694e-06	0.9935570456932957	9.95582732826729e-06	4.966623698582132e-05	4.439172800611444e-06	1.7726520398056576e-05	3.541503413241325e-05	0.006301754182731179	1.0183046242242981e-05	4.546544628966492e-06
JN819418	0.0	0.0	0.0	0.0	0.0	0.0	0.0	1.0	0.0	0.0
AF119661_FJ639701	4.3402436248005395e-06	3.3340790062306744e-05	4.662434686743923e-06	0.0006590085909391104	2.078914538239655e-06	8.484129185303482e-06	1.6581171022148174e-05	0.999264317069358	5.057458610567789e-06	2.1291979727846504e-06
DQ181801	0.0	0.0	0.0	0.0	0.0	0.0	0.0	1.0	0.0	0.0
AF204177_KF704355	0.0002920839322101796	0.025693713258950278	0.00031376278399994237	0.0034919303928650724	0.00013990217563225013	0.9567533981347445	0.0011158430949552278	0.01169591550281074	0.00036016468524558315	0.00014328603858637767
KJ734727	0.0	0.0	0.0	1.0	0.0	0.0	0.0	0.0	0.0	0.0
AF022434_AJ487271	9.48063773901343e-07	3.3774290579653125e-06	1.0183904830115014e-06	5.618425359116984e-06	4.5408218591322475e-07	3.5049522992201894e-06	3.6217084524925972e-06	0.9999795994810488	1.3924021088567175e-06	4.650652308860675e-07
M84727_M84728	8.122056069884279e-07	2.849534404667586e-06	8.724980513410971e-07	4.445160082558644e-06	3.8903467464526716e-07	1.8503364952545493e-06	3.102893528113286e-06	0.9999843315469793	9.483457844486334e-07	3.9844439266801397e-07
AB189123_JN851127	3.921505491073404e-07	1.360220287205158e-06	4.181511896162398e-07	0.00011674540299070764	1.86448061671465e-07	5.523786706393133e-06	1.4870869041750972e-06	0.9998731510879204	5.447076446398933e-07	1.9095774628477111e-07
GQ398263	0.0	0.0	0.0	0.0	0.0	0.0	0.0	1.0	0.0	0.0
GQ398262_GU131843	0.005176778260029636	0.00017683395431988233	5.4359867808529165e-05	0.0002709908041106831	2.4238336941407976e-05	9.661418864681653e-05	0.00019332201284187346	0.9939051355483626	7.690242884671014e-05	2.482459809197264e-05
GQ398259	0.0	0.0	0.0	0.0	0.0	0.0	0.0	1.0	0.0	0.0
FJ882602	0.0	0.0	0.0	0.0	0.0	0.0	0.0	0.0	1.0	0.0
AF276619_JQ955623	1.4653437805291185e-07	5.120231721244934e-07	1.5741354504869487e-07	1.4311698735877462e-05	7.01886533263209e-08	2.793563029235617e-07	5.598160585755627e-07	3.9686243223702465e-07	0.9999834942203909	7.188633090249704e-08
JQ922551	0.0	0.0	0.0	0.0	0.0	0.0	0.0	0.0	1.0	0.0
AF100465_GQ868592	0.0011149428553734284	0.15522673062791204	0.5635366051410388	0.0059695938625670434	0.0005340492952243239	0.002161571521315156	0.2521660926144813	0.0028231608170716277	0.01592028673231667	0.0005469665326997865
GQ868600	0.0	1.0	0.0	0.0	0.0	0.0	0.0	0.0	0.0	0.0
EF105380	1.0	0.0	0.0	0.0	0.0	0.0	0.0	0.0	0.0	0.0
EF105383	1.0	0.0	0.0	0.0	0.0	0.0	0.0	0.0	0.0	0.0
EF105389	1.0	0.0	0.0	0.0	0.0	0.0	0.0	0.0	0.0	0.0
JF260983	0.0	0.0	0.0	0.0	1.0	0.0	0.0	0.0	0.0	0.0
EF105388	1.0	0.0	0.0	0.0	0.0	0.0	0.0	0.0	0.0	0.0
EF105387	1.0	0.0	0.0	0.0	0.0	0.0	0.0	0.0	0.0	0.0
AF100466_GQ398284	1.0066947509602573e-10	0.9999999372870619	1.0814991996164568e-10	5.393518264758388e-10	4.821988693372702e-11	1.9236887560964608e-10	1.2622908112967876e-08	4.894156105321627e-08	1.1032273019334801e-10	4.9386198238942726e-11
M20558	0.0	1.0	0.0	0.0	0.0	0.0	0.0	0.0	0.0	0.0
EU482449_FJ639701	1.8516981803759245e-09	1.3137024739031735e-08	1.989159583777911e-09	2.431212498418148e-07	8.86938759623191e-10	3.6070572025116538e-09	7.074116041669868e-09	0.999999725286547	2.1378172791517782e-09	9.083914582526684e-10
AF119661	0.0	0.0	0.0	1.0	0.0	0.0	0.0	0.0	0.0	0.0
0.999222	0.0	0.0	0.0	0.0	0.0	1.0	0.0	0.0	0.0	0.0
KF704355	0.0	1.0	0.0	0.0	0.0	0.0	0.0	0.0	0.0	0.0
AF022434_DQ181804	5.358066440519487e-09	1.8740377419122813e-08	5.755869097921003e-09	2.883969722348316e-08	2.566465884832944e-09	1.0689251874593498e-08	2.046981726415014e-08	0.9999998990177018	5.934211111272613e-09	2.628541894675495e-09
AJ487271	0.0	0.0	0.0	0.0	0.0	0.0	0.0	1.0	0.0	0.0
M84727	0.0	0.0	0.0	0.0	0.0	0.0	0.0	1.0	0.0	0.0
M84728	0.0	0.0	0.0	0.0	0.0	0.0	0.0	1.0	0.0	0.0
AB189123_JN851131	2.103100141768502e-06	7.347814274740098e-06	2.2589732626906496e-06	0.0006904472186479677	1.0072468204564422e-06	4.432193397418028e-06	8.033676636319304e-06	0.9992810380445716	2.3001227947582267e-06	1.0316094523195472e-06
AY037116_JN851127	1.2687173856743175e-06	4.431743898022538e-06	1.3624694301438645e-06	0.0005169794655095283	6.075074014669564e-07	0.0001110010514119758	4.845404253770766e-06	0.9993574832793134	1.398160000215873e-06	6.222013959035303e-07
GQ398262	0.0	0.0	0.0	0.0	0.0	0.0	0.0	1.0	0.0	0.0
GU131843	1.0	0.0	0.0	0.0	0.0	0.0	0.0	0.0	0.0	0.0
AF276619_KF041236	2.3792715661764996e-05	8.313708252945899e-05	2.555925414300276e-05	0.002956004044721452	1.1396539377642745e-05	4.535756712559782e-05	9.089739491203612e-05	5.977725341475084e-05	0.9966924059566445	1.1672191469807951e-05
DQ448231_JQ955623	1.1949596978220354e-09	4.175456947287149e-09	1.2836818121580342e-09	9.303110332163748e-09	5.723770432731786e-10	2.278029070448243e-09	4.565208825206091e-09	3.006957284975648e-09	0.999999973033997	5.862220790518306e-10
AF100465_JX966379	1.498309696902482e-05	0.0012601219790573013	0.9468882014594515	8.022205621983356e-05	7.176793157988789e-06	2.8851222789336552e-05	0.051541595667797806	3.781332491959921e-05	0.00013368401886823525	7.350380769400692e-06
AF100467_GQ868592	7.625056309148346e-05	0.0024550575126147185	0.008214731458688663	0.0004082585379744606	3.652346652053688e-05	0.00014588316086363272	0.9881383468967384	0.00019183427498601567	0.00029570725611586173	3.740687240589909e-05
0.999745	2.1578859580672155e-10	0.9999999226168943	2.31810287924984e-10	1.1553705170621681e-09	1.0336118419456449e-10	4.113734028838382e-10	7.417582453692274e-08	7.48778813515195e-10	2.3493723687893487e-10	1.0586121738238462e-10
AF208496_JN819419	2.574601037350523e-07	0.9965640088693684	2.78954607965711e-07	1.378485408364052e-06	1.2332153689029215e-07	4.908125019513852e-07	0.003432408561522077	6.469276546959241e-07	2.803029377116265e-07	1.2630435812440618e-07
0.944040	6.022157929038804e-08	0.9999989298119745	6.469285412418802e-08	3.224366457842755e-07	2.8845703095560176e-08	1.1480423071962228e-07	2.306249822615551e-07	1.5345392894279965e-07	6.55646971429358e-08	2.9543404226084765e-08
FJ639697_FJ639701	3.012604888254326e-08	1.0539124470750002e-07	3.2362818711656315e-08	1.6564022639066008e-07	1.4430160403075033e-08	5.74326285940693e-08	1.1509318273576169e-07	0.9999994319432892	3.2801212666761e-08	1.4779187750181913e-08
EU482449_FM210227	3.6208666096522887e-07	1.2652491973667265e-06	3.8897052697297507e-07	1.9399758353435144e-06	1.73436904801044e-07	6.902691604021132e-07	1.3833113987976192e-06	0.9999932248553992	3.942130321719996e-07	1.7763188400309367e-07
FM210208_FM210234	3.509290847604222e-08	1.226252770290367e-07	3.7698453368928793e-08	1.8799090526241047e-07	1.6809250610977864e-08	6.68998658244731e-08	1.340685132846958e-07	0.9999993433924701	3.820653428827865e-08	1.7215821846759434e-08
AF204177	0.0	0.0	0.0	1.0	0.0	0.0	0.0	0.0	0.0	0.0
AF204178	0.0	0.0	0.0	1.0	0.0	0.0	0.0	0.0	0.0	0.0
M29095	0.0	0.0	0.0	0.0	0.0	1.0	0.0	0.0	0.0	0.0
DQ181804	0.0	0.0	0.0	0.0	0.0	0.0	0.0	1.0	0.0	0.0
AF022434_EU726767	2.6934637534554714e-15	9.411569332083491e-15	2.893445486212039e-15	1.4421312418211798e-14	1.2901497529409741e-15	5.134801054399658e-15	1.0290075583821695e-14	0.9999999999999497	2.932455083643379e-15	1.3213550571830283e-15
DQ181805	0.0	0.0	0.0	0.0	0.0	0.0	0.0	1.0	0.0	0.0
DQ645550_JN851131	2.8223279245680755e-05	9.86179898606722e-05	3.0318626820814343e-05	0.01506417473824622	1.3518681820399056e-05	5.403015274049571e-05	0.00010782334175755538	0.9845587145913698	3.0732935222967485e-05	1.384566291557459e-05
AB189123	0.0	0.0	0.0	0.0	0.0	0.0	0.0	1.0	0.0	0.0
AY858035_JN851127	1.818788647312447e-12	6.35370961810821e-12	1.953348787297918e-12	5.671092728089449e-10	8.709728293409346e-13	1.2683544763441427e-10	6.9467720693689885e-12	0.9999999992852214	1.9982858227917424e-12	8.920393544200394e-13
AY037116_FJ196854	0.0005778863052742641	0.002019263543218872	0.0006207924171997022	0.3597277877522569	0.00027680327402451906	0.09275000575498217	0.00220774883304596	0.5409070460449685	0.0006291676632024051	0.0002834984118265004
KF041236	0.0	0.0	0.0	0.0	0.0	0.0	0.0	0.0	1.0	0.0
AF276619	0.0	0.0	0.0	1.0	0.0	0.0	0.0	0.0	0.0	0.0
JQ955623	0.0	0.0	0.0	0.0	0.0	0.0	0.0	0.0	1.0	0.0
DQ448231_KF479233	1.21163299790243e-08	4.2337173581071334e-08	1.301593172682821e-08	7.700345646740596e-07	5.803634865322023e-09	2.309812708576805e-08	4.6289077130463297e-08	3.042989257356396e-08	0.9999990509266616	5.948606537615092e-09
JQ922549	0.0	0.0	0.0	0.0	0.0	0.0	0.0	0.0	1.0	0.0
AF100469_JX966379	3.932732983774573e-06	5.3217883131102056e-05	0.9981946753292569	2.1056524460634538e-05	1.883750716946254e-06	7.506631112447977e-06	0.0016977969012690079	9.882969791024176e-06	8.117963622193206e-06	1.9293136557481063e-06
AF100465_FJ898449	1.7573371265175998e-05	0.00111457973966992	0.9466089219209002	9.40908283790504e-05	8.417516220599283e-06	3.375236342723592e-05	0.05194826725984602	4.4295235403368024e-05	0.00012148065125298871	8.621113635571372e-06
AF100467_AF100468	3.2916338392521404e-07	4.026527844255309e-06	1.1042019994380592e-05	1.7623970105215118e-06	1.5766688622213758e-07	6.281908794637977e-07	0.9999804275359675	8.271235428426518e-07	6.378940606786571e-07	1.6148043045779093e-07
GQ868592	0.0	0.0	0.0	0.0	0.0	0.0	1.0	0.0	0.0	0.0
GQ868603	0.0	1.0	0.0	0.0	0.0	0.0	0.0	0.0	0.0	0.0
AF100466_FJ898450	2.064465527056388e-06	0.9976433653544925	2.217746000609574e-06	1.1053501335364079e-05	9.888641306402782e-07	3.935621363197969e-06	0.002327929115060746	5.184917278140068e-06	2.2476326778556686e-06	1.0127821339420984e-06
EU482561_EU482576	4.3971475226204575e-08	0.999999220503341	4.723622751047478e-08	2.3543079491826813e-07	2.1062020194898824e-08	8.382560763772956e-08	1.6809264953809152e-07	1.1043363925912132e-07	4.7872789972385264e-08	2.1571454659104154e-08
AF208496_EU920828	4.711595923783729e-08	0.9964567520187204	6.043196256760268e-08	2.5226689994049435e-07	2.256820540733461e-08	8.982013675893166e-08	0.0035425830228347772	1.1834494580792479e-07	5.1296264645439076e-08	2.3114070501156232e-08
EU482545_JN819419	3.397794232316822e-05	0.9681098529200014	3.6501383227536315e-05	0.00018192371144328537	1.627518985228861e-05	6.477430304103075e-05	0.03141769820391504	8.533490940016956e-05	3.699259322264e-05	1.666884357332382e-05
EU529701_GQ398284	5.868986301921411e-07	0.9999895969992998	6.304741216851259e-07	3.142355592927917e-06	2.8112022027604075e-07	1.1188420249173909e-06	2.242231934132601e-06	1.4741879143128374e-06	6.389704881427222e-07	2.8791977356999756e-07
EU482572	0.0	1.0	0.0	0.0	0.0	0.0	0.0	0.0	0.0	0.0
0.668107	1.7148217916004427e-07	5.992336402616465e-07	1.8421422483316877e-07	9.194202115335791e-07	8.21387296929757e-08	3.26907758261939e-07	6.551283949527501e-07	0.9999967906520236	1.8669738959760472e-07	8.412544793578612e-08
FJ639701	0.0	0.0	0.0	0.0	0.0	0.0	0.0	1.0	0.0	0.0
EU482449_FM210218	1.7245248208199636e-08	6.025879657791488e-08	1.8525657000162425e-08	9.233515193736882e-08	8.260349787132967e-09	3.2875709060632894e-08	6.588353287109017e-08	0.9999996773800969	1.8775312119381927e-08	8.460145762496047e-09
FM210204_FM210227	1.0981453991623415e-07	3.837167179419125e-07	1.1796794546325839e-07	5.879690949966005e-07	5.2600374345046165e-08	2.0934641232470252e-07	4.1953410951088467e-07	0.9999979456204667	1.1955770082905913e-07	5.3872638034545345e-08
FM210208_FM210243	2.247495240470862e-08	7.853256071364826e-08	2.4143651301400765e-08	1.2033606083244826e-07	1.0765340461955656e-08	4.284542539067809e-08	8.58630300739231e-08	0.9999995795442379	2.4469015444326995e-08	1.1025725524712008e-08
FM210213_FM210234	1.1184564774062618e-08	3.90813855729623e-08	1.2014985705023268e-08	5.988437013739276e-08	5.357326037618149e-09	2.1321844168992702e-08	4.272937287115082e-08	0.9999997907623437	1.2176901602985898e-08	5.48690556010898e-09
AF100462_EU726767	4.7595623564071333e-07	1.663097802744448e-06	5.112945816823137e-07	2.5483510463486063e-06	2.2797961167740885e-07	9.073455110384276e-07	1.818337313424868e-06	0.9999910959591992	5.181848638368315e-07	2.334938344466354e-07
DQ181803	0.0	0.0	0.0	0.0	0.0	0.0	0.0	1.0	0.0	0.0
DQ181802	0.0	0.0	0.0	0.0	0.0	0.0	0.0	1.0	0.0	0.0
AF100461_GQ868542	4.133590917391703e-12	1.4443693468800449e-11	4.440497845581361e-12	2.2131952374430162e-11	1.97996030225686e-12	7.880126117724957e-12	1.5791919594055468e-11	0.99999999992267	4.500338657823761e-12	2.027850296017874e-12
AF022434_EU687246	1.1550806432758015e-11	4.0361107513144365e-11	1.2408419726196354e-11	7.291714281580707e-11	5.53275315650856e-12	2.202003373593484e-11	4.4128557972474365e-11	0.9999999997728389	1.2575637443864959e-11	5.666575796207144e-12
DQ645550_FJ196852	0.00013942230131105713	0.00048717274308184217	0.000149773984003011	0.9192826036569286	6.678227373308233e-05	0.0002658076096141852	0.0005326471929259528	0.07885559986089685	0.00015179281751182306	6.839755999350792e-05
JN851131	0.0	0.0	0.0	0.0	0.0	0.0	0.0	1.0	0.0	0.0
AY858036_JN851127	2.2722124777224052e-08	7.939619855786226e-08	2.4409175492751845e-08	1.1158850333817211e-06	1.0883734249429014e-08	2.0230980936389702e-06	8.680732434591676e-08	0.9999966009132153	2.4738117210541352e-08	1.114698294421727e-08
0.544804	5.139249049880245e-08	1.795768834770379e-07	5.5208230905125684e-08	2.7558715727633656e-07	2.4616632943238155e-08	9.806638065614747e-08	1.9633923350529377e-07	0.9999990380487073	5.5952239396578983e-08	2.521204407179718e-08
AY858035_JX470186	1.0006247204127017e-08	3.4964071257529575e-08	1.0749181532212816e-08	5.909712080760766e-07	4.792920401191521e-09	1.9075625509059857e-08	3.8227743005781434e-08	0.9999992754101156	1.0894039120637932e-08	4.908848446742971e-09
GU370051_JN851121	2.846903641898152e-07	9.947719636623624e-07	3.058277836641379e-07	1.5242815873136874e-06	1.3636463568713098e-07	5.427234263346848e-07	1.0876275447488599e-06	0.999994674100595	3.099491645818868e-07	1.3966293492314889e-07
FJ196853_FJ196854	0.0001728030014687728	0.0006038123420565983	0.00018563308659160857	0.9243887617925842	8.277138172642334e-05	0.010911498375458779	0.0006601743496699165	0.06272163648237819	0.00018813578591985136	8.477340214569666e-05
AY037116	0.0	0.0	0.0	0.0	0.0	1.0	0.0	0.0	0.0	0.0
JQ955624_KF479233	3.224559872110507e-05	0.00011267335180314981	3.463973927562684e-05	0.003875638706586518	1.54454097336218e-05	6.147182673414484e-05	0.0001231906863650614	8.098407640181273e-05	0.9956478916087772	1.581899560174518e-05
DQ448231_KJ010186	6.8070991962538855e-09	2.3785530829535514e-08	7.312506225126193e-09	9.975900486463038e-08	3.2605515280596393e-09	1.2976804244874263e-08	2.600575754205841e-08	1.70958732745441e-08	0.999999799628691	3.368181355206033e-09
JX966379	0.0	0.0	1.0	0.0	0.0	0.0	0.0	0.0	0.0	0.0
AF100469	0.0	0.0	1.0	0.0	0.0	0.0	0.0	0.0	0.0	0.0
AF100465	0.0	0.0	0.0	0.0	0.0	0.0	1.0	0.0	0.0	0.0
FJ898449	0.0	0.0	1.0	0.0	0.0	0.0	0.0	0.0	0.0	0.0
AF100468	0.0	0.0	0.0	0.0	0.0	0.0	1.0	0.0	0.0	0.0
AF100467	0.0	0.0	0.0	0.0	0.0	0.0	1.0	0.0	0.0	0.0
EU482551_FJ898450	1.0102443241378588e-07	0.9999513656875033	1.085251984171139e-07	5.409020804318601e-07	4.838997610908626e-08	1.9258927270454497e-07	4.722961169909483e-05	2.5372173582896364e-07	1.099877002190643e-07	4.956040142080498e-08
AF100466_EU569708	1.1741691129988884e-09	5.525515726757816e-05	1.2613477048932918e-09	6.2867021453626415e-09	5.624185552790268e-10	2.238392932168845e-09	0.9999447285164355	2.9488986858825648e-09	1.278345814972346e-09	5.76021969990266e-10
0.999994	2.2191806197498515e-09	0.9999999606647123	2.383948232393981e-09	1.1881872388471738e-08	1.0629715466413458e-09	4.2305645408941205e-09	8.478571529320527e-09	5.573422113565842e-09	2.4160746748809296e-09	1.0886820119869206e-09
EU482576	0.0	1.0	0.0	0.0	0.0	0.0	0.0	0.0	0.0	0.0
0.999978	5.728231361441954e-06	0.027808653525906408	4.8954843449785336e-05	3.066992990229076e-05	2.7437815992092508e-06	1.0920090173835023e-05	0.9720688966684428	1.438632115557419e-05	6.236461602528837e-06	2.810146406381363e-06
AF208496_FJ898460	8.877143469751907e-10	0.9999914939166383	9.542557549221315e-10	4.752974361037101e-09	4.2520878381061865e-10	1.6923060724945947e-09	8.493739458076266e-06	2.2294749980686918e-09	9.664757042222423e-10	4.354934576904977e-10
EU482546_EU677142	2.9055975465165133e-07	0.999981479934823	3.121700137005385e-07	1.5557065951594316e-06	1.3917603147985796e-07	5.539124594448134e-07	1.4479924515686663e-05	7.297341665986083e-07	3.163393094289999e-07	1.425423309312438e-07
EU920834_JN819419	5.154778199251599e-06	0.004154658410352446	5.537508171238152e-06	2.759956364491312e-05	2.4691016613461644e-06	9.826880097904828e-06	0.9957736666988878	1.294610677859086e-05	5.612129517948772e-06	2.528822688592213e-06
EU482545	0.0	1.0	0.0	0.0	0.0	0.0	0.0	0.0	0.0	0.0
GQ398284	0.0	1.0	0.0	0.0	0.0	0.0	0.0	0.0	0.0	0.0
EU529701	0.0	1.0	0.0	0.0	0.0	0.0	0.0	0.0	0.0	0.0
FJ639697_FJ639702	1.8738641381580858e-07	6.547701847031791e-07	2.012993021004651e-07	1.0033003057428463e-06	8.975674370104471e-08	3.5722658701768497e-07	7.158887367264394e-07	0.9999964944319621	2.0401204230236674e-07	9.192772151860613e-08
JX649148	0.0	0.0	0.0	0.0	0.0	0.0	0.0	1.0	0.0	0.0
EU482664_FM210218	1.2692801301771135e-08	4.435149379882705e-08	1.3635204344427358e-08	6.795943362180093e-08	6.07976048045841e-09	2.4197090871309673e-08	4.849142103964255e-08	0.9999997625470264	1.3818954397846075e-08	6.226813778014798e-09
EU482449_FM210241	1.3745277814521448e-08	4.8029082739135686e-08	1.4765824132594832e-08	7.359457369944201e-08	6.583889155972846e-09	2.620349349397085e-08	5.251228928619633e-08	0.999999742857623	1.4964810587637688e-08	6.7431359904893485e-09
FM210204	0.0	0.0	0.0	0.0	0.0	0.0	0.0	1.0	0.0	0.0
FM210227	0.0	0.0	0.0	0.0	0.0	0.0	0.0	1.0	0.0	0.0
FM210208_FM210237	2.500183607693731e-08	8.736202151053187e-08	2.685814863006942e-08	1.3386412272982363e-07	1.1975699556428716e-08	4.766258331399258e-08	9.551670518955373e-08	0.99999953227343	2.7220093062470428e-08	1.2265359998805976e-08
FM210243	0.0	0.0	0.0	0.0	0.0	0.0	0.0	1.0	0.0	0.0
FM210217_FM210234	1.8010651062442445e-09	6.293325372503318e-09	1.934788875788149e-09	9.643212893231834e-09	8.626972246187636e-10	3.433484461910787e-09	6.8807668465198144e-09	0.9999999663062332	1.9608623809500898e-09	8.83563584746057e-10
FM210213	0.0	0.0	0.0	0.0	0.0	0.0	0.0	1.0	0.0	0.0
AF100462	0.0	0.0	0.0	0.0	0.0	0.0	0.0	1.0	0.0	0.0
EU726767	0.0	0.0	0.0	0.0	0.0	0.0	0.0	1.0	0.0	0.0
GQ868542	0.0	0.0	0.0	0.0	0.0	0.0	0.0	1.0	0.0	0.0
DQ181799	0.0	0.0	0.0	0.0	0.0	0.0	0.0	1.0	0.0	0.0
AF100461_FJ906957	8.306863644515592e-08	2.9026044077969157e-07	8.923623758174182e-08	4.447636794143455e-07	3.9789279058073425e-08	1.5835900182110728e-07	3.173543908301121e-07	0.9999984459778594	9.04387984485569e-08	4.075167629587378e-08
AF169679_AF169680	1.8672182171772864e-08	6.524479104789181e-08	2.0058536600031703e-08	9.997405520067285e-08	8.943840886883592e-09	3.559596325498918e-08	7.133497372987646e-08	0.9999996506866399	2.0328848435385355e-08	9.160168701024172e-09
AF022434	0.0	0.0	0.0	0.0	0.0	0.0	0.0	1.0	0.0	0.0
AF100460_FJ687434	1.5635688662571305e-08	5.463460190644103e-08	1.6796592407876514e-08	8.371664767188533e-08	7.489382347944916e-09	2.9807303398138113e-08	5.973439149919938e-08	0.9999997074919157	1.702294579606203e-08	7.670530663650086e-09
DQ181798_EU687246	1.72825795747939e-08	6.038920800754641e-08	1.856576011067534e-08	4.047679730499359e-07	8.278231243134063e-09	3.294687583038829e-08	6.60261531625453e-08	0.9999993644488042	1.8815955067083296e-08	8.478459723540477e-09
FJ196852	0.0	0.0	0.0	1.0	0.0	0.0	0.0	0.0	0.0	0.0
DQ645550	0.0	0.0	0.0	1.0	0.0	0.0	0.0	0.0	0.0	0.0
0.661183	3.2394738650703676e-08	1.1319448015500374e-07	3.47999524045352e-08	2.3709889927403645e-06	1.551684668645233e-08	4.437679057983951e-06	1.2376045870537459e-07	0.9999928205043928	3.526892177593532e-08	1.5892158095553696e-08
AY858036	0.0	0.0	0.0	0.0	0.0	0.0	0.0	1.0	0.0	0.0
JN851128_JN851129	1.2419576493167692e-07	4.3396784893402036e-07	1.3341693399999368e-07	6.649655857770137e-07	5.948887763377051e-08	2.3676230208524894e-07	4.7447596361517067e-07	0.9999976765840864	1.3521488053866975e-07	6.092775596657525e-08
EU081180	0.0	0.0	0.0	0.0	0.0	0.0	0.0	1.0	0.0	0.0
EU179859_JX470186	1.8797701919070227e-07	6.568338518801214e-07	2.019337581816477e-07	2.0537239177916076e-05	9.003963942535222e-08	3.5835253779395693e-07	7.18145078192808e-07	0.99997695260643	2.0465504767608872e-07	9.22174597409459e-08
0.823650	3.106376189804849e-07	1.0854374896059711e-06	3.3370154555827023e-07	1.7149053609221593e-06	1.4879318400404086e-07	5.921881715765532e-07	1.186756115896349e-06	0.9999941369898593	3.381985574322162e-07	1.5239209689411872e-07
GU370051	0.0	0.0	0.0	0.0	0.0	0.0	0.0	1.0	0.0	0.0
JN851121	0.0	0.0	0.0	0.0	0.0	0.0	0.0	1.0	0.0	0.0
FJ196853	0.0	0.0	0.0	1.0	0.0	0.0	0.0	0.0	0.0	0.0
FJ196854	0.0	0.0	0.0	1.0	0.0	0.0	0.0	0.0	0.0	0.0
KF479233	0.0	0.0	0.0	1.0	0.0	0.0	0.0	0.0	0.0	0.0
JQ955624	0.0	0.0	0.0	0.0	0.0	0.0	0.0	0.0	1.0	0.0
DQ448231_FJ898454	1.321544704825207e-07	4.617773505718843e-07	1.4196654995358582e-07	7.08478228286696e-07	6.330104031829899e-08	2.519344355149778e-07	5.048813038257354e-07	3.319029001977534e-07	0.9999973387711868	6.48325339495711e-08
KF041233_KJ010186	1.8113196719013773e-09	6.329157054433376e-09	1.945804812686312e-09	9.700183837180352e-09	8.676090877721957e-10	3.4530333889688545e-09	6.919943262272974e-09	4.549087519140491e-09	0.9999997292717953	2.3515206621378118e-07
EU482551_GQ398282	2.1295930596216656e-08	0.9999990310858525	2.2877090602818604e-08	1.1402205277305111e-07	1.0200597500521985e-08	4.05977810206005e-08	6.72803733323505e-07	5.3484253053065816e-08	2.31853856931435e-08	1.0447322927340789e-08
FJ898450	0.0	1.0	0.0	0.0	0.0	0.0	0.0	0.0	0.0	0.0
0.584480	1.9458596867337266e-08	4.095965365939895e-05	2.0903340266184227e-08	1.0418465391172426e-07	9.32052786666616e-09	3.7095155387380766e-08	0.9999587697832462	4.886981664671489e-08	2.1185036801931625e-08	9.545966740806822e-09
0.999941	1.1093340990645992e-07	2.2549387829373776e-05	1.1916988824899486e-07	5.939564397755816e-07	5.313630501863352e-08	2.1147938395494364e-07	0.9999759081326761	2.7860669673266874e-07	1.207758394633738e-07	5.4421531451166066e-08
AF489932_JX669483	1.6962353050993885e-08	1.5935219453968402e-07	1.8221757712409655e-08	9.081933780706864e-08	8.12484504272751e-09	3.2336407730323904e-08	0.9999996047938661	4.260055790058746e-08	1.846731684111515e-08	8.321363517346372e-09
EU569708	0.0	1.0	0.0	0.0	0.0	0.0	0.0	0.0	0.0	0.0
EU482561_EU482744	7.680912034296898e-10	0.9999999863856248	8.251197087958805e-10	4.112491601914447e-09	3.679101589141056e-10	1.4642608990339386e-09	2.934410079309187e-09	1.929043327601306e-09	8.36239145239415e-10	3.768089308717688e-10
EU482575	0.0	1.0	0.0	0.0	0.0	0.0	0.0	0.0	0.0	0.0
EU482444_GQ868553	2.5396114413904554e-07	0.0004589801457102603	0.00011538402320024758	1.359751378248963e-06	1.2164556042433213e-07	4.841422106857751e-07	0.9994223774318651	6.378175542251511e-07	2.7649353247453603e-07	1.24587844228273e-07
EU920828	0.0	0.0	0.0	0.0	0.0	0.0	1.0	0.0	0.0	0.0
EU677145_FJ898460	2.4097317675112563e-07	0.9999955940862785	2.588647340727164e-07	1.2902115806698542e-06	1.154244175127557e-07	4.593824260154305e-07	1.0552893668148496e-06	6.051985675587808e-07	2.6235322374759415e-07	1.1821622835272748e-07
AF208496_EU920833	2.960938359907573e-06	0.9993090327762612	3.1807797019266846e-06	1.5853370126534262e-05	1.41826816615559e-06	5.644624291363741e-06	0.0006497966985233303	7.436328301369152e-06	3.223643952878414e-06	1.4525723153606094e-06
EU482726_EU920849	5.633003113823098e-08	0.9999989562819995	6.05123730102317e-08	3.016006158606597e-07	2.6981679539049895e-08	1.0738550535245169e-07	2.604740851315273e-07	1.4147157212828276e-07	6.132784346442089e-08	2.7634294878516e-08
EU677142	0.0	1.0	0.0	0.0	0.0	0.0	0.0	0.0	0.0	0.0
EU482546	0.0	1.0	0.0	0.0	0.0	0.0	0.0	0.0	0.0	0.0
EU920834_EU920835	3.3840683244615467e-07	7.430135852948757e-05	3.635325924678292e-07	1.8118880287276794e-06	1.6209443741439847e-07	6.451263736705555e-07	0.9999209932456232	8.499009503069912e-07	3.684315600079363e-07	1.660150723824946e-07
EU920840_JN819419	2.9484118036263932e-09	9.887665258484913e-07	3.167323366148091e-09	1.5786300802895714e-08	1.41226803584362e-09	5.6207441239050935e-09	0.9999989702371248	7.40486823706453e-09	3.210005993389308e-09	1.4464270577938775e-09
FJ639702	0.0	0.0	0.0	0.0	0.0	0.0	0.0	1.0	0.0	0.0
FJ639697	0.0	0.0	0.0	0.0	0.0	0.0	0.0	1.0	0.0	0.0
EU482664_FM210220	2.713203602698024e-09	9.480541722652383e-09	2.9146509640597034e-09	1.4526955895820715e-08	1.2996050002626136e-09	5.1723518363585e-09	1.0365489472079906e-08	0.9999999492422333	2.953929235814997e-09	1.3310390018854828e-09
FM210218	0.0	0.0	0.0	0.0	0.0	0.0	0.0	1.0	0.0	0.0
FM210221_FM210241	1.682240056188721e-08	5.878123936144287e-08	1.807141416395951e-08	9.00700083600572e-08	8.057808807606275e-09	3.2069607438144943e-08	6.426809095563489e-08	0.9999996852917773	1.8314947240603377e-08	8.25270585331161e-09
EU482449	0.0	0.0	0.0	0.0	0.0	0.0	0.0	1.0	0.0	0.0
0.992713	1.4861287603602188e-08	5.192867097813294e-08	1.5964694355386562e-08	7.95698743210856e-08	7.118449813635972e-09	2.833101362195575e-08	5.677587927552041e-08	0.9999997219796667	1.617983696119782e-08	7.290626254130527e-09
FM210237	0.0	0.0	0.0	0.0	0.0	0.0	0.0	1.0	0.0	0.0
FM210222_FM210234	3.0041848462493876e-08	1.0497295430046253e-07	3.2272367063154274e-08	1.6084919240675207e-07	1.4389829218922101e-08	5.7270678067909404e-08	1.1477150614503962e-07	0.9999994379864691	3.2707274302377307e-08	1.4737881061542738e-08
FM210217	0.0	0.0	0.0	0.0	0.0	0.0	0.0	1.0	0.0	0.0
EU482451_FJ906957	9.84925189617961e-08	3.4415494452262887e-07	1.0580529786235078e-07	5.273457829918445e-07	4.7177207786369344e-08	1.8776252575102974e-07	3.7627960075016733e-07	0.9999981574326761	1.0723114586041795e-07	4.831829944561926e-08
AF100461	0.0	0.0	0.0	0.0	0.0	0.0	0.0	1.0	0.0	0.0
AF169680	0.0	0.0	0.0	0.0	0.0	0.0	0.0	1.0	0.0	0.0
AF169679	0.0	0.0	0.0	0.0	0.0	0.0	0.0	1.0	0.0	0.0
AF100460_GQ868544	9.740042825356957e-08	3.403389347275178e-07	1.0463212264158673e-07	5.214985607931056e-07	4.6654104196303276e-08	1.8568060407934033e-07	3.7210739092137986e-07	0.9999981778631504	1.0604216075514238e-07	4.778254336568454e-08
FJ639828_FJ687434	2.1723767388152025e-07	7.590771399797303e-07	2.3336693014089727e-07	1.1631276419207895e-06	1.0405528244953647e-07	4.1413393388886996e-07	8.299321213191849e-07	0.9999959359853547	2.3651181774935498e-07	1.0657210403511508e-07
DQ181798_FJ639831	3.7722616364698563e-07	1.318112794665852e-06	4.0523409317638334e-07	5.2247190269197265e-05	1.8068861769828242e-07	7.191301229000232e-07	1.4411501680108578e-06	0.9999427155136859	4.106950883456027e-07	1.8505899662173526e-07
EU687246	0.0	0.0	0.0	0.0	0.0	0.0	0.0	1.0	0.0	0.0
0.999886	1.3234046184226205e-05	4.624272460844296e-05	1.4216635062296066e-05	0.0012008763365046202	6.339012884113663e-06	0.0022754165535449414	5.055918629151281e-05	0.9963722149475495	1.4408220559937572e-05	6.492336810419233e-06
JN851126_JN851127	2.386497930331398e-07	8.338958851637717e-07	2.563688359565039e-07	1.2880451186172115e-06	1.1431153343195075e-07	4.754102988356876e-07	9.117347163844101e-07	0.9999955046836915	2.598237006835825e-07	1.1707642655461992e-07
JN851128	0.0	0.0	0.0	0.0	0.0	0.0	0.0	1.0	0.0	0.0
JN851129	0.0	0.0	0.0	0.0	0.0	0.0	0.0	1.0	0.0	0.0
EU179859_EU482640	1.5745827476176187e-07	5.501945161566304e-07	1.6914908703383833e-07	1.1879130910086419e-05	7.542138047049173e-08	3.0017270412340755e-07	6.015516445986581e-07	0.9999860182472937	1.7142856540005493e-07	7.72456238333823e-08
JX470186	0.0	0.0	0.0	1.0	0.0	0.0	0.0	0.0	0.0	0.0
JN851130	0.0	0.0	0.0	0.0	0.0	0.0	0.0	1.0	0.0	0.0
AY858035	0.0	0.0	0.0	0.0	0.0	0.0	0.0	1.0	0.0	0.0
FJ898454	0.0	0.0	0.0	0.0	0.0	0.0	0.0	0.0	1.0	0.0
DQ448231	0.0	0.0	0.0	0.0	0.0	0.0	0.0	0.0	1.0	0.0
KJ010185_KJ010186	1.3486196427937814e-08	4.71237940952503e-08	1.4487506717557005e-08	7.220743799642512e-08	6.459791036265439e-09	2.5709590238689353e-08	5.152249796262327e-08	3.387027083199867e-08	0.9999997243304033	1.0802511249691028e-08
0.586954	1.6557999506729607e-08	5.785736278970204e-08	1.77873821106528e-08	8.865573765381614e-08	7.931162604934341e-09	3.156556296396261e-08	6.325797643606197e-08	4.1585033313580106e-08	0.9999964514524239	3.223349358620297e-06
GQ398269_GQ398282	2.5315017381724095e-07	0.9999954426990963	2.719458272260096e-07	1.3554093045174089e-06	1.2125711147629382e-07	4.825962066080987e-07	1.0373608542738334e-06	6.357808162280478e-07	2.7561060981411963e-07	1.241899997293861e-07
EU482551_GQ398270	3.7638548602287825e-08	0.9999993321260522	4.04330997719363e-08	2.015232232109837e-07	1.8028593916622807e-08	7.175274859108539e-08	1.4452674806632294e-07	9.452834547898365e-08	4.0977982263931144e-08	1.8464657836289668e-08
AF100466	0.0	0.0	0.0	0.0	0.0	0.0	1.0	0.0	0.0	0.0
GQ868595	0.0	0.0	0.0	0.0	0.0	0.0	1.0	0.0	0.0	0.0
EU687220_FJ898465	3.707938863268902e-07	1.3892142504882328e-06	3.983242382456762e-07	1.985293851500426e-06	1.7760760315150855e-07	7.0686786533282e-07	0.9999934550624483	9.312402811163197e-07	4.036921151777284e-07	1.8190346049629424e-07
GQ868552	0.0	0.0	0.0	0.0	0.0	0.0	1.0	0.0	0.0	0.0
AF489932_JX669488	4.065135273608314e-07	1.4333086720826918e-06	4.3669595722464096e-07	2.1765429155693207e-06	1.9471705415221263e-07	7.749624789151409e-07	0.9999929143023795	1.0209493345402718e-06	4.425809371732144e-07	1.994267437848195e-07
FJ850072_JX669483	4.897052981650436e-10	1.7329241019118536e-09	5.260644715282535e-10	2.6219658773908395e-09	2.34565313682144e-10	9.335562195621697e-10	0.9999999914579426	1.229883545397174e-09	5.331537949245041e-10	2.4023882713389543e-10
EU482590_EU482744	6.2671176844978e-08	0.9999988891571017	6.732432679520575e-08	3.3555219394027965e-07	3.001904269885381e-08	1.194740329543901e-07	2.39428188708447e-07	1.573972131021133e-07	6.82315994792924e-08	3.074512380559168e-08
EU482561_EU482740	2.3966486158281175e-09	0.9999999575195452	2.574592703507199e-09	1.2832066376131919e-08	1.1479774396235596e-09	4.568883019634677e-09	9.15612672559104e-09	6.0191276422010915e-09	2.609288299345036e-09	1.175743972295296e-09
EU482444_FJ898461	4.037804076934024e-11	1.4947388384931796e-10	0.9999999808869182	2.161909325666012e-10	1.934079095002688e-11	7.697521598234408e-11	1.8445545240333432e-08	1.0140851676248078e-10	4.396053248444675e-11	1.980859343923542e-11
0.974947	2.139698535686151e-08	8.504437857619762e-06	2.1412241798823734e-06	1.14563117235899e-07	1.0249002003635517e-08	4.0790428109779375e-08	0.9999890798080906	5.3738034628920175e-08	2.329540641218645e-08	1.049689820713579e-08
EU482605_GU131947	1.2734419569689535e-07	1.6489189407664266e-06	4.3933198803816727e-07	6.818225921838212e-07	6.099695331287886e-08	2.427643040895019e-07	0.9999962778840596	3.1982200618365187e-07	1.3864265192108765e-07	6.24723080006799e-08
EU677145	0.0	1.0	0.0	0.0	0.0	0.0	0.0	0.0	0.0	0.0
FJ898460	0.0	1.0	0.0	0.0	0.0	0.0	0.0	0.0	0.0	0.0
AF208496_AY702039	1.5789258262607468e-07	0.9999880112169425	1.6961564681875487e-07	8.453838777932853e-07	7.562941081206536e-08	3.010006285119415e-07	9.793357244098542e-06	3.965435743576323e-07	1.719014066887864e-07	7.745868587773739e-08
EU920833	0.0	0.0	0.0	0.0	0.0	0.0	1.0	0.0	0.0	0.0
0.999695	6.115316943703283e-09	0.9999998747295012	6.569361202719373e-09	3.2742452278750134e-08	2.9291928074710063e-09	1.165801593076503e-08	4.023974934650194e-08	1.535847725590508e-08	6.657890874202227e-09	3.0000422205196893e-09
EU482726	0.0	1.0	0.0	0.0	0.0	0.0	0.0	0.0	0.0	0.0
EU920835	0.0	0.0	0.0	0.0	0.0	0.0	1.0	0.0	0.0	0.0
EU920834	0.0	0.0	0.0	0.0	0.0	0.0	1.0	0.0	0.0	0.0
JN819419	0.0	0.0	0.0	0.0	0.0	0.0	1.0	0.0	0.0	0.0
EU920840_FJ850088	1.619269560301218e-07	5.879537498467736e-07	1.7394955471578693e-07	8.669846026408641e-07	7.756184663944389e-08	3.086916100012107e-07	0.9999971605242831	4.0667580997174667e-07	1.7629372488213638e-07	7.943786220774682e-08
FJ850085	0.0	0.0	0.0	0.0	0.0	0.0	1.0	0.0	0.0	0.0
0.999816	6.281253883406722e-09	2.194810940529906e-08	6.747618449485298e-09	3.3630907019665814e-08	3.0086754074323292e-09	1.197435202656746e-08	2.399682461543594e-08	0.9999998824922615	6.838550363598409e-09	3.081447293983091e-09
FM210220	0.0	0.0	0.0	0.0	0.0	0.0	0.0	1.0	0.0	0.0
FM210221	0.0	0.0	0.0	0.0	0.0	0.0	0.0	1.0	0.0	0.0
FM210241	0.0	0.0	0.0	0.0	0.0	0.0	0.0	1.0	0.0	0.0
0.997201	2.0077742123080455e-08	7.015613266215375e-08	2.1568455230188537e-08	1.0749966345046017e-07	9.61709398852026e-09	3.8275471194616915e-08	7.670475757623735e-08	0.9999996243918629	2.185911495453877e-08	9.849706011389782e-09
FM210235	0.0	0.0	0.0	0.0	0.0	0.0	0.0	1.0	0.0	0.0
FM210222	0.0	0.0	0.0	0.0	0.0	0.0	0.0	1.0	0.0	0.0
FM210234	0.0	0.0	0.0	0.0	0.0	0.0	0.0	1.0	0.0	0.0
EU482451_GQ868620	1.4772052498048946e-09	5.161686350943428e-09	1.5868833806561523e-09	7.909209423308466e-09	7.075706840251808e-10	2.8160899089567753e-09	5.643496658241025e-09	0.9999999723649049	1.608268458125697e-09	7.246849441468696e-10
FJ906957	0.0	0.0	0.0	0.0	0.0	0.0	0.0	1.0	0.0	0.0
AF100464_GQ868544	2.143134766437345e-07	7.488593391888527e-07	2.3022561988694597e-07	1.1474709892634068e-06	1.0265461301647165e-07	4.085593515251698e-07	8.187605543743336e-07	0.9999959906903252	2.3332817472920575e-07	1.0513755611957044e-07
AF100460	0.0	0.0	0.0	0.0	0.0	0.0	0.0	1.0	0.0	0.0
FJ639828	0.0	0.0	0.0	0.0	0.0	0.0	0.0	1.0	0.0	0.0
FJ687434	0.0	0.0	0.0	0.0	0.0	0.0	0.0	1.0	0.0	0.0
FJ196851_FJ639831	7.814305866704713e-06	2.7304936764606147e-05	8.394495018803507e-06	0.0012062786888358613	3.7429962749025668e-06	1.489690609997178e-05	2.9853677443297663e-05	0.9986893728437707	8.507620487557609e-06	3.8335294376373234e-06
DQ181798	0.0	0.0	0.0	0.0	0.0	0.0	0.0	1.0	0.0	0.0
EU179858_KC131142	3.229990782997997e-05	0.0001128631200063482	3.4698080675579924e-05	0.0044460986610132475	1.547142340594013e-05	0.0015139010452635752	0.00012339816821261608	0.9936702582802528	3.516567719360319e-05	1.5845636146235944e-05
HM488257	0.0	0.0	0.0	0.0	0.0	1.0	0.0	0.0	0.0	0.0
JN851127	0.0	0.0	0.0	0.0	0.0	0.0	0.0	1.0	0.0	0.0
JN851126	0.0	0.0	0.0	0.0	0.0	0.0	0.0	1.0	0.0	0.0
EU482640	0.0	0.0	0.0	0.0	0.0	0.0	0.0	1.0	0.0	0.0
EU179859	0.0	0.0	0.0	0.0	0.0	0.0	0.0	1.0	0.0	0.0
KJ010185	0.0	0.0	0.0	0.0	0.0	0.0	0.0	0.0	1.0	0.0
KJ010186	0.0	0.0	0.0	0.0	0.0	0.0	0.0	0.0	1.0	0.0
0.346333	4.429947478372029e-09	1.5479229739759748e-08	4.758858006723629e-09	2.37188294329152e-08	2.1219129622517367e-09	8.445089396141576e-09	1.6924116532673967e-08	1.1125710771436238e-08	0.9999995995983284	3.1339797734745356e-07
KJ830750	0.0	0.0	0.0	0.0	0.0	0.0	0.0	0.0	0.0	1.0
GQ398269	0.0	1.0	0.0	0.0	0.0	0.0	0.0	0.0	0.0	0.0
GQ398282	0.0	1.0	0.0	0.0	0.0	0.0	0.0	0.0	0.0	0.0
EU482551_EU569714	4.163949600639925e-09	0.9999999261875034	4.473110571478166e-09	2.2294497954101234e-08	1.994501893058062e-09	7.938000798003821e-09	1.591463787531919e-08	1.0457663245556906e-08	4.533390877685262e-09	2.0427436093722755e-09
GQ398270	0.0	1.0	0.0	0.0	0.0	0.0	0.0	0.0	0.0	0.0
FJ898465	0.0	0.0	0.0	0.0	0.0	0.0	1.0	0.0	0.0	0.0
EU687220	0.0	0.0	0.0	0.0	0.0	0.0	1.0	0.0	0.0	0.0
JX669488	0.0	0.0	0.0	0.0	0.0	0.0	1.0	0.0	0.0	0.0
AF489932	0.0	0.0	0.0	0.0	0.0	0.0	1.0	0.0	0.0	0.0
JX669483	0.0	0.0	0.0	0.0	0.0	0.0	1.0	0.0	0.0	0.0
JX669484_KC294201	4.4133496839765546e-07	1.542125820822188e-06	4.7410278750711697e-07	2.3629828633138904e-06	2.1139627381814754e-07	8.413447969661261e-07	0.9999923213086526	1.1084025794176923e-06	4.80491867488013e-07	2.1650938958249543e-07
FJ850072_JX669486	5.484241792222176e-08	1.9163177121100207e-07	5.891430562358705e-08	2.936356804071386e-07	2.626912351411324e-08	1.0454957407845462e-07	0.9999990458089139	1.377354658915729e-07	5.970824360616516e-08	2.6904504011269782e-08
EU482744	0.0	1.0	0.0	0.0	0.0	0.0	0.0	0.0	0.0	0.0
EU482590	0.0	1.0	0.0	0.0	0.0	0.0	0.0	0.0	0.0	0.0
0.975180	4.726689162330565e-15	0.9999999999999164	5.0776318850888195e-15	2.530750176300318e-14	2.2640500933816575e-15	9.010786858882685e-15	1.805778479074402e-14	1.1870970656720727e-14	5.146058810815115e-15	2.3188114664875124e-15
EU482561_GQ398314	1.0748680343924375e-13	0.9999999999980947	1.1546738142185643e-13	5.755027195816255e-13	5.148540532416258e-14	2.0490889979659458e-13	4.1064125387761154e-13	2.699506241664335e-13	1.170234371011911e-13	5.273070086718277e-14
0.344017	2.0765163455116606e-10	7.261134582731008e-10	0.9999999946554835	1.1118023476929876e-09	9.946363859573427e-11	3.9585946009544236e-10	1.954168892891625e-09	5.215122839517072e-10	2.2607526893841797e-10	1.0186940048215586e-10
0.960480	1.4145731010645892e-11	4.942882316387374e-11	0.9999999997140153	7.573866192512132e-11	6.7757033550760134e-12	2.6966902777497043e-11	5.506181688669493e-11	3.552667670290149e-11	1.5400793494713824e-11	6.939589666852667e-12
EU482603_GQ868604	3.8130569426737057e-11	1.332369429365572e-10	0.999999999231461	2.041575868119198e-10	1.8264268350731516e-11	7.269071904502931e-11	1.4607499508731575e-10	9.576404439627284e-11	4.151365702734457e-11	1.8706032610534604e-11
EU482607_KJ189305	6.358946304362198e-07	2.6013280360361954e-06	7.784373038861572e-07	3.4046885522114658e-06	3.0458895179605026e-07	1.212246200836175e-06	0.9999884615119016	1.597034676800638e-06	6.923135948488833e-07	3.119561515245295e-07
FJ898466_GQ868553	1.4064377935123512e-07	7.856949759467143e-07	2.2502739588062744e-07	7.530308365214826e-07	6.736735817354004e-08	2.6811814258097707e-07	0.9999971847748875	3.532236033319809e-07	1.531222246820858e-07	6.899679607638554e-08
EU482605_FJ639732	7.478048990408932e-13	2.7338119904371584e-12	8.336857874452287e-13	4.003875260443087e-12	3.581931651012148e-13	1.4255878323852688e-12	0.9999999999868378	1.8780947315555647e-12	8.141529635899855e-13	3.6685690872394403e-13
GQ868555_GU131947	7.568498757329542e-08	2.72186476051422e-07	8.324583204115437e-08	4.052303611815317e-07	3.625256438450039e-08	1.4428308442095402e-07	0.9999986735061338	1.900810981601141e-07	8.240004446494015e-08	3.712941786495428e-08
AF208496	0.0	1.0	0.0	0.0	0.0	0.0	0.0	0.0	0.0	0.0
AY702039	0.0	1.0	0.0	0.0	0.0	0.0	0.0	0.0	0.0	0.0
0.933687	9.159347928210918e-09	0.9999994681721186	9.839402485818434e-09	4.9040714521380685e-08	4.38726174283824e-09	1.7461044954088575e-08	4.044712412529698e-07	2.3003490764109393e-08	9.971999742003464e-09	4.493377980246114e-09
EU920849	0.0	1.0	0.0	0.0	0.0	0.0	0.0	0.0	0.0	0.0
EU920840	0.0	0.0	0.0	0.0	0.0	0.0	1.0	0.0	0.0	0.0
FJ850088	0.0	0.0	0.0	0.0	0.0	0.0	1.0	0.0	0.0	0.0
FM210202	0.0	0.0	0.0	0.0	0.0	0.0	0.0	1.0	0.0	0.0
EU482664	0.0	0.0	0.0	0.0	0.0	0.0	0.0	1.0	0.0	0.0
FM210208	0.0	0.0	0.0	0.0	0.0	0.0	0.0	1.0	0.0	0.0
FM210236	0.0	0.0	0.0	0.0	0.0	0.0	0.0	1.0	0.0	0.0
0.999976	1.4792822585519831e-08	5.16894388519742e-08	1.5891146011738613e-08	7.92033008318761e-08	7.0856555626794975e-09	2.8200494422540357e-08	5.651431636758654e-08	0.9999997232604891	1.6105297469043786e-08	7.257038797132543e-09
EU482451_GU131927	3.106170247166569e-11	1.0853655286307612e-10	3.336794222311536e-11	1.6630966477092474e-10	1.4878331949988658e-11	5.92148903458261e-11	1.1866774378257522e-10	0.9999999994189073	3.3817613596663656e-11	1.523819937937452e-11
AF100464	0.0	0.0	0.0	0.0	0.0	0.0	0.0	1.0	0.0	0.0
GQ868544	0.0	0.0	0.0	0.0	0.0	0.0	0.0	1.0	0.0	0.0
FJ639831	0.0	0.0	0.0	0.0	0.0	0.0	0.0	1.0	0.0	0.0
FJ196851	0.0	0.0	0.0	1.0	0.0	0.0	0.0	0.0	0.0	0.0
KC131142	0.0	0.0	0.0	1.0	0.0	0.0	0.0	0.0	0.0	0.0
EU179858	0.0	0.0	0.0	0.0	0.0	0.0	0.0	1.0	0.0	0.0
KF041233	0.0	0.0	0.0	0.0	0.0	0.0	0.0	0.0	1.0	0.0
KF360005	0.0	0.0	0.0	0.0	0.0	0.0	0.0	0.0	1.0	0.0
EU482554_EU569714	3.40214021241093e-08	0.9999993969725802	3.654739084125213e-08	1.8215640264595025e-07	1.6296006784183302e-08	6.485715321071242e-08	1.2997502550464035e-07	8.544396562701774e-08	3.7039908939290767e-08	1.66901640116461e-08
EU482551_EU482728	1.96522377935472e-12	0.9999999999651666	2.111135845976835e-12	1.0522144053194471e-11	9.413280476793782e-13	3.746430534696293e-12	7.507920278302379e-12	4.9356141301885794e-12	2.1395858279763176e-12	9.640962790823247e-13
JX669484	0.0	0.0	0.0	0.0	0.0	0.0	1.0	0.0	0.0	0.0
KC294201	0.0	0.0	0.0	0.0	0.0	0.0	1.0	0.0	0.0	0.0
FJ850072_KC294222	8.444965976906751e-08	2.9508605132665005e-07	9.071979781232135e-08	4.5215791436492736e-07	4.045077929176399e-08	1.609917340341935e-07	0.9999985306791659	2.1209336993809397e-07	9.19423513584022e-08	4.1429176467557154e-08
JX669486	0.0	0.0	0.0	0.0	0.0	0.0	1.0	0.0	0.0	0.0
EU482740	0.0	1.0	0.0	0.0	0.0	0.0	0.0	0.0	0.0	0.0
EU482587	0.0	1.0	0.0	0.0	0.0	0.0	0.0	0.0	0.0	0.0
0.999981	5.759866860154597e-08	0.9999989790670099	6.187519978268884e-08	3.0839311770218656e-07	2.7589347754293726e-08	1.0980398928285855e-07	2.200492408315565e-07	1.4465772581032927e-07	6.270903921722199e-08	2.8256660977855595e-08
EU482588	0.0	1.0	0.0	0.0	0.0	0.0	0.0	0.0	0.0	0.0
GQ398285	0.0	1.0	0.0	0.0	0.0	0.0	0.0	0.0	0.0	0.0
0.770920	7.078867835289177e-10	0.9999999874527487	7.604452883690643e-10	3.790146846324784e-09	3.390726750396373e-10	1.3494894010449438e-09	2.704401908797763e-09	1.7778413064522401e-09	7.706931626623843e-10	3.472739446679572e-10
0.936880	3.5644486155498217e-09	0.9999999368203594	3.8290984072564864e-09	1.9084667200261434e-08	1.7073452354778104e-09	6.795134107850326e-09	1.3617575386348056e-08	8.952030368274427e-09	3.880699909342818e-09	1.7486413930733588e-09
EU482561_GQ398302	1.9874634875697144e-08	0.9999996477232738	2.135026786901719e-08	1.0641219252669222e-07	9.51980707867448e-09	3.788827498754375e-08	7.592880916146992e-08	4.991468643689862e-08	2.1637987267896812e-08	9.750065988958744e-09
FJ898438_GQ868515	5.157224535004968e-11	1.802050364094433e-10	0.9999999989609765	2.761266174471441e-10	2.4702734385671003e-11	9.831543702657416e-11	1.9713070236260372e-10	1.2952250300921504e-10	5.6147929018096387e-11	2.5300228079994723e-11
FJ898461	0.0	0.0	1.0	0.0	0.0	0.0	0.0	0.0	0.0	0.0
EU482444_GQ199898	2.6600739473793815e-13	9.294894802522701e-13	0.9999999999946413	1.424249063160935e-12	1.2741562777098079e-13	5.071067410086232e-13	1.0162531291245457e-12	6.680714277914382e-13	2.8960857175515847e-13	1.3049747421611034e-13
0.769894	2.0774919990772075e-10	7.259223056284442e-10	0.9999999958148632	1.1123247292899615e-09	9.951037169939991e-11	3.9604545511278604e-10	7.937286139884486e-10	5.217573170911757e-10	2.2618149066053376e-10	1.0191726393577876e-10
EU482687_GQ868604	1.8730958840724868e-09	6.545016990890196e-09	0.999999962266637	1.0028875553362068e-08	8.971994488328339e-10	3.5708012940934797e-09	7.155952604656014e-09	4.70423704910675e-09	2.039283999157682e-09	9.18900326349425e-10
EU482603_EU482634	2.5129848172001763e-11	8.78093239438907e-11	0.9999999994937613	1.3454950284976218e-10	1.2037016428733049e-11	4.7906620870821337e-11	9.600576253756834e-11	6.311303324853354e-11	2.735946286262936e-11	1.232815996379088e-11
KJ189370	0.0	0.0	1.0	0.0	0.0	0.0	0.0	0.0	0.0	0.0
KJ189305	0.0	0.0	0.0	0.0	0.0	0.0	1.0	0.0	0.0	0.0
EU482607	0.0	0.0	0.0	0.0	0.0	0.0	1.0	0.0	0.0	0.0
FJ898466_JN819408	2.3650827553941274e-07	8.304617198472646e-07	2.5508570845769916e-07	1.2663057363449128e-06	1.1328576196377641e-07	4.5087070210404123e-07	0.9999958799790004	5.93985071278874e-07	2.57492179699454e-07	1.1602584439243566e-07
GQ868553	0.0	0.0	0.0	0.0	0.0	0.0	1.0	0.0	0.0	0.0
0.997817	3.7107677707740882e-09	1.2966255727094222e-08	3.98628161317346e-09	1.9868084969365052e-08	1.7774310578519829e-09	7.074071578840603e-09	0.9999999354371762	9.319507547020581e-09	4.040001050601194e-09	1.820422405796756e-09
FJ639732	0.0	0.0	0.0	0.0	0.0	0.0	1.0	0.0	0.0	0.0
FJ850108_JN819407	1.3825817974703064e-08	4.831050834765255e-08	1.4852344267690095e-08	7.402579284423196e-08	6.622467313097057e-09	2.6357032299185844e-08	0.9999997594476707	3.4723222502306893e-08	1.5052496570425177e-08	6.782647251020673e-09
FJ024473	0.0	0.0	0.0	0.0	0.0	0.0	1.0	0.0	0.0	0.0
GQ868558_GU131947	5.3480938893064563e-08	1.8694486886860808e-07	5.7469450578434235e-08	2.8634608895160516e-07	2.5616984856960526e-08	1.0195410039206456e-07	0.9999990694088638	1.343161427565414e-07	5.8225969034447826e-08	2.623659184785698e-08
GQ868555	0.0	0.0	0.0	0.0	0.0	0.0	1.0	0.0	0.0	0.0
EU687216_FJ898453	1.1838168130799373e-07	0.9998471515434498	1.2717117182372967e-07	6.338357580789455e-07	5.670397341886736e-08	2.2567849537551333e-07	0.0001512024121699905	2.9731285828988607e-07	1.2888494953066332e-07	5.807549229738168e-08
FJ898451	0.0	1.0	0.0	0.0	0.0	0.0	0.0	0.0	0.0	0.0
FJ639706_FJ687442	3.358272336204997e-08	1.1734556509888999e-07	3.6076141475566007e-08	1.79807641565428e-07	1.6085882814085958e-08	6.402087210808834e-08	1.2829902079849335e-07	0.9999993717448861	3.656230894676243e-08	1.6474957699440417e-08
GQ868620	0.0	0.0	0.0	0.0	0.0	0.0	0.0	1.0	0.0	0.0
FJ639704_GU131927	3.991632251859517e-09	1.3947658062500186e-08	4.287999168025954e-09	2.13718814125248e-08	1.9119631230651566e-09	7.60950132435059e-09	1.5249582464773635e-08	0.9999999253257887	4.3457848853101464e-09	1.9582084452216203e-09
EU482451_GU131924	7.505382278458384e-10	2.6225488482692613e-09	8.0626347657036e-10	4.0185099701044085e-09	3.5950240992852387e-10	1.4307985501690594e-09	2.8673469589209513e-09	0.999999985959165	8.171288036117161e-10	3.681978207147513e-10
FJ810411	0.0	0.0	0.0	0.0	0.0	0.0	0.0	1.0	0.0	0.0
EU482554_EU677144	4.954908274375956e-08	0.9999991217454417	5.3227955927731544e-08	2.6529425901038087e-07	2.373365405684335e-08	9.445855403722331e-08	1.8929670343821193e-07	1.2444137685341763e-07	5.3945263812441636e-08	2.4307708265613453e-08
EU569714	0.0	1.0	0.0	0.0	0.0	0.0	0.0	0.0	0.0	0.0
EU482728	0.0	1.0	0.0	0.0	0.0	0.0	0.0	0.0	0.0	0.0
0.669891	1.436207171135323e-08	0.9999997454331294	1.5428413156227594e-08	7.689698701833745e-08	6.879328993830137e-09	2.737932675462482e-08	5.4868681058225416e-08	3.6070011375809115e-08	1.563632875645377e-08	7.045721735249728e-09
EU482551_EU482565	3.155062717618632e-10	0.9999999944076702	3.389316814422447e-10	1.6892745121650745e-09	1.5112523364932627e-10	6.014695847029428e-10	1.2053562567904248e-09	7.923867141391156e-10	3.434991754073833e-10	1.5478055264150425e-10
KC294222	0.0	0.0	0.0	0.0	0.0	0.0	1.0	0.0	0.0	0.0
FJ850072	0.0	0.0	0.0	0.0	0.0	0.0	1.0	0.0	0.0	0.0
GQ398291	0.0	1.0	0.0	0.0	0.0	0.0	0.0	0.0	0.0	0.0
GQ398286	0.0	1.0	0.0	0.0	0.0	0.0	0.0	0.0	0.0	0.0
GQ398308	0.0	1.0	0.0	0.0	0.0	0.0	0.0	0.0	0.0	0.0
GQ398314	0.0	1.0	0.0	0.0	0.0	0.0	0.0	0.0	0.0	0.0
GQ398297	0.0	1.0	0.0	0.0	0.0	0.0	0.0	0.0	0.0	0.0
GQ398296	0.0	1.0	0.0	0.0	0.0	0.0	0.0	0.0	0.0	0.0
EU482561	0.0	1.0	0.0	0.0	0.0	0.0	0.0	0.0	0.0	0.0
GQ398302	0.0	1.0	0.0	0.0	0.0	0.0	0.0	0.0	0.0	0.0
FJ898438	0.0	0.0	1.0	0.0	0.0	0.0	0.0	0.0	0.0	0.0
GQ868497_GQ868515	4.332891898168232e-09	1.5140095781464718e-08	0.9999999127142482	2.3199043894337188e-08	2.075424037789593e-09	8.260066197736373e-09	1.655332665449013e-08	1.0881957923489126e-08	4.717322371561244e-09	2.1256230463797693e-09
FJ898439	0.0	0.0	1.0	0.0	0.0	0.0	0.0	0.0	0.0	0.0
FJ850061_GQ199898	1.1651404348383569e-09	4.0712619185666765e-09	0.9999999765283415	6.2383610591137505e-09	5.580938834145489e-10	2.2211809912665616e-09	4.451288100467245e-09	2.9262232903218707e-09	1.2685160785103372e-09	5.715926957717046e-10
EU482444_FJ850066	2.5414769091179994e-10	8.880490151767953e-10	0.9999999948802156	1.360750181558849e-09	1.2173491498600729e-10	4.8449783661134e-10	9.709426936806034e-10	6.382860555610259e-10	2.766966303788264e-10	1.246793600400481e-10
FJ873808	0.0	0.0	1.0	0.0	0.0	0.0	0.0	0.0	0.0	0.0
GQ199894_GU369819	2.586896315133059e-09	9.039195740067883e-09	0.9999999478871858	1.3850685079459795e-08	1.2391047184828744e-09	4.931564255898661e-09	9.88294684212841e-09	6.496930344744551e-09	2.8164154904131226e-09	1.2690753785863858e-09
FJ850065	0.0	0.0	1.0	0.0	0.0	0.0	0.0	0.0	0.0	0.0
EU482687_JN819424	4.1262438191996073e-13	1.4418021060407526e-12	0.9999999999916875	2.2092614754782544e-12	1.9764410950958604e-13	7.866119879196205e-13	1.5763850837293714e-12	1.0362966046203403e-12	4.4923396974329186e-13	2.0242459685598698e-13
GQ868604	0.0	0.0	1.0	0.0	0.0	0.0	0.0	0.0	0.0	0.0
EU482634	0.0	0.0	1.0	0.0	0.0	0.0	0.0	0.0	0.0	0.0
EU482603	0.0	0.0	1.0	0.0	0.0	0.0	0.0	0.0	0.0	0.0
EU482693	0.0	0.0	1.0	0.0	0.0	0.0	0.0	0.0	0.0	0.0
JN819408	0.0	0.0	0.0	0.0	0.0	0.0	1.0	0.0	0.0	0.0
FJ898466	0.0	0.0	0.0	0.0	0.0	0.0	1.0	0.0	0.0	0.0
0.943380	8.486334104612863e-09	2.9653154128801743e-08	9.11641937630718e-09	4.5437283463765884e-08	4.06489296464403e-09	1.6178036084824665e-08	0.9999998523481624	2.131323209104498e-08	9.239273599500056e-09	4.163211955430914e-09
FJ639733	0.0	0.0	0.0	0.0	0.0	0.0	1.0	0.0	0.0	0.0
FJ850108_HQ332188	1.5290823700531688e-09	5.342956641588705e-09	1.6426122242524042e-09	8.186968393076512e-09	7.324194512930847e-10	2.9149865483074663e-09	0.9999999733958362	3.840255054482681e-09	1.6647483116901984e-09	7.50134737257601e-10
JN819407	0.0	0.0	0.0	0.0	0.0	0.0	1.0	0.0	0.0	0.0
GQ868558	0.0	0.0	0.0	0.0	0.0	0.0	1.0	0.0	0.0	0.0
GU131947	0.0	0.0	0.0	0.0	0.0	0.0	1.0	0.0	0.0	0.0
EU687216	0.0	1.0	0.0	0.0	0.0	0.0	0.0	0.0	0.0	0.0
EU920842_JX669476	8.630758886596921e-07	0.0015280410529600465	9.271567266227888e-07	4.6210558434714184e-06	4.134071395868901e-07	1.6453362192149496e-06	0.9984599582624709	2.167595159515354e-06	9.396512291596038e-07	4.234063629617264e-07
FJ898453	0.0	1.0	0.0	0.0	0.0	0.0	0.0	0.0	0.0	0.0
FJ639706_JN368476	1.540197770041744e-09	5.3817963403717875e-09	1.6545529096418537e-09	8.246482144699783e-09	7.377436478962097e-10	2.9361765391675577e-09	5.884152503119583e-09	0.9999999711864606	1.6768499117917665e-09	7.555877120699738e-10
FJ687442	0.0	0.0	0.0	0.0	0.0	0.0	0.0	1.0	0.0	0.0
0.999786	6.7019940044219305e-09	2.341826972338366e-08	7.199597282963229e-09	3.58836215493628e-08	3.2102068975640413e-09	1.2776435561838247e-08	2.5604214967758923e-08	0.9999998746211866	7.296620131347987e-09	3.2878532968987487e-09
FJ639704	0.0	0.0	0.0	0.0	0.0	0.0	0.0	1.0	0.0	0.0
0.999989	1.9593833274796436e-10	6.846524664770577e-10	2.104861757784077e-10	1.0490873275479031e-09	9.385305132617274e-11	3.7352965114511673e-10	7.485603819987118e-10	0.9999999963344469	2.1332271892339185e-10	9.61231079719243e-11
FJ639718_GU131924	1.395995743045686e-08	4.8779221261268574e-08	1.4996443076536074e-08	7.474399842035315e-08	6.68671914707545e-09	2.661275083781892e-08	5.3332448634592705e-08	0.9999997388414708	1.519853738344522e-08	6.848453166626288e-09
EU677144	0.0	1.0	0.0	0.0	0.0	0.0	0.0	0.0	0.0	0.0
EU482554	0.0	1.0	0.0	0.0	0.0	0.0	0.0	0.0	0.0	0.0
EU569719	0.0	1.0	0.0	0.0	0.0	0.0	0.0	0.0	0.0	0.0
EU482729	0.0	1.0	0.0	0.0	0.0	0.0	0.0	0.0	0.0	0.0
EU482551_EU677143	4.2467600768324995e-09	0.999999924726429	4.562069481170353e-09	2.2737879399392915e-08	2.0341675152129854e-09	8.095867652587914e-09	1.6224269650495826e-08	1.0665639843629992e-08	4.6235486109321974e-09	2.083368637832144e-09
EU482565	0.0	1.0	0.0	0.0	0.0	0.0	0.0	0.0	0.0	0.0
0.999666	1.8069633032624433e-09	6.313934925656066e-09	0.9999999635988726	9.674790410894837e-09	8.655224185445286e-10	3.444728567573566e-09	6.9033002457474144e-09	4.5381465998964e-09	1.9672838869286672e-09	8.864571126274695e-10
GQ868515	0.0	0.0	1.0	0.0	0.0	0.0	0.0	0.0	0.0	0.0
FJ850061_GQ199897	5.728860291105852e-10	2.001792234015447e-09	0.999999988459258	3.067329729921865e-09	2.7440828519921983e-10	1.0921289142275362e-09	2.1886466970419894e-09	1.4387900299039733e-09	6.237146333193198e-10	2.8104549456709546e-10
GQ199898	0.0	0.0	1.0	0.0	0.0	0.0	0.0	0.0	0.0	0.0
FJ744704_FJ850066	1.4608881544524897e-10	5.104670761282698e-10	0.9999999970570527	7.821844905521037e-10	6.997549127765136e-11	2.784983596837006e-10	5.58115902905537e-10	3.6689868571141615e-10	1.5905036486742219e-10	7.166801300997637e-11
EU482444_FJ882594	1.930412960139971e-09	6.745295705762507e-09	0.9999999611119894	1.0335760976501005e-08	9.246539157897783e-10	3.680068465697337e-09	7.3749257870658e-09	4.848187561771853e-09	2.1016864618916193e-09	9.470188441208131e-10
GQ199894_KJ189308	2.5717142822276715e-09	8.986146313015373e-09	0.9999999481930267	1.3769397880043103e-08	1.23183263397791e-09	4.902621785197342e-09	9.824945423403507e-09	6.458801019768939e-09	2.799886450420078e-09	1.2616274016248027e-09
GU369819	0.0	0.0	1.0	0.0	0.0	0.0	0.0	0.0	0.0	0.0
EU482687	0.0	0.0	1.0	0.0	0.0	0.0	0.0	0.0	0.0	0.0
0.927124	3.701794575639322e-11	1.293490023650916e-10	0.9999999992542766	1.9820040948721025e-10	1.7731329619575654e-11	7.056965408744434e-11	1.4142290192831828e-10	9.296971574697553e-11	4.03023171982894e-11	1.8160203503505565e-11
EU596500	0.0	0.0	1.0	0.0	0.0	0.0	0.0	0.0	0.0	0.0
EU482605_FJ850106	3.3333648622022025e-10	1.1647524211197477e-09	3.5808573671176293e-10	1.7847405283007972e-09	1.5966577806066089e-10	6.354604515898202e-10	0.9999999942003528	8.371668859187659e-10	3.629113535855882e-10	1.6352767019377922e-10
HQ332189	0.0	0.0	0.0	0.0	0.0	0.0	1.0	0.0	0.0	0.0
0.992017	4.911365000859463e-09	1.7161410503336603e-08	5.2760193597110325e-09	2.6296287771273223e-08	2.3525084910268557e-09	9.362846104121657e-09	0.9999999145482538	1.233477975964373e-08	5.3471197846528185e-09	2.409409438399179e-09
FJ850108	0.0	0.0	0.0	0.0	0.0	0.0	1.0	0.0	0.0	0.0
0.975597	5.342286394483663e-10	0.0004256814555470592	5.738935395221011e-10	2.8603514575136736e-09	2.558916737469272e-10	1.0184338844077042e-09	0.9995743111162425	1.3417028886544926e-09	5.816274145828362e-10	2.6208101534396187e-10
EU920842	0.0	0.0	0.0	0.0	0.0	0.0	1.0	0.0	0.0	0.0
GQ868638_JN368476	1.8345149077835165e-08	6.410206409271213e-08	1.9707222263880492e-08	9.822306411216476e-08	8.787194388364221e-09	3.497251935925804e-08	7.008558054432194e-08	0.9999996568046732	1.997279973476456e-08	8.99973333874414e-09
0.787217	1.5383182374423988e-09	5.3752288320546635e-09	1.652533827293144e-09	8.23641880587255e-09	7.368433653070828e-10	2.9325934671555468e-09	5.876971960033332e-09	0.9999999712216221	1.674803619987737e-09	7.546656540303354e-10
GU131927	0.0	0.0	0.0	0.0	0.0	0.0	0.0	1.0	0.0	0.0
FJ639710	0.0	0.0	0.0	0.0	0.0	0.0	0.0	1.0	0.0	0.0
0.998289	1.3414489346143121e-08	4.6873233473823756e-08	1.4410475596532774e-08	7.182346905374141e-08	6.4254438601220955e-09	2.5572890487947575e-08	5.124854911459825e-08	0.9999997490459174	1.4604673318155778e-08	6.580858322736441e-09
EU482451_FM210214	5.506353119974733e-17	1.9240432395296624e-16	5.915183590950641e-17	2.9481955869247163e-16	2.6375035182817692e-17	1.0497109632098546e-16	2.103640332701008e-16	0.999999999999999	5.994897488569734e-17	2.7012977402624773e-17
0.999977	5.21898046171261e-13	1.8236287894739337e-12	5.606474360793643e-13	2.7943313532965056e-12	2.49985408303672e-13	9.949272936318502e-13	1.9938528379174403e-12	0.9999999999902365	5.682028046715423e-13	2.56031892988421e-13
GU131924	0.0	0.0	0.0	0.0	0.0	0.0	0.0	1.0	0.0	0.0
EU482551_EU677146	7.696342309899258e-14	0.9999999999986359	8.267773015992871e-14	4.1207532352394954e-13	3.686492580111403e-14	1.4672024701812403e-13	2.940301093049335e-13	1.93291859454189e-13	8.379190760108705e-14	3.775659068177009e-14
EU677143	0.0	1.0	0.0	0.0	0.0	0.0	0.0	0.0	0.0	0.0
GU131959	0.0	0.0	1.0	0.0	0.0	0.0	0.0	0.0	0.0	0.0
GQ868497	0.0	0.0	1.0	0.0	0.0	0.0	0.0	0.0	0.0	0.0
0.657937	1.5567230736919128e-09	5.439539456507841e-09	0.9999999686399415	8.334961445304903e-09	7.456591494211455e-10	2.9676797719497543e-09	5.947285568709799e-09	3.909674043241575e-09	1.694841402564648e-09	7.636946686044936e-10
FJ850061	0.0	0.0	1.0	0.0	0.0	0.0	0.0	0.0	0.0	0.0
FJ744744_FJ850066	8.065677769025955e-11	2.8183286552080567e-10	0.9999999983751758	4.318501753535963e-10	3.863401607129517e-11	1.5376112275021327e-10	3.0814015548590073e-10	2.0256763420307757e-10	8.781295050937141e-11	3.956847055834133e-11
FJ744704	0.0	0.0	1.0	0.0	0.0	0.0	0.0	0.0	0.0	0.0
0.999943	1.552074409579022e-13	5.423295981808033e-13	0.9999999999968734	8.31007170299433e-13	7.434324727649421e-14	2.958817729183409e-13	5.929525869852889e-13	3.8979990306943436e-13	1.689780291479258e-13	7.614141345396078e-14
FJ882594	0.0	0.0	1.0	0.0	0.0	0.0	0.0	0.0	0.0	0.0
0.985676	6.982874442678481e-09	2.4399728951603535e-08	0.9999998593305673	3.738750342994448e-08	3.3447466061473468e-09	1.3311895727514006e-08	2.6677287118626594e-08	1.753732787618337e-08	7.602421339008327e-09	3.425647164566617e-09
KJ189308	0.0	0.0	1.0	0.0	0.0	0.0	0.0	0.0	0.0	0.0
FJ205885_JF357906	3.6722794911192065e-09	1.2831767913540133e-08	0.999999926022231	1.9662012140844077e-08	1.7589954488762133e-09	7.000698934136331e-09	1.4029531129134241e-08	9.222845121648517e-09	3.99809794594824e-09	1.8015408882854347e-09
FJ744708_JN819424	2.2803300733942645e-10	7.967984555321338e-10	0.9999999954062938	1.2209277016261419e-09	1.0922616948781334e-10	4.3471376165393413e-10	8.711744796863369e-10	5.726996309516467e-10	2.482649538132788e-10	1.1186806113046309e-10
FJ850106	0.0	0.0	0.0	0.0	0.0	0.0	1.0	0.0	0.0	0.0
GQ868641	0.0	0.0	0.0	0.0	0.0	0.0	1.0	0.0	0.0	0.0
EU482605	0.0	0.0	0.0	0.0	0.0	0.0	1.0	0.0	0.0	0.0
HQ332186	0.0	0.0	0.0	0.0	0.0	0.0	1.0	0.0	0.0	0.0
HQ332188	0.0	0.0	0.0	0.0	0.0	0.0	1.0	0.0	0.0	0.0
EU920846_GQ199890	3.900672498572172e-08	0.0003858784363754559	4.1902859214616496e-08	2.0884867344617106e-07	1.8683940558276895e-08	7.436098986803036e-08	0.9996135791925436	9.796448884570232e-08	4.2467548404397704e-08	1.913585557684929e-08
GU131881_JX669476	1.7228477694082474e-15	4.526190302970722e-11	1.8507641324965264e-15	9.224421463794159e-15	8.252316831614682e-16	3.2843737989287903e-15	0.9999999999547143	4.32689237947605e-15	1.8757053063935823e-15	8.451918511067275e-16
GQ199892	0.0	1.0	0.0	0.0	0.0	0.0	0.0	0.0	0.0	0.0
JF730047_JN368476	2.477525777448737e-08	8.657030559061904e-08	2.6614747557253006e-08	1.3265096524721442e-07	1.1867170180115153e-08	4.723064274226734e-08	9.46510882464345e-08	0.9999995365122053	2.6973411870763483e-08	1.215420558443048e-08
GQ868638	0.0	0.0	0.0	0.0	0.0	0.0	0.0	1.0	0.0	0.0
0.738034	1.0466852484287323e-08	3.657352938098472e-08	1.1243985395589999e-08	5.604131742155593e-08	5.0135470158097606e-09	1.9953623684612375e-08	3.998743371997833e-08	0.9999998041893884	1.139551102228835e-08	5.134811434613511e-09
GQ868622	0.0	0.0	0.0	0.0	0.0	0.0	0.0	1.0	0.0	0.0
EU687249_FJ639707	9.94355767812192e-08	3.474501999891997e-07	1.0681837494208499e-07	5.323950757648638e-07	4.762892569520607e-08	1.8956033658956483e-07	3.798824471746201e-07	0.9999981397902444	1.0825787531820135e-07	4.87809432138337e-08
FJ744724	0.0	0.0	0.0	0.0	0.0	0.0	0.0	1.0	0.0	0.0
EU482649_FM210214	1.765461635200275e-08	6.168918792247126e-08	1.8965419520783433e-08	9.452583385727772e-08	8.456434182073629e-09	3.365611309731313e-08	6.744747786281847e-08	0.9999996697229437	1.922100034709889e-08	8.660972919420186e-09
EU482451_FJ024461	5.226538106536607e-10	1.8262696000274076e-09	5.614593138444677e-10	2.798377845526877e-09	2.5034741405192144e-10	9.963680553220184e-10	1.9967401511945922e-09	0.9999999902223555	5.690256234226779e-10	2.56402654696578e-10
EU482469_EU660413	1.5128332634192284e-11	5.286178618763774e-11	1.625156669149978e-11	8.099967898509841e-11	7.2463624615128464e-12	2.8840098473869635e-11	5.779609480612061e-11	0.9999999997169841	1.6470575231721247e-11	7.421632770052029e-12
EU482468	0.0	0.0	0.0	0.0	0.0	0.0	0.0	1.0	0.0	0.0
EU482784	0.0	0.0	0.0	0.0	0.0	0.0	0.0	1.0	0.0	0.0
GU131932	0.0	0.0	0.0	0.0	0.0	0.0	0.0	1.0	0.0	0.0
0.998575	5.771400752634526e-10	2.016656825084589e-09	6.199910228231165e-10	3.090106620217843e-09	2.764459426924197e-10	1.1002386717882468e-09	2.2048988023272025e-09	0.9999999892030436	6.283461144543695e-10	2.831324375962352e-10
FJ639718	0.0	0.0	0.0	0.0	0.0	0.0	0.0	1.0	0.0	0.0
EU677146	0.0	1.0	0.0	0.0	0.0	0.0	0.0	0.0	0.0	0.0
EU482552_EU482556	5.4271249742062e-09	0.9999999038045312	5.830072989145717e-09	2.905775483341514e-08	2.5995538066199055e-09	1.034607200084616e-08	2.0733721099240848e-08	1.36300990199631e-08	5.908639923581964e-09	2.662430125624151e-09
EU529706_EU596490	7.75211885183288e-08	0.9999986259415244	8.327690801579286e-08	4.15061694924398e-07	3.713209142304603e-08	1.4778355055645443e-07	2.9616098941148745e-07	1.9469267442189225e-07	8.439916006723567e-08	3.8030218332235115e-08
EU482551_EU482721	1.5977734954449236e-08	0.9999997167955942	1.716403462761398e-08	8.55475242059597e-08	7.653220060235952e-09	3.045936790378534e-08	6.104114092039985e-08	4.0127712293141356e-08	1.73953397220373e-08	7.838331176109638e-09
FJ850121	0.0	0.0	1.0	0.0	0.0	0.0	0.0	0.0	0.0	0.0
GQ199897	0.0	0.0	1.0	0.0	0.0	0.0	0.0	0.0	0.0	0.0
0.993125	1.1099146186552215e-09	3.878290534495401e-09	0.9999999776408611	5.942672598878963e-09	5.31641114892564e-10	2.1159005208053525e-09	4.240304075646164e-09	2.787524928553537e-09	1.208390420106866e-09	5.445001048663944e-10
FJ850066	0.0	0.0	1.0	0.0	0.0	0.0	0.0	0.0	0.0	0.0
FJ906956	0.0	0.0	1.0	0.0	0.0	0.0	0.0	0.0	0.0	0.0
EU482444_FJ906961	1.2852028120998694e-20	4.490786784223914e-20	1.0	6.881195550628719e-20	6.156028981001101e-21	2.4500635037651896e-20	4.909972920963787e-20	3.227757177679226e-20	1.3992308416637866e-20	6.304927011510459e-21
EU482762	0.0	0.0	1.0	0.0	0.0	0.0	0.0	0.0	0.0	0.0
KJ189309	0.0	0.0	1.0	0.0	0.0	0.0	0.0	0.0	0.0	0.0
GQ199894	0.0	0.0	1.0	0.0	0.0	0.0	0.0	0.0	0.0	0.0
JF357906	0.0	0.0	1.0	0.0	0.0	0.0	0.0	0.0	0.0	0.0
FJ205885	0.0	0.0	1.0	0.0	0.0	0.0	0.0	0.0	0.0	0.0
0.999974	1.4772752056616493e-11	5.161930792391917e-11	0.999999999702404	7.909583978923899e-11	7.076041923771325e-12	2.8162232702363296e-11	5.6437639167305746e-11	3.710142557726845e-11	1.6083446207292993e-11	7.24719262977074e-12
JN819424	0.0	0.0	1.0	0.0	0.0	0.0	0.0	0.0	0.0	0.0
0.541063	1.4820451796947166e-06	0.0011751698179850714	1.5920826610585972e-06	7.93512323528401e-06	7.098889756120996e-07	2.8253165737852315e-06	0.9988042230060381	3.7221222373366503e-06	1.6135378048074585e-06	7.27059309064909e-07
GQ199890	0.0	0.0	0.0	0.0	0.0	0.0	1.0	0.0	0.0	0.0
JX669476	0.0	0.0	0.0	0.0	0.0	0.0	1.0	0.0	0.0	0.0
GU131881_HM181971	5.661704082756028e-08	1.978337699429627e-07	6.082068904307825e-08	3.031373147992289e-07	2.711915511478821e-08	1.0793265009757071e-07	0.9999990149315766	1.4219239032906414e-07	6.164031773337277e-08	2.77750956241867e-08
0.982999	1.723329747625274e-08	6.021795281273112e-08	1.8512818961739426e-08	9.227002057558252e-08	8.254625472588927e-09	3.285292624524276e-08	0.9999997001607465	4.3281028566356435e-08	1.876230047531654e-08	8.454282991949888e-09
JX669477	0.0	0.0	0.0	0.0	0.0	0.0	1.0	0.0	0.0	0.0
JX567950	0.0	0.0	0.0	0.0	0.0	0.0	1.0	0.0	0.0	0.0
JF730047	0.0	0.0	0.0	0.0	0.0	0.0	0.0	1.0	0.0	0.0
JN368476	0.0	0.0	0.0	0.0	0.0	0.0	0.0	1.0	0.0	0.0
FJ639706	0.0	0.0	0.0	0.0	0.0	0.0	0.0	1.0	0.0	0.0
GQ868623	0.0	0.0	0.0	0.0	0.0	0.0	0.0	1.0	0.0	0.0
EU687249	0.0	0.0	0.0	0.0	0.0	0.0	0.0	1.0	0.0	0.0
FJ639707	0.0	0.0	0.0	0.0	0.0	0.0	0.0	1.0	0.0	0.0
EU482649_EU482669	3.907631527282511e-08	1.365414069680185e-07	4.197761637518984e-08	2.0922127173919877e-07	1.8717273804996504e-08	7.449365423901005e-08	1.492866713597774e-07	0.9999992689724821	4.254331300363338e-08	1.9169995066489844e-08
FM210214	0.0	0.0	0.0	0.0	0.0	0.0	0.0	1.0	0.0	0.0
EU482464_FJ024461	1.507575903271229e-09	5.267808223639937e-09	1.6195089655244424e-09	8.071819093575814e-09	7.22118008474714e-10	2.873987408824355e-09	5.759524326954289e-09	0.9999999717967403	1.6413337102489362e-09	7.39584129831365e-10
EU482451_FJ410221	1.5046102099720074e-08	5.2574454263064595e-08	1.6163230782489402e-08	8.055940264691374e-08	7.206974627268457e-09	2.8683337198910793e-08	5.7481942289697735e-08	0.9999997185222149	1.6381048894806358e-08	7.381292248456244e-09
EU482469_EU482776	1.3449409917519045e-11	4.699525377984559e-11	1.4447988917289516e-11	7.201043976226703e-11	6.4421705625070736e-12	2.563946178444123e-11	5.138195923339517e-11	0.9999999997483927	1.4642692174026387e-11	6.597989599734329e-12
EU660413	0.0	0.0	0.0	0.0	0.0	0.0	0.0	1.0	0.0	0.0
KF955402	0.0	0.0	0.0	0.0	0.0	0.0	0.0	1.0	0.0	0.0
GQ868631	0.0	0.0	0.0	0.0	0.0	0.0	0.0	1.0	0.0	0.0
0.868340	1.7423398984842406e-08	0.999999691171285	1.8717034946389127e-08	9.328785654883075e-08	8.345682727147678e-09	3.321532878888896e-08	6.656413789427378e-08	4.375846411431902e-08	1.8969268505078992e-08	8.547542680238116e-09
EU482556	0.0	1.0	0.0	0.0	0.0	0.0	0.0	0.0	0.0	0.0
EU596490	0.0	1.0	0.0	0.0	0.0	0.0	0.0	0.0	0.0	0.0
EU529706	0.0	1.0	0.0	0.0	0.0	0.0	0.0	0.0	0.0	0.0
EU482551_EU596489	8.098804655316349e-08	0.9999985644916708	8.700117002968702e-08	4.3362384547321895e-07	3.879269147266687e-08	1.5439264156054692e-07	3.094057309508028e-07	2.033996083007943e-07	8.817361079231987e-08	3.9730983897258075e-08
EU482721	0.0	1.0	0.0	0.0	0.0	0.0	0.0	0.0	0.0	0.0
FJ744744	0.0	0.0	1.0	0.0	0.0	0.0	0.0	0.0	0.0	0.0
FJ850120	0.0	0.0	1.0	0.0	0.0	0.0	0.0	0.0	0.0	0.0
EU482444	0.0	0.0	1.0	0.0	0.0	0.0	0.0	0.0	0.0	0.0
FJ906961	0.0	0.0	1.0	0.0	0.0	0.0	0.0	0.0	0.0	0.0
FJ744741	0.0	0.0	1.0	0.0	0.0	0.0	0.0	0.0	0.0	0.0
FJ410291	0.0	0.0	1.0	0.0	0.0	0.0	0.0	0.0	0.0	0.0
EU482635	0.0	0.0	1.0	0.0	0.0	0.0	0.0	0.0	0.0	0.0
EU482639	0.0	0.0	1.0	0.0	0.0	0.0	0.0	0.0	0.0	0.0
0.982727	4.502268213190806e-11	1.5731934602441215e-10	0.9999999990930218	2.410591363842911e-10	2.1565540737774942e-11	8.582958992501591e-11	1.7200409773119205e-10	1.1307342626507101e-10	4.90172639059675e-11	2.208715402982313e-11
HQ705625	0.0	0.0	1.0	0.0	0.0	0.0	0.0	0.0	0.0	0.0
EU920850	0.0	1.0	0.0	0.0	0.0	0.0	0.0	0.0	0.0	0.0
EU920846	0.0	0.0	0.0	0.0	0.0	0.0	1.0	0.0	0.0	0.0
HM181971	0.0	0.0	0.0	0.0	0.0	0.0	1.0	0.0	0.0	0.0
GU131881	0.0	0.0	0.0	0.0	0.0	0.0	1.0	0.0	0.0	0.0
JX286520_KC294211	6.301039252090065e-10	2.2017246231832036e-09	6.768872823410584e-10	3.373684126552454e-09	3.018152456647265e-10	1.201207012775983e-09	0.9999999890369621	1.5824914543675792e-09	6.860091164641352e-10	3.091153567908874e-10
JX669478	0.0	0.0	0.0	0.0	0.0	0.0	1.0	0.0	0.0	0.0
EU482649	0.0	0.0	0.0	0.0	0.0	0.0	0.0	1.0	0.0	0.0
EU482669	0.0	0.0	0.0	0.0	0.0	0.0	0.0	1.0	0.0	0.0
EU482467_FJ024461	4.876423170261034e-11	1.703931591272446e-10	5.238483201272048e-11	2.610920323723624e-10	2.3357716056272894e-11	9.29623427982594e-11	1.862982674152561e-10	0.999999999087734	5.309077783361497e-11	2.392267732086562e-11
EU482464_EU482705	5.129579104140635e-09	1.7923899506466268e-08	5.510435216228051e-09	2.746464338211214e-08	2.4570314761320014e-09	9.778841467205644e-09	1.959698053890895e-08	0.9999999040374339	5.584694664292357e-09	2.5164605575779538e-09
EU482451_EU482661	1.7450393745050968e-09	6.097558834448687e-09	1.874603398788686e-09	9.343239110951532e-09	8.358613023021181e-10	3.326679060966714e-09	6.666726834215647e-09	0.9999999673543478	1.8998658341991516e-09	8.560785725709677e-10
FJ410221	0.0	0.0	0.0	0.0	0.0	0.0	0.0	1.0	0.0	0.0
EU482469_FM210211	6.168201909910684e-09	2.1553080462213548e-08	6.626172700551669e-09	3.3025607428066163e-08	2.9545243257004205e-09	1.1758833890687564e-08	2.356492225473372e-08	0.9999998846072027	6.71546799361176e-09	3.02598644105863e-09
EU482776	0.0	0.0	0.0	0.0	0.0	0.0	0.0	1.0	0.0	0.0
KF955364	0.0	1.0	0.0	0.0	0.0	0.0	0.0	0.0	0.0	0.0
EU482552	0.0	1.0	0.0	0.0	0.0	0.0	0.0	0.0	0.0	0.0
EU482551	0.0	1.0	0.0	0.0	0.0	0.0	0.0	0.0	0.0	0.0
EU596489	0.0	1.0	0.0	0.0	0.0	0.0	0.0	0.0	0.0	0.0
FJ744708	0.0	0.0	1.0	0.0	0.0	0.0	0.0	0.0	0.0	0.0
FJ850050	0.0	0.0	1.0	0.0	0.0	0.0	0.0	0.0	0.0	0.0
JX286520	0.0	0.0	0.0	0.0	0.0	0.0	1.0	0.0	0.0	0.0
KC294211	0.0	0.0	0.0	0.0	0.0	0.0	1.0	0.0	0.0	0.0
JX286525	0.0	0.0	0.0	0.0	0.0	0.0	1.0	0.0	0.0	0.0
0.951478	6.37901065052536e-11	2.228969346791067e-10	6.852633368101197e-11	3.4154313461304005e-10	3.0555001953806266e-11	1.2160711941989702e-10	2.4370293358948287e-10	0.9999999988066345	6.94498047894348e-11	3.1294046494884995e-11
0.985118	1.888458158984524e-08	6.598696223727618e-08	2.0286706048146386e-08	1.0111127799293219e-07	9.045578679618806e-09	3.6000873715455605e-08	7.214642183856828e-08	0.9999996467131378	2.0560092729064366e-08	9.264367261409019e-09
0.824700	1.24974617211288e-09	4.366893334281647e-09	1.3425361376332156e-09	6.691354639123029e-09	5.986194227082225e-10	2.3824702657327217e-09	4.774514812278174e-09	0.9999999766201386	1.3606283551577817e-09	6.130984404875392e-10
EU482705	0.0	0.0	0.0	0.0	0.0	0.0	0.0	1.0	0.0	0.0
EU482451_FJ410224	8.456203771640759e-10	2.954787196609232e-09	9.084051949064585e-10	4.5275960510505396e-09	4.0504607519817774e-10	1.6120596723133073e-09	3.2305976256828778e-09	0.9999999841803976	9.206469990009592e-10	4.148430665782843e-10
EU482661	0.0	0.0	0.0	0.0	0.0	0.0	0.0	1.0	0.0	0.0
EU482469_FJ432726	2.1293795177675473e-10	7.440529468935296e-10	2.287479663575006e-10	1.1401061937704004e-09	1.0199574650408208e-10	4.0593710136871214e-10	8.135055161925013e-10	0.9999999960164233	2.3183060812008135e-10	1.044627533719282e-10
FM210211	0.0	0.0	0.0	0.0	0.0	0.0	0.0	1.0	0.0	0.0
0.999997	7.445748530632827e-11	2.6017114797148616e-10	7.998573388069642e-11	3.9865810421296803e-10	3.5664599632279866e-11	1.4194301912015423e-10	2.844564555689148e-10	0.9999999986070726	8.106363357789398e-11	3.6527231803203735e-11
EU482467_FM210207	1.4153766241720825e-14	4.945643270221484e-14	1.5204641620144104e-14	7.578168392585188e-14	6.7795521729357805e-15	2.6982220847311134e-14	5.407287341906347e-14	0.9999999999997352	1.54095416417254e-14	6.943531577418931e-15
FJ024461	0.0	0.0	0.0	0.0	0.0	0.0	0.0	1.0	0.0	0.0
EU482676	0.0	0.0	0.0	0.0	0.0	0.0	0.0	1.0	0.0	0.0
0.971945	1.0564648569830618e-08	3.691525083099391e-08	1.1349042551907567e-08	5.6564934380975676e-08	5.060390637000517e-09	2.0140058555237375e-08	4.0361052675113744e-08	0.99999980235985	1.1501983944536781e-08	5.1827880788876156e-09
EU482464	0.0	0.0	0.0	0.0	0.0	0.0	0.0	1.0	0.0	0.0
0.999682	1.4527354017955284e-08	5.076183215548879e-08	1.5605967186378754e-08	7.778193674150948e-08	6.9584980292469294e-09	2.7694414881892588e-08	5.550012353682288e-08	0.9999997282267924	1.581627553123639e-08	7.126805659873064e-09
EU482451	0.0	0.0	0.0	0.0	0.0	0.0	0.0	1.0	0.0	0.0
0.497767	6.287791935252897e-09	2.1970954824357475e-08	6.754641932388525e-09	3.36659128666606e-08	3.011807087215894e-09	1.1986815928811631e-08	2.4021802507810858e-08	0.9999998823699497	6.845668496006223e-09	3.0846547208031622e-09
EU482541_FJ432726	2.832259023923757e-10	9.896548057932019e-10	3.042545899001945e-10	1.5164398965023228e-09	1.356631690253545e-10	5.399314724800022e-10	1.0820327330205344e-09	0.9999999947014983	3.08354770200016e-10	1.3894450164137612e-10
0.571107	1.2899716237729768e-10	4.507450081437724e-10	1.3857482103815529e-10	6.906728583514913e-10	6.178871245730214e-11	2.4591545914336954e-10	4.928191630073112e-10	0.9999999975867615	1.4044227602530372e-10	6.328321770102262e-11
EU482670	0.0	0.0	0.0	0.0	0.0	0.0	0.0	1.0	0.0	0.0
EU482642_FM210207	2.4180271731396458e-14	8.449129095265333e-14	2.5975585556151242e-14	1.2946530826462985e-13	1.1582176147260971e-14	4.6096383171947155e-14	9.237801092943534e-14	0.9999999999995478	2.6325636427063628e-14	1.1862318301019832e-14
EU482645_EU677148	7.165317515773861e-19	2.5037225955046332e-18	7.697321197855042e-19	3.836433483041096e-18	3.432135525217872e-19	1.365969851062138e-18	2.7374290377621212e-18	1.0	7.801051448061608e-19	3.5151497900504985e-19
0.995670	1.8676862301643016e-10	6.526114447100252e-10	2.006356421573456e-10	9.99991134160266e-10	8.946082635411087e-11	3.560488528292113e-10	7.135285364012313e-10	0.999999996505991	2.0333943803988406e-10	9.162464671508984e-11
EU482658	0.0	0.0	0.0	0.0	0.0	0.0	0.0	1.0	0.0	0.0
EU482659	0.0	0.0	0.0	0.0	0.0	0.0	0.0	1.0	0.0	0.0
FJ410215	0.0	0.0	0.0	0.0	0.0	0.0	0.0	1.0	0.0	0.0
FJ410224	0.0	0.0	0.0	0.0	0.0	0.0	0.0	1.0	0.0	0.0
EU482469	0.0	0.0	0.0	0.0	0.0	0.0	0.0	1.0	0.0	0.0
FJ410259	0.0	0.0	0.0	0.0	0.0	0.0	0.0	1.0	0.0	0.0
0.987935	7.330938647373793e-09	2.5615943323211713e-08	7.875239209760367e-09	3.925109868054092e-08	3.51146685537031e-09	1.3975432561438059e-08	2.8007027299482107e-08	0.9999998628550865	7.981367109670875e-09	3.5963999348891313e-09
EU482541	0.0	0.0	0.0	0.0	0.0	0.0	0.0	1.0	0.0	0.0
EU482474_FJ562098	1.1835273405193173e-12	4.135509889593063e-12	1.271400753192785e-12	6.3368076952169895e-12	5.669010789153109e-13	2.2562331138825166e-12	4.5215332074130035e-12	0.9999999999778592	1.2885343396511818e-12	5.806129139967619e-13
EU482656	0.0	0.0	0.0	0.0	0.0	0.0	0.0	1.0	0.0	0.0
FM210207	0.0	0.0	0.0	0.0	0.0	0.0	0.0	1.0	0.0	0.0
FM210246	0.0	0.0	0.0	0.0	0.0	0.0	0.0	1.0	0.0	0.0
FJ024452_FJ410195	3.048293912833087e-11	1.0651422397539293e-10	3.274620740935653e-11	1.6321086689596871e-10	1.4601108473571815e-11	5.811155713532299e-11	1.164566434669936e-10	0.9999999994297346	3.318750019168645e-11	1.495427060157317e-11
EU482642	0.0	0.0	0.0	0.0	0.0	0.0	0.0	1.0	0.0	0.0
0.990013	1.8132184454481866e-12	6.335791794935005e-12	1.947844564566059e-12	9.708281511421427e-12	8.685185866366916e-13	3.456653141217404e-12	6.927197313236844e-12	0.9999999999660791	1.9740940088665304e-12	8.895257500873655e-13
FJ410241_FJ461309	3.248140446782125e-09	1.1349730995281106e-08	3.4893052903219686e-09	1.7391099194449554e-08	1.5558358989335005e-09	6.192135816106539e-09	1.2409155572208753e-08	0.9999999392348018	3.5363276896097943e-09	1.5934674471055305e-09
0.888122	7.130610056599806e-09	2.4915950310840283e-08	7.660036812252306e-09	3.817850516104389e-08	3.4155109020439383e-09	1.3593533483413074e-08	2.7241694430043384e-08	0.9999998666027712	7.763264612509341e-09	3.4981230612893098e-09
0.748228	7.369652889659938e-11	2.5751219565982924e-10	7.916827870298024e-11	3.9458381351616095e-10	3.530010698820327e-11	1.4049235973014969e-10	2.8154930711683664e-10	0.9999999986213084	8.023516225210008e-11	3.615392304779861e-11
EU482467_EU482679	1.910632947989154e-08	6.676179908378322e-08	2.052491806469352e-08	1.0229855410218282e-07	9.151794323153735e-09	3.6423605760020375e-08	7.29935847339165e-08	0.9999996425647476	2.080151492632808e-08	9.373151979940256e-09
FJ205879_GU131899	1.4265740630138831e-10	4.984769632142334e-10	1.53249297764874e-10	7.638121394252483e-10	6.833187099170096e-11	2.7195684714520644e-10	5.4500658987067e-10	0.9999999973312096	1.5531450819230946e-10	6.998463790411877e-11
FJ432726	0.0	0.0	0.0	0.0	0.0	0.0	0.0	1.0	0.0	0.0
FJ410228	0.0	0.0	0.0	0.0	0.0	0.0	0.0	1.0	0.0	0.0
0.868578	3.788477901010134e-11	1.3237791210854127e-10	4.069761206095169e-11	2.0284158290544101e-10	1.8146536509981053e-11	7.222215320957916e-11	1.4473454096507238e-10	0.9999999992912634	4.124605916006307e-11	1.858545314848962e-11
EU482474	0.0	0.0	0.0	0.0	0.0	0.0	0.0	1.0	0.0	0.0
FJ410217	0.0	0.0	0.0	0.0	0.0	0.0	0.0	1.0	0.0	0.0
0.627208	1.031643485985988e-08	3.604793647569886e-08	1.1082399706402114e-08	5.5235955747739544e-08	4.9414980561816904e-09	1.96668730422522e-08	3.94127800887995e-08	0.9999998070033542	1.123174778021701e-08	5.06101980154742e-09
FJ205877_FJ410195	1.7781185547046476e-09	6.2131449068370504e-09	1.910138610507796e-09	9.520350696348459e-09	8.517059915650893e-10	3.3897399968582025e-09	6.793102124946691e-09	0.9999999667355126	1.9358799237392615e-09	8.723065028863401e-10
EU677148	0.0	0.0	0.0	0.0	0.0	0.0	0.0	1.0	0.0	0.0
EU482652_FJ461311	8.550996904960918e-10	2.987910042773395e-09	9.18588319281758e-10	4.578349915039296e-09	4.0958659806682414e-10	1.6301306875778793e-09	3.2668122770447778e-09	0.9999999840030616	9.309673526813874e-10	4.1949341266490297e-10
FJ024454_FJ859028	2.134102536217439e-08	7.457032754359771e-08	2.2925533522080886e-08	1.1426349785845133e-07	1.0222197568893602e-08	4.068374802834442e-08	8.153098923170984e-08	0.999999600758754	2.3234481436197694e-08	1.0469445444136432e-08
0.700339	1.1524447447958997e-08	4.026900331023834e-08	1.2380103664556273e-08	6.170386164404659e-08	5.520127392480904e-09	2.1969783934078498e-08	4.4027856433099575e-08	0.9999997844042318	1.254693979074852e-08	5.653644648399913e-09
FJ461309	0.0	0.0	0.0	0.0	0.0	0.0	0.0	1.0	0.0	0.0
EU482654	0.0	0.0	0.0	0.0	0.0	0.0	0.0	1.0	0.0	0.0
FJ547067	0.0	0.0	0.0	0.0	0.0	0.0	0.0	1.0	0.0	0.0
EU482645	0.0	0.0	0.0	0.0	0.0	0.0	0.0	1.0	0.0	0.0
FJ410223	0.0	0.0	0.0	0.0	0.0	0.0	0.0	1.0	0.0	0.0
EU482467	0.0	0.0	0.0	0.0	0.0	0.0	0.0	1.0	0.0	0.0
EU482679	0.0	0.0	0.0	0.0	0.0	0.0	0.0	1.0	0.0	0.0
0.962297	6.490670800573998e-09	2.2679859067800372e-08	6.972583954803456e-09	3.4752160992030936e-08	3.1089846036974146e-09	1.2373576756697134e-08	2.4796878414573706e-08	0.9999998785745552	7.066547537669088e-09	3.1841827039342953e-09
0.947665	1.5549301199780737e-08	5.4332744742287575e-08	1.6703790930886428e-08	8.325361664630603e-08	7.448003374951153e-09	2.9642617507496293e-08	5.940435790526458e-08	0.9999997091085231	1.6928893712506325e-08	7.628150842934149e-09
0.900871	6.976423062024741e-09	2.437718638111811e-08	7.494401888306017e-09	3.735296163511491e-08	3.341656441241233e-09	1.329959705205219e-08	2.665264034379265e-08	0.9999998694872534	7.595397567587163e-09	3.4224822567588877e-09
EU482699	0.0	0.0	0.0	0.0	0.0	0.0	0.0	1.0	0.0	0.0
FJ024452	0.0	0.0	0.0	0.0	0.0	0.0	0.0	1.0	0.0	0.0
FM210206	0.0	0.0	0.0	0.0	0.0	0.0	0.0	1.0	0.0	0.0
FJ410195	0.0	0.0	0.0	0.0	0.0	0.0	0.0	1.0	0.0	0.0
FJ205877	0.0	0.0	0.0	0.0	0.0	0.0	0.0	1.0	0.0	0.0
0.758299	1.125942606950506e-12	3.9342959192770875e-12	1.2095405230778922e-12	6.028489188062142e-12	5.393184059414144e-13	2.14645568983497e-12	4.301537203808083e-12	0.9999999999789363	1.225840471835235e-12	5.523630892445566e-13
FJ461311	0.0	0.0	0.0	0.0	0.0	0.0	0.0	1.0	0.0	0.0
FJ859028	0.0	0.0	0.0	0.0	0.0	0.0	0.0	1.0	0.0	0.0
FJ024454	0.0	0.0	0.0	0.0	0.0	0.0	0.0	1.0	0.0	0.0
FJ410241	0.0	0.0	0.0	0.0	0.0	0.0	0.0	1.0	0.0	0.0
JF730049	0.0	0.0	0.0	0.0	0.0	0.0	0.0	1.0	0.0	0.0
FJ410202	0.0	0.0	0.0	0.0	0.0	0.0	0.0	1.0	0.0	0.0
FJ205879	0.0	0.0	0.0	0.0	0.0	0.0	0.0	1.0	0.0	0.0
FJ390385	0.0	0.0	0.0	0.0	0.0	0.0	0.0	1.0	0.0	0.0
GU131899	0.0	0.0	0.0	0.0	0.0	0.0	0.0	1.0	0.0	0.0
FJ562098	0.0	0.0	0.0	0.0	0.0	0.0	0.0	1.0	0.0	0.0
EU482701	0.0	0.0	0.0	0.0	0.0	0.0	0.0	1.0	0.0	0.0
FJ547064	0.0	0.0	0.0	0.0	0.0	0.0	0.0	1.0	0.0	0.0
0.780513	5.088069680709204e-09	1.7778856274058417e-08	5.465843840593111e-09	2.7242394833372327e-08	2.4371487610287706e-09	9.699709424811869e-09	1.943839845124596e-08	0.9999999048139795	5.539502368618773e-09	2.4960969322760882e-09
FJ390387	0.0	0.0	0.0	0.0	0.0	0.0	0.0	1.0	0.0	0.0
EU482652	0.0	0.0	0.0	0.0	0.0	0.0	0.0	1.0	0.0	0.0
FJ410237	0.0	0.0	0.0	0.0	0.0	0.0	0.0	1.0	0.0	0.0
