node	Africa	Caribbean	Central America	Eastern Asia	Europe	Oceania	South America	South-eastern Asia	Southern Asia	Western Asia
AF100460_FJ467493.1	0.0712059562213378	0.13638761248652329	0.056618720053932564	0.1935496674527986	0.023450395368542404	0.04717547805139543	0.18140003375432834	0.21332238955007304	0.0529981840191752	0.023891563041893278
EF105378_FJ467493.1	0.19803704128085572	0.10164122921638688	0.0419493148333509	0.14572029803488878	0.01766057058356771	0.035158649197197	0.1360284519282708	0.2672775419338393	0.038534218033215606	0.017992684958427315
AF100460_GQ398257.1	0.014732490535664533	0.06051769351923851	0.03023170201938293	0.055038289052661477	0.006563499755375486	0.020897378961650875	0.06293471767268369	0.6988283876624762	0.04356885837229773	0.006686982448568562
EF105379_FJ467493.1	0.008220677807091558	0.012908037461519646	0.005323498819053748	0.018529448889638433	0.0022457406653413814	0.0044650374569509795	0.017288480178482984	0.9238527021757842	0.004878388471241583	0.0022879880748955354
EF105378_EF105388	0.9947782563727937	0.0007956902297203615	0.00032815489256612484	0.001142220446291491	0.00013931699526488606	0.0002752383412923022	0.0010657193040118714	0.001033651406683302	0.00030071234096716424	0.00014103967040888236
AF100460_GU131843	0.0019074118709906237	0.013866814429319564	0.0024013217611336814	0.007630086932307028	0.0006995095569442957	0.017903406123959343	0.0060134305041892235	0.9359320006684414	0.012933348305110273	0.0007126698476043275
AF100465_GQ398257.1	0.008662797833001036	0.099903162643284	0.07157748300551717	0.03298984655456766	0.003982988997247176	0.009042511756872703	0.0832007201832767	0.5794582579208604	0.10712430779811133	0.004057923307261839
EF105379_EF105379.1	0.0	0.0	0.0	0.0	0.0	0.0	0.0	1.0	0.0	0.0
FJ467493_FJ467493.1	2.099919466367128e-08	4.9557770263884445e-08	2.0436052069991856e-08	7.115471848644556e-08	8.62388230496196e-09	1.7142615045337438e-08	6.638394497055284e-08	0.9999997181956706	1.8720025253347954e-08	8.786126385206464e-09
EF105378_EF457904	0.9999020584150976	1.4948373245042852e-05	6.16446441686711e-06	2.146138936074788e-05	4.534192707792726e-06	5.170816367075616e-06	2.0022952719173046e-05	1.734184438692475e-05	5.647521657970036e-06	2.650030040843058e-06
EF105387_EF105388	0.9999989629594626	1.617726765521532e-07	6.671193550168974e-08	2.3225996440678873e-07	2.8222539904040616e-08	5.59590557594947e-08	2.1669185286155552e-07	1.8562711972445485e-07	6.111616417571963e-08	2.8679228559643117e-08
AF100460_M20558.1	0.0010845155637973878	0.015087455179614859	0.0013200276541505442	0.006135365088965599	0.0004256305802517916	0.02483181903986856	0.003539686413008358	0.9414378035498379	0.00570405870772004	0.0004336382227848991
AF276619_GU131843	0.0027721588540944304	0.0031740294058497254	0.0009672224381288788	0.003645797430723871	0.00037586134354411266	0.0024667091000709837	0.002957983261134975	0.9470685150923589	0.03618879034130125	0.00038293273279292047
AF100465_JQ922553	0.00633205934395706	0.20900195616639652	0.16493063851161394	0.02420316770678023	0.0029289630113758765	0.006147455025689825	0.1561327944764995	0.17825224924781258	0.24908664917458223	0.0029840673352922583
GQ398257_GQ398257.1	9.730362578945068e-06	5.021550920609727e-05	3.0301684251506638e-05	3.721857890405903e-05	4.50601167581243e-06	9.31209203517002e-06	5.1278529730289445e-05	0.9997619654949124	4.088095074433794e-05	4.5907859614225445e-06
EF105379.1	0.0	0.0	0.0	0.0	0.0	0.0	0.0	1.0	0.0	0.0
EF105379	0.0	0.0	0.0	0.0	0.0	0.0	0.0	1.0	0.0	0.0
FJ467493.1	0.0	0.0	0.0	0.0	0.0	0.0	0.0	1.0	0.0	0.0
FJ467493	0.0	0.0	0.0	0.0	0.0	0.0	0.0	1.0	0.0	0.0
EF105389_EF457904	0.9998063218384794	9.62413084422851e-06	3.968581334591318e-06	1.3818896456074197e-05	0.00013464442511977094	3.3291006674941565e-06	1.2892138355176604e-05	1.005951877589172e-05	3.635021777759751e-06	1.7063481895017921e-06
EF105378_EF105380	0.9999890218811225	1.7345336144271524e-06	7.152513606150027e-07	2.490524056654415e-06	3.2274016490472643e-07	5.999956635955229e-07	2.323506152017661e-06	1.828894318702416e-06	6.551453592899394e-07	3.0752818726913327e-07
0.918	0.9999999189748096	1.2800856747038096e-08	5.2785910112134705e-09	1.8379845172978898e-08	2.2289160014919838e-09	4.4279672862110956e-09	1.7147348139577216e-08	1.3657020713578229e-08	4.835115580567133e-09	2.269529809472998e-09
EF105388	1.0	0.0	0.0	0.0	0.0	0.0	0.0	0.0	0.0	0.0
AF119661_M20558.1	0.0008430722525324706	0.08324703620423747	0.0009366125393848599	0.004616852835502452	0.00038600970077303946	0.002457759098481693	0.0029899647883513294	0.9029547332653662	0.0011746873824812292	0.00039327193288918034
AF100460_KJ734727	0.0011478497336334136	0.013707614878687026	0.001329369044395806	0.009551440227263699	0.0004922030556974562	0.05393864740601582	0.003926646229208204	0.9118337349916693	0.0035710312667633307	0.0005014631666660089
AY037116_GU131843	0.002842889284727568	0.0006230132569863495	0.00020311049953383934	0.001165710178667787	8.06266288727818e-05	0.0004505193015630537	0.0006308268082031317	0.9881759877322623	0.005745172789889989	8.214351929327215e-05
AF276619_FJ882602.1	0.00010013384149960326	0.00025205358708522713	0.00010271059176609423	0.0007111723726796538	4.323051419280277e-05	9.209854649910236e-05	0.0003330008234567495	0.0036485822721776867	0.9946729708526149	4.4046598028172676e-05
AF100465_EU056812	0.00443240071707293	0.30325318468489204	0.24530643478809722	0.016956058851210296	0.0020530148245133002	0.004230727566513272	0.21910598569643525	0.086319881627083	0.11625067182653712	0.0020916394176457025
JQ922553	0.0	0.0	0.0	0.0	0.0	0.0	0.0	0.0	1.0	0.0
GQ398257.1	0.0	0.0	0.0	0.0	0.0	0.0	0.0	1.0	0.0	0.0
GQ398257	0.0	0.0	0.0	0.0	0.0	0.0	0.0	1.0	0.0	0.0
0.978	0.9981504905634515	7.224954516752174e-05	2.979260749609887e-05	0.00010374032427251866	0.0014064464869317143	2.4991972222472947e-05	9.678297029962618e-05	7.540728260867956e-05	2.7288460437138897e-05	1.2809787112691257e-05
EF457904	1.0	0.0	0.0	0.0	0.0	0.0	0.0	0.0	0.0	0.0
EF105378_EF105378.1	1.0	0.0	0.0	0.0	0.0	0.0	0.0	0.0	0.0	0.0
EF105380	1.0	0.0	0.0	0.0	0.0	0.0	0.0	0.0	0.0	0.0
EF105387	1.0	0.0	0.0	0.0	0.0	0.0	0.0	0.0	0.0	0.0
EU003591	1.0	0.0	0.0	0.0	0.0	0.0	0.0	0.0	0.0	0.0
AF208496_M20558.1	2.783978627185619e-05	0.9972569069267755	3.0656781491361125e-05	0.00011022828615732366	1.2914164397113307e-05	3.0008225021470598e-05	0.00010047876253293867	0.0023889168976441583	2.8893043385174128e-05	1.31571263230098e-05
AF119661_DQ181801	0.00011580706377334343	0.006800036487978738	0.00012814519021336917	0.002576221426881364	5.333808436655611e-05	0.0002414936025611446	0.0004120657095940194	0.9894757887706443	0.00014276209823099278	5.434156575619946e-05
KF704355_KJ734727	0.0040616256783859725	0.03830382798690733	0.00450485722695087	0.0532065240831259	0.0018642235155964288	0.3773275151311469	0.014423942954810769	0.4990187957250639	0.005389391426773856	0.001899296271238112
AF100460_M84728	9.945490335526077e-05	0.00048346700870053894	0.00011079510887474654	0.0004866436260179318	4.5348369185181565e-05	0.0011751286475279307	0.0003518957547303239	0.9970513688588681	0.00014969618747759635	4.620153526226866e-05
AY037116_GQ398263.2	0.0002916300474435119	0.00014464954573397575	5.4752751632221504e-05	0.0015969333146339196	2.2643828662688662e-05	0.00010977646755613454	0.00017522979625265357	0.9970253546269213	0.000555959779354822	2.3069841808817724e-05
GQ398262_GU131843	0.023466659134609196	0.001164815327287035	0.00046528413819564075	0.0017483015371649938	0.0001949387835545231	0.00046861070369253594	0.0015033994260635164	0.96880939431726	0.0019799903445719635	0.00019860628760056418
AF276619_JQ955623	4.809484158091256e-06	1.2308603633324757e-05	5.03304438464068e-06	0.0005154104522662808	2.1200516417585032e-06	4.42795897657016e-06	1.632723212465663e-05	0.00013024220697994512	0.9993071571219023	2.1638439324309137e-06
FJ882602_FJ882602.1	3.5602272183379877e-10	9.42210639461598e-10	3.878941605456655e-10	1.533283738516613e-09	1.6364134912648068e-10	3.284580482048506e-10	1.259755235859767e-09	2.731952637082383e-09	0.99999999213006	1.6672145879840214e-10
AF100465_GQ868592	0.0014099922411259468	0.049535547230624935	0.4891606872943686	0.005398233108120209	0.0006539400531727521	0.0013233923955313178	0.4173278573234765	0.015545648348847158	0.01897845898593585	0.0006662430187966414
EU056812	0.0	1.0	0.0	0.0	0.0	0.0	0.0	0.0	0.0	0.0
EF105389_EF105389.1	1.0	0.0	0.0	0.0	0.0	0.0	0.0	0.0	0.0	0.0
JF260983	0.0	0.0	0.0	0.0	1.0	0.0	0.0	0.0	0.0	0.0
EF105378.1	1.0	0.0	0.0	0.0	0.0	0.0	0.0	0.0	0.0	0.0
EF105378	1.0	0.0	0.0	0.0	0.0	0.0	0.0	0.0	0.0	0.0
0.377	3.884511367867591e-09	0.9999983069702726	4.288585950885705e-09	1.5247746097357875e-08	1.8024507588056252e-09	4.0265670225875e-09	1.410682769356406e-06	2.472603189222521e-07	4.0004165574007914e-09	1.8363613467707072e-09
M20558_M20558.1	2.949728593056767e-09	0.9999999173298112	3.2461459611553312e-09	1.1360236510361037e-08	1.369567749513889e-09	2.793249133613558e-09	1.055981855763065e-08	4.6009515131167844e-08	2.9865928875646123e-09	1.3953342496182703e-09
AF119661_FJ639701	4.3844528570608875e-05	0.0009125458381415209	4.833256491329743e-05	0.006624382892917369	2.0306581113338247e-05	5.696738441378345e-05	0.0001564937347482548	0.992069056203657	4.738165051333839e-05	2.0688621011427086e-05
DQ181801	0.0	0.0	0.0	0.0	0.0	0.0	0.0	1.0	0.0	0.0
KF704355_M29095	0.0017580711447641067	0.055871518908549966	0.0019416503555551893	0.014281190534545513	0.0008120219144700174	0.8135638803500956	0.0062654029414700154	0.1026473358898393	0.0020316289906337015	0.0008272989700763613
KJ734727	0.0	0.0	0.0	1.0	0.0	0.0	0.0	0.0	0.0	0.0
AF100460_AJ487271	1.1194432085685999e-05	3.7474878199118495e-05	1.236530230051153e-05	4.657286763577396e-05	5.1693161402773824e-06	4.810173425333457e-05	3.98894892230592e-05	0.9997809585437478	1.3006866827460092e-05	5.26656958713823e-06
M84727_M84728	3.7573527147278842e-06	1.0532336366279072e-05	4.1376027553810834e-06	1.4641448737169494e-05	1.7429028770903537e-06	5.981646726636869e-06	1.3422612304535057e-05	0.9999401067195275	3.901684835710119e-06	1.7756931550085032e-06
AY037116_JN851131	3.787815046599201e-05	8.421737149691465e-05	3.4597375712714494e-05	0.03371351457446955	1.4588650486907926e-05	0.0006789490428642866	0.0001123213627417558	0.9652639210673006	4.514928890442203e-05	1.4863115556954005e-05
GQ398263_GQ398263.2	5.779712715709906e-14	1.0943614331907065e-13	4.478070690791156e-14	2.553571302775872e-13	1.886585209193923e-14	4.2079035416078095e-14	1.4528619844798295e-13	0.9999999999992304	7.677854268441843e-14	1.9220786776212082e-14
GU131843	1.0	0.0	0.0	0.0	0.0	0.0	0.0	0.0	0.0	0.0
GQ398262	0.0	0.0	0.0	0.0	0.0	0.0	0.0	1.0	0.0	0.0
DQ448231_JQ955623	6.7349266035967e-07	1.7845608522921852e-06	7.348541714848796e-07	1.4532694957245851e-05	3.1003053274203326e-07	6.213955477233339e-07	2.3866650362946084e-06	4.685619558807572e-06	0.9999739310692463	3.3961743682881357e-07
AF276619_KF041236.2	4.25672229727428e-05	0.00011318278851626247	4.663882497839953e-05	0.006112910680373809	1.9679664282329826e-05	3.9283044890413465e-05	0.0001514911646556329	0.00020897195725568503	0.9932452217190041	2.005293307064264e-05
FJ882602.1	0.0	0.0	0.0	0.0	0.0	0.0	0.0	0.0	1.0	0.0
FJ882602	0.0	0.0	0.0	0.0	0.0	0.0	0.0	0.0	1.0	0.0
AF100465_FJ898449	0.00013365208752395325	0.0032600638758696404	0.7291275555266181	0.0005118270181320859	6.201262513056523e-05	0.000124756883643947	0.2643593746316759	0.0011091968145698406	0.0012483812310376842	6.317930579822344e-05
AF100467_GQ868592	0.0001113298977194467	0.0010849590456577824	0.008515585782282217	0.0004264937973468238	5.168515727851802e-05	0.00010314049807554354	0.9887297153195801	0.0005100163774346324	0.00041441658347933855	5.265754114567518e-05
EF105389.1	1.0	0.0	0.0	0.0	0.0	0.0	0.0	0.0	0.0	0.0
EF105389	1.0	0.0	0.0	0.0	0.0	0.0	0.0	0.0	0.0	0.0
AF208496_EU482575	2.8303613341007715e-09	0.999997583103391	3.1347388222018377e-09	1.1008108998132483e-08	1.3137186296171032e-09	2.810537095976052e-09	2.2775407223208983e-06	1.1402903741872563e-07	2.890949973349053e-09	1.338434406701775e-09
EU482572_GQ398284	7.993635848503092e-07	0.9999875823192206	8.795924382689316e-07	3.0628720699272065e-06	3.7120914111806497e-07	7.379379429203823e-07	3.1135218897167563e-06	2.269317392025432e-06	8.056733990802961e-07	3.7819292149541505e-07
M20558.1	0.0	1.0	0.0	0.0	0.0	0.0	0.0	0.0	0.0	0.0
M20558	0.0	1.0	0.0	0.0	0.0	0.0	0.0	0.0	0.0	0.0
EU482449_FJ639701	2.7321353143200574e-06	4.5851119328203364e-05	3.01058969339027e-06	0.0003234118682779321	1.2661351715467551e-06	3.321501522134892e-06	9.754995829013438e-06	0.9996064533389414	2.9083601897162954e-06	1.2899557324480803e-06
AF119661	0.0	0.0	0.0	1.0	0.0	0.0	0.0	0.0	0.0	0.0
KF704355	0.0	1.0	0.0	0.0	0.0	0.0	0.0	0.0	0.0	0.0
M29095	0.0	0.0	0.0	0.0	0.0	1.0	0.0	0.0	0.0	0.0
AF100460_EU726767.1	3.3650303071228515e-07	9.046138307881831e-07	3.703168922258376e-07	1.2926893196222698e-06	1.5624010440789788e-07	3.4372198956279344e-07	1.2027502045739895e-06	0.9999948933207895	3.4066429535401864e-07	1.5917954326952216e-07
AJ487271	0.0	0.0	0.0	0.0	0.0	0.0	0.0	1.0	0.0	0.0
M84727_M84727.2	8.371121339450076e-14	2.2410731900742784e-13	9.211721799933094e-14	3.210957569710861e-13	3.8871125501018715e-14	8.087852376650871e-14	2.9922130550563217e-13	0.9999999999987357	8.453509201462197e-14	3.9602431316086134e-14
M84728	0.0	0.0	0.0	0.0	0.0	0.0	0.0	1.0	0.0	0.0
AY037116_FJ196854	2.154858834628196e-05	5.461256044964392e-05	2.2497550446129024e-05	0.04152521011235103	9.49242920417389e-06	0.0024445975426572544	7.307254988190448e-05	0.9558163844328069	2.291321787887471e-05	9.671015977796847e-06
DQ645550_JN851131	0.0003133410128048235	0.0008291105330367366	0.00034183520564630914	0.05845898920203591	0.00014425805899545178	0.0005577923149765633	0.0011104419308391386	0.9377785435150274	0.00031871615417894574	0.00014697207245865075
GQ398263.2	0.0	0.0	0.0	0.0	0.0	0.0	0.0	1.0	0.0	0.0
GQ398263.1	0.0	0.0	0.0	0.0	0.0	0.0	0.0	1.0	0.0	0.0
GQ398263	0.0	0.0	0.0	0.0	0.0	0.0	0.0	1.0	0.0	0.0
DQ448231_KJ830750.1	4.649991357713507e-08	1.2405821013531932e-07	5.1154210597770305e-08	2.0225061474667e-07	2.1588190316721844e-08	4.292145336005179e-08	1.6617626693476677e-07	1.3514929682374958e-07	0.9999983673362077	8.428656358038915e-07
JQ955623	0.0	0.0	0.0	0.0	0.0	0.0	0.0	0.0	1.0	0.0
KF041236_KF041236.2	1.5564277353615172e-17	4.152588183187223e-17	1.712292618118921e-17	1.6119172614399146e-16	7.226259660935008e-18	1.4366543017897935e-17	5.562450177846943e-17	4.4884983323124836e-17	0.9999999999999997	7.362263228047906e-18
AF276619_AF276619.1	0.0	0.0	0.0	1.0	0.0	0.0	0.0	0.0	0.0	0.0
0.308	0.00014039492382735705	0.0029027238106747407	0.7286418449053077	0.000537697244359924	6.515070855063723e-05	0.0001308013929043039	0.2653711049958567	0.0010326966452831256	0.0011112089453613032	6.637642787423538e-05
FJ898449	0.0	0.0	1.0	0.0	0.0	0.0	0.0	0.0	0.0	0.0
AF100467_AF100468	1.179682646745518e-06	4.903324101805211e-06	1.9997675196011496e-05	4.519856425362894e-06	5.477904447397477e-07	1.0897522673530333e-06	0.9999616109152764	3.7306186869400284e-06	1.8622885996857886e-06	5.580963551267407e-07
GQ868592	0.0	0.0	0.0	0.0	0.0	0.0	1.0	0.0	0.0	0.0
AF208496_JN819419.1	2.0923495839237418e-06	0.9864094746175901	3.377929595728031e-06	8.016954095653403e-06	9.716477627252474e-07	1.9313577649424287e-06	0.013565208487393631	5.827903056495613e-06	2.108825201454349e-06	9.89927955283495e-07
0.967	1.3602947307527643e-07	0.9999691663387212	1.4968470682190301e-07	5.212281457138254e-07	6.316943312695648e-08	1.2559157554390211e-07	2.9242254392494092e-05	3.9423953611332546e-07	1.3710613825452039e-07	6.435787758764876e-08
EU482572_EU482572.1	2.6579848421961876e-10	0.9999999959700714	2.9247472880837783e-10	1.0184215556366349e-09	1.2343181360055294e-10	2.4534694032736557e-10	9.505727311577312e-10	7.402369334066619e-10	2.678914027314184e-10	1.2575401039551422e-10
GQ398284	0.0	1.0	0.0	0.0	0.0	0.0	0.0	0.0	0.0	0.0
0.958	8.480232987135443e-07	7.986651407816606e-06	9.337640181753696e-07	4.9701011814227775e-05	3.934175989878352e-07	9.01459610055133e-07	3.0296634977790937e-06	0.9999349275242535	8.776653003109769e-07	4.0081920040775866e-07
FJ639701	0.0	0.0	0.0	0.0	0.0	0.0	0.0	1.0	0.0	0.0
AF100462_EU726767.1	2.9593304327906443e-06	7.897261386102855e-06	3.2563390048768126e-06	1.1339025037193568e-05	1.3742559269759892e-06	2.7334849168332086e-06	1.0578389591457662e-05	0.9999554790861118	2.982716963424477e-06	1.4001106285799486e-06
0.988	2.3594475648344805e-08	6.303128563095085e-08	2.5962916542129196e-08	9.131998262110854e-08	1.0956561493819415e-08	2.212731139582186e-08	8.433943699512431e-08	0.9999996437091766	2.3796159132661243e-08	1.116269386149764e-08
M84727.2	0.0	0.0	0.0	0.0	0.0	0.0	0.0	1.0	0.0	0.0
M84727.1	0.0	0.0	0.0	0.0	0.0	0.0	0.0	1.0	0.0	0.0
M84727	0.0	0.0	0.0	0.0	0.0	0.0	0.0	1.0	0.0	0.0
AY037116_AY037116.1	1.2395286046512977e-07	3.307223649379982e-07	1.3637535190095065e-07	1.0808761828577586e-06	5.755385560563517e-08	0.9999833243760479	4.4302294885030753e-07	1.4319537402619107e-05	1.2494633410357808e-07	5.863665083594361e-08
FJ196853_FJ196854	0.00029494175894461566	0.0007864357466072174	0.0003242875803803884	0.7943117171743755	0.0001368572086489258	0.0007823060230817996	0.0010534642081227584	0.20187304282151342	0.000297515492865207	0.0001394319854602202
AY858035_KC131142	7.689019301408532e-07	2.0271995406168753e-06	8.357399055255558e-07	0.0030941422286740274	3.5268563392168837e-07	2.1348742381301083e-05	2.7148464607895755e-06	0.996876665206889	7.851276642821018e-07	3.593209204868854e-07
DQ645550	0.0	0.0	0.0	1.0	0.0	0.0	0.0	0.0	0.0	0.0
JN851131	0.0	0.0	0.0	0.0	0.0	0.0	0.0	1.0	0.0	0.0
0.983	2.2910107957067993e-07	6.113340430795236e-07	2.520866080423907e-07	8.925095440661707e-07	1.0638687713345057e-07	2.1147271131753371e-07	8.189170762040462e-07	6.414257072240316e-07	0.999989499140652	6.737625701284631e-06
DQ448231	0.0	0.0	0.0	0.0	0.0	0.0	0.0	0.0	1.0	0.0
KF041236.2	0.0	0.0	0.0	0.0	0.0	0.0	0.0	0.0	1.0	0.0
KF041236.1	0.0	0.0	0.0	0.0	0.0	0.0	0.0	0.0	1.0	0.0
KF041236	0.0	0.0	0.0	0.0	0.0	0.0	0.0	0.0	1.0	0.0
AF276619.1	0.0	0.0	0.0	1.0	0.0	0.0	0.0	0.0	0.0	0.0
AF276619	0.0	0.0	0.0	1.0	0.0	0.0	0.0	0.0	0.0	0.0
AF100465_AF100465.1	2.7657098350942187e-08	8.271345985015621e-08	2.59829307486257e-06	1.0596886245783059e-07	1.2843273671531407e-08	2.553330327144954e-08	0.9999970233350881	7.927792206138391e-08	3.1293015525988464e-08	1.3084901887632084e-08
JX966379	0.0	0.0	1.0	0.0	0.0	0.0	0.0	0.0	0.0	0.0
AF100467_AF100467.1	0.0	0.0	0.0	0.0	0.0	0.0	1.0	0.0	0.0	0.0
AF100468	0.0	0.0	0.0	0.0	0.0	0.0	1.0	0.0	0.0	0.0
AF208496_EU920828	1.973017180020752e-06	0.9847463778674789	7.644907241387129e-06	7.559723697601774e-06	9.162320470295186e-07	1.8212051785453837e-06	0.015225290567313572	5.4944574283473324e-06	1.988552764056813e-06	9.334696704670083e-07
EU482545_JN819419.1	7.951826016028591e-05	0.9557054460866183	8.779090767457455e-05	0.000304678565956668	3.692678357918162e-05	7.339978154337373e-05	0.043373041411393684	0.0002214323085737776	8.014438517744529e-05	3.762150932268654e-05
EU482551_GQ868552.1	1.8509622596824453e-05	0.9899381325168675	2.0367298454735792e-05	7.092064076046071e-05	8.595520370264531e-06	1.708542279954583e-05	0.009847427475105815	5.154890099174374e-05	1.8655368998804108e-05	8.757233054155318e-06
EU482561_EU482575	7.047381958731829e-08	0.9999988809174577	7.754676402072034e-08	2.700243382841563e-07	3.272671541860225e-08	6.505130946433696e-08	3.0261504112476213e-07	1.962733931611501e-07	7.102873858268565e-08	3.334242275885596e-08
EU482572.1	0.0	1.0	0.0	0.0	0.0	0.0	0.0	0.0	0.0	0.0
EU482572	0.0	1.0	0.0	0.0	0.0	0.0	0.0	0.0	0.0	0.0
FM210208_FM210237	1.8886455755922097e-06	5.12029892244511e-06	2.0782039215223144e-06	7.88978351740365e-06	8.77045999651113e-07	1.7449943124613345e-06	6.751111858651831e-06	0.9999708525297805	1.9038397193608202e-06	8.935463924591247e-07
EU482449_FM210227	2.7422349574456133e-06	7.40118897613745e-06	3.0174621378906895e-06	1.1185610389930974e-05	1.2734366338913908e-06	2.5329693518321735e-06	9.80234383111894e-06	0.9999579831964323	2.7641627278300674e-06	1.2973945616211847e-06
AF100462_AF100462.2	2.485754181387957e-13	6.633166150008854e-13	2.7352310764453014e-13	9.524304836936348e-13	1.1543374503297271e-13	2.294505852345828e-13	8.885554353449084e-13	0.9999999999962607	2.5053276974430283e-13	1.1760546936340696e-13
EU726767_EU726767.1	0.0	0.0	0.0	0.0	0.0	0.0	0.0	1.0	0.0	0.0
AF100460_EU687246	8.469430203357547e-09	2.2600520153356325e-08	9.319445225062767e-09	2.74897461616242e-07	3.9330436507442295e-09	7.818210484888062e-09	3.027474706359065e-08	0.9999996301439643	8.536139063330762e-09	4.00703836161964e-09
DQ181799_GQ868542.1	1.258082343601687e-07	3.357163648032337e-07	1.3843468667090714e-07	4.820508651089613e-07	5.8422973623078754e-08	1.1613170194933518e-07	4.4971296401111887e-07	0.9999981074010751	1.2679901421904872e-07	5.952212009222703e-08
AY037116.1	0.0	0.0	0.0	0.0	0.0	1.0	0.0	0.0	0.0	0.0
AY037116	0.0	0.0	0.0	0.0	0.0	1.0	0.0	0.0	0.0	0.0
FJ196853_FJ196853.2	1.2720738951845058e-09	3.394300957547033e-09	1.3996622412221051e-09	0.9999999187547077	5.906931242507683e-10	1.3347349639042645e-09	4.546881987165163e-09	6.682296965842851e-08	1.2821692927385318e-09	6.018061885408615e-10
FJ196854	0.0	0.0	0.0	1.0	0.0	0.0	0.0	0.0	0.0	0.0
AY858035_JN851128	1.0188357556247204e-07	2.703794801375869e-07	1.1148132714387417e-07	0.00020683214543019534	4.7046879074799404e-08	1.3477480023981255e-06	3.6214724317735187e-07	0.999790775932401	1.033036610942768e-07	4.793200025194648e-08
AY858036_KC131142	0.00013224755851602067	0.0003528841120272668	0.00014551411629367097	0.010453519270531569	6.14106680860521e-05	0.0001343731326761626	0.0004727108621230639	0.988051479320895	0.00013329493500688024	6.256602384442093e-05
KJ010186_KJ830750.1	8.693844903966966e-05	0.00023199272305639705	9.566382019618513e-05	0.00033311305670271507	4.037257882965346e-05	8.024902815876786e-05	0.00031076938708219943	0.00024209554103707585	0.9883571009390207	0.010221704476876528
JQ955624_JQ955624.3	0.0	0.0	0.0	0.0	0.0	0.0	0.0	0.0	1.0	0.0
AF100465.1	0.0	0.0	0.0	0.0	0.0	0.0	1.0	0.0	0.0	0.0
AF100465	0.0	0.0	0.0	0.0	0.0	0.0	1.0	0.0	0.0	0.0
AF100467.1	0.0	0.0	0.0	0.0	0.0	0.0	1.0	0.0	0.0	0.0
AF100467	0.0	0.0	0.0	0.0	0.0	0.0	1.0	0.0	0.0	0.0
EU482605_EU920828	3.1414630516466106e-05	0.03792360068114954	0.002302704862229773	0.00012036687597668463	1.4588363226653368e-05	2.899745280728287e-05	0.959444323007106	8.747931555753984e-05	3.1661988569767015e-05	1.486282286019888e-05
0.341	8.66164342128101e-07	0.9984576274697831	1.5022806513962537e-06	3.318756117137194e-06	4.0223042016559876e-07	7.995179550141921e-07	0.0015317887924549826	2.4120059447252744e-06	8.72984508875173e-07	4.097978224851276e-07
EU920834_JN819419.1	1.6133408276281584e-05	0.005986652516945346	1.7754416143623077e-05	6.18160367005056e-05	7.492051192372187e-06	1.4892033974581507e-05	0.9938264399081747	4.4926182596097086e-05	1.62604423482214e-05	7.633003648299923e-06
EU482545_EU482545.1	6.596326565785568e-10	0.9999999298354827	7.262428313300336e-10	2.5274186223053635e-09	3.0632099222763554e-10	6.088776641235894e-10	6.25222556319988e-08	1.8368582567591865e-09	6.648265885394913e-10	3.1208399291303736e-10
EU482551_GQ398282.1	1.6687286188935137e-06	0.9997828709586035	1.836206665229825e-06	6.393825196695108e-06	7.749261664826776e-07	1.5403296221763234e-06	0.00019779668416653257	4.646967453881244e-06	1.6818681888638325e-06	7.895053175754527e-07
EU569708_GQ868552.1	2.2197020092157157e-06	0.007669190480638309	2.4424771842672297e-06	8.504909729978381e-06	1.0307878409465844e-06	2.048908535839661e-06	0.9923050942343046	6.1811391931242675e-06	2.2371798922260048e-06	1.050180671293205e-06
0.957	2.6677731837694574e-08	0.9999995943331651	2.935517980329522e-08	1.0221719047817961e-07	1.238863661889177e-08	2.462503285374629e-08	9.660427591374399e-08	7.428928415324845e-08	2.688779190116265e-08	1.2621711475455342e-08
EU482575	0.0	1.0	0.0	0.0	0.0	0.0	0.0	0.0	0.0	0.0
FM210208_FM210234.2	8.103232859714754e-08	2.1646278852501198e-07	8.916497314506438e-08	3.123494246736333e-07	3.762987283556356e-08	7.480212727968718e-08	2.89657361367343e-07	0.9999987788919978	8.167129951420079e-08	3.83378262192537e-08
FM210237	0.0	0.0	0.0	0.0	0.0	0.0	0.0	1.0	0.0	0.0
EU482449_FM210218	9.561888839771554e-08	2.552838158000709e-07	1.0521546739917058e-07	3.67404467554865e-07	4.440360368145892e-08	8.82642026709793e-08	3.4179837610654604e-07	0.9999985603998818	9.63723011487485e-08	4.5238995329251554e-08
FM210227	0.0	0.0	0.0	0.0	0.0	0.0	0.0	1.0	0.0	0.0
AF100462.2	0.0	0.0	0.0	0.0	0.0	0.0	0.0	1.0	0.0	0.0
AF100462.1	0.0	0.0	0.0	0.0	0.0	0.0	0.0	1.0	0.0	0.0
AF100462	0.0	0.0	0.0	0.0	0.0	0.0	0.0	1.0	0.0	0.0
EU726767.1	0.0	0.0	0.0	0.0	0.0	0.0	0.0	1.0	0.0	0.0
EU726767	0.0	0.0	0.0	0.0	0.0	0.0	0.0	1.0	0.0	0.0
AF100460_FJ639828	1.362575049862916e-07	3.6359920633981954e-07	1.4993266920649225e-07	5.503838316315232e-07	6.327542107412157e-08	1.2577331553756036e-07	4.870648444185026e-07	0.9999979219169516	1.3733039574798978e-07	6.446585954968078e-08
DQ181798_EU687246	7.270849213168406e-07	1.9402050411707924e-06	8.000570903577695e-07	4.9894688180411535e-05	3.3764455445055377e-07	6.711400594789312e-07	2.5990311810958853e-06	0.9999419533421279	7.328099797818044e-07	3.4399686411294455e-07
GQ868542_GQ868542.1	5.059006504663885e-10	1.3499811975026277e-09	5.566741799115735e-10	1.9383860428201665e-09	2.349307416371664e-10	4.669744693062151e-10	1.8083878882295979e-09	0.99999999238953	5.098841003648103e-10	2.393506346886711e-10
DQ181799_FJ906957.1	3.0716809956939016e-07	8.196693234361875e-07	3.3799630479765423e-07	1.1769335887283437e-06	1.4264308426266548e-07	2.8353409393241077e-07	1.098000306958842e-06	0.999995379141712	3.0958677211312845e-07	1.453267142234965e-07
FJ196853.2	0.0	0.0	0.0	1.0	0.0	0.0	0.0	0.0	0.0	0.0
FJ196853.1	0.0	0.0	0.0	1.0	0.0	0.0	0.0	0.0	0.0	0.0
FJ196853	0.0	0.0	0.0	1.0	0.0	0.0	0.0	0.0	0.0	0.0
0.684	1.3933034058430998e-06	3.7170620081620715e-06	1.5327493270406811e-06	0.00013353508875460133	6.468587399426065e-07	2.0646237634320525e-06	4.979219925871339e-06	0.9998500674076722	1.4046579212745344e-06	6.590284816735883e-07
AY858035_JX470186	5.640876892307911e-07	1.5052327007215853e-06	6.206930764814849e-07	4.250010809247818e-05	2.6194833953751276e-07	5.365616329615231e-07	2.016356853800237e-06	0.999951159597957	5.685371269395401e-07	2.6687653087473503e-07
AY858036_AY858036.1	4.3029906525940966e-11	1.1482304763434361e-10	4.7348078279037733e-11	8.492383592973647e-10	1.9982099289823713e-11	4.0565359830756086e-11	1.5381293411016142e-10	0.9999999986674729	4.336914008903988e-11	2.035803451733183e-11
KC131142	0.0	0.0	0.0	1.0	0.0	0.0	0.0	0.0	0.0	0.0
KJ830750_KJ830750.1	0.0	0.0	0.0	0.0	0.0	0.0	0.0	0.0	0.0	1.0
KJ010186	0.0	0.0	0.0	0.0	0.0	0.0	0.0	0.0	1.0	0.0
JQ955624.3	0.0	0.0	0.0	0.0	0.0	0.0	0.0	0.0	1.0	0.0
JQ955624.2	0.0	0.0	0.0	0.0	0.0	0.0	0.0	0.0	1.0	0.0
JQ955624.1	0.0	0.0	0.0	0.0	0.0	0.0	0.0	0.0	1.0	0.0
JQ955624	0.0	0.0	0.0	0.0	0.0	0.0	0.0	0.0	1.0	0.0
EU482605_FJ898461.1	2.2582568359961954e-05	0.01065971695817402	0.00584555498999596	8.652634648628255e-05	1.0486919769882943e-05	2.0844967751089777e-05	0.9832579576994871	6.288495052533943e-05	2.2760382964382688e-05	1.0684216485926084e-05
EU920828	0.0	0.0	0.0	0.0	0.0	0.0	1.0	0.0	0.0	0.0
EU482546_EU677142	5.465226845764926e-07	0.9999852489088008	6.036952460424525e-07	2.094031574087984e-06	2.5379484982453534e-07	5.044708624564077e-07	8.417296192368359e-06	1.5218841539697483e-06	5.50825991169577e-07	2.585696446659001e-07
AF208496_EU920849.2	1.0408340764532613e-07	0.999989130160409	1.1708665076481889e-07	3.988012724513024e-07	4.833437578662613e-08	9.607477970549776e-08	9.661474606611215e-06	2.898378204994092e-07	1.0490295795279672e-07	4.924371940934396e-08
EU920834_EU920835.2	1.173628373137394e-06	0.00014627339521871408	1.2914605675746793e-06	4.496821337522706e-06	5.450109302263185e-07	1.0833243232625782e-06	0.9998401300601775	3.268165029122792e-06	1.1828694949114515e-06	5.552645479807021e-07
EU920840_JN819419.1	1.4117711628946808e-08	2.0005302770616053e-06	1.5535202386140752e-08	5.4092784686607273e-08	6.555999602318552e-09	1.3031433754256312e-08	0.9999978359152395	3.9313135747145114e-08	1.4228874153099236e-08	6.679341557849887e-09
EU482545.1	0.0	1.0	0.0	0.0	0.0	0.0	0.0	0.0	0.0	0.0
EU482545	0.0	1.0	0.0	0.0	0.0	0.0	0.0	0.0	0.0	0.0
EU482551_GQ398270.1	2.353783709439577e-07	0.9999950240159834	2.5900156793983027e-07	9.018651104166563e-07	1.0930528592670108e-07	2.1726734121056805e-07	2.249121528632242e-06	6.554513647912739e-07	2.372317349086413e-07	1.1136171187757257e-07
GQ398282_GQ398282.1	8.925486500779928e-12	0.9999999998544953	9.821271971220817e-12	3.419848997620761e-11	4.144827964126922e-12	8.238720924560602e-12	4.210281024306206e-11	2.4854519580189782e-11	8.995765570279848e-12	4.2228071004062444e-12
0.969	2.9370429631645536e-06	0.0027841331304506362	3.2318123757976774e-06	1.1253440844196562e-05	1.3639074805027395e-06	2.7110541619207187e-06	0.9971818411840528	8.17869101020646e-06	2.960169170132798e-06	1.3895674905719184e-06
0.767	7.361860985359436e-07	0.006727303135475518	8.100716857934636e-07	2.8207373253808816e-06	3.418709700264328e-07	6.795407537929737e-07	0.9932641681373529	2.0500347335022443e-06	7.419828106791042e-07	3.48302793781813e-07
EU482561_GQ398291.1	2.0384644588757963e-08	0.999999690969753	2.243050152039038e-08	7.810488127905801e-08	9.466245332781413e-09	1.88161617558649e-08	7.287385590800708e-08	5.6764464292745115e-08	2.0545152794310435e-08	9.644339488014695e-09
EU482744	0.0	1.0	0.0	0.0	0.0	0.0	0.0	0.0	0.0	0.0
0.885	2.9281510130119953e-07	7.81378595552606e-07	3.222028016522827e-07	1.1220182410665067e-06	1.3597782194157483e-07	2.7028484659212453e-07	1.046694209076049e-06	0.999995594971568	2.951207605306926e-07	1.3853605432176508e-07
FM210217_FM210234.2	3.1849923925386344e-07	8.499125848224458e-07	3.5046466735516744e-07	1.220400932766814e-06	1.4790505249243613e-07	2.9399266549897523e-07	1.1385044972259646e-06	0.9999952086255605	3.210071211819558e-07	1.5068767901988895e-07
FM210202_FM210218	5.028794815735654e-08	1.3419303556408785e-07	5.5334979971709264e-08	1.9269000188645676e-07	2.3352776691195858e-08	4.641859856602822e-08	1.797588442024939e-07	0.9999992434877698	5.06839186967736e-08	2.3792126495787068e-08
EU482449_FM210241	7.921024120952536e-08	2.1137136398742425e-07	8.715999097446062e-08	3.035075875100103e-07	3.6783745300267577e-08	7.311548573477849e-08	2.8314421127684855e-07	0.9999988083976488	7.983394531021266e-08	3.747577997877747e-08
AF100460_AF100464.1	1.0930244627480633e-06	2.916704043041341e-06	1.2027232933172596e-06	4.192047626888964e-06	5.075799911035162e-07	1.008922434352087e-06	3.907115355868342e-06	0.999983553122483	1.1016309115861984e-06	5.17129398133551e-07
FJ639828	0.0	0.0	0.0	0.0	0.0	0.0	0.0	1.0	0.0	0.0
DQ181798_FJ196851.1	4.308726731490282e-05	0.00011497712177083943	4.741161960323346e-05	0.00349635098829483	2.0008916090952824e-05	3.977194652636312e-05	0.00015401935593068808	0.9960205608931938	4.3426535435390294e-05	2.0385355839034527e-05
EU687246	0.0	0.0	0.0	0.0	0.0	0.0	0.0	1.0	0.0	0.0
GQ868542.1	0.0	0.0	0.0	0.0	0.0	0.0	0.0	1.0	0.0	0.0
GQ868542	0.0	0.0	0.0	0.0	0.0	0.0	0.0	1.0	0.0	0.0
EU482451_FJ906957.1	6.854589269675735e-07	1.8291272453432866e-06	7.542534007059059e-07	2.6263734145127678e-06	3.183142261732994e-07	6.327167578147638e-07	2.4502352789267228e-06	0.9999896883616721	6.908562146007776e-07	3.2430286276744654e-07
DQ181799	0.0	0.0	0.0	0.0	0.0	0.0	0.0	1.0	0.0	0.0
JN851121	0.0	0.0	0.0	0.0	0.0	0.0	0.0	1.0	0.0	0.0
JN851128	0.0	0.0	0.0	0.0	0.0	0.0	0.0	1.0	0.0	0.0
EU179859_JX470186	2.003036047072772e-06	5.345033712576063e-06	2.2040619263774412e-06	0.00015287158323799385	9.301704977246946e-07	1.857153601000505e-06	7.160021092668975e-06	0.9998246624575652	2.018811965814367e-06	9.476703536012064e-07
AY858035	0.0	0.0	0.0	0.0	0.0	0.0	0.0	1.0	0.0	0.0
AY858036.1	0.0	0.0	0.0	0.0	0.0	0.0	0.0	1.0	0.0	0.0
AY858036	0.0	0.0	0.0	0.0	0.0	0.0	0.0	1.0	0.0	0.0
KJ830750.1	0.0	0.0	0.0	0.0	0.0	0.0	0.0	0.0	0.0	1.0
KJ830750	0.0	0.0	0.0	0.0	0.0	0.0	0.0	0.0	0.0	1.0
EU482634_FJ898461.1	3.697357722601193e-07	1.996861767870083e-06	0.999899098455928	1.4166628448731786e-06	1.7169833466012375e-07	3.412867006274738e-07	9.502813174357083e-05	1.029591246908607e-06	3.726470628921257e-07	1.749285984860953e-07
0.329	1.2833453626628618e-06	0.0004383599137478007	0.00024025749245415245	4.9172079871423045e-06	5.959614354213133e-07	1.1845992125405546e-06	0.9993079271653521	3.5736904391117117e-06	1.2934503934104287e-06	6.071736156112164e-07
EU677142	0.0	1.0	0.0	0.0	0.0	0.0	0.0	0.0	0.0	0.0
EU482546	0.0	1.0	0.0	0.0	0.0	0.0	0.0	0.0	0.0	0.0
0.432	6.104548524569129e-08	0.9999917492786535	6.720319461964962e-08	2.3389911738049966e-07	2.8348374546315628e-08	5.634838122732311e-08	7.5434775381300944e-06	1.699913898436077e-07	6.152615593770094e-08	2.8881709531790723e-08
EU482726_EU920849.2	2.890759099457077e-07	0.9999952312816601	3.1811369247001835e-07	1.1076101683784217e-06	1.3424141252179644e-07	2.6683315745692677e-07	1.4197445976261528e-06	8.049803380439784e-07	2.913520867504356e-07	1.3676697678935243e-07
EU920835_EU920835.2	2.7554248114933287e-14	1.3015397542311182e-13	3.031968275250323e-14	1.0557560953388649e-13	1.2795674287143338e-14	2.5434104928322518e-14	0.9999999999995507	7.67294235606798e-14	2.7771209605889334e-14	1.3036406987670062e-14
EU920834	0.0	0.0	0.0	0.0	0.0	0.0	1.0	0.0	0.0	0.0
JN819419_JN819419.1	5.890618474598045e-10	1.6070353860522632e-09	6.481816656646607e-10	2.2570227044228964e-09	2.7354923653292e-10	5.437368777056303e-10	0.999999991568675	1.6403414745966936e-09	5.937001063646546e-10	2.786956825083197e-10
EU920840_FJ850088.2	6.989578784387424e-07	1.928761818832151e-06	7.691071621335371e-07	2.678095361080325e-06	3.245828852099171e-07	6.451770321043854e-07	0.9999899738015505	1.9463653977056643e-06	7.044614560643613e-07	3.306894578490667e-07
FJ850085	0.0	0.0	0.0	0.0	0.0	0.0	1.0	0.0	0.0	0.0
GQ398270_GQ398270.1	2.161397257792346e-09	0.9999999671645246	2.378320812245146e-09	8.281511873818391e-09	1.0037122116513254e-09	1.9950899919020805e-09	7.795658619876327e-09	6.01877307857105e-09	2.1784160481448188e-09	1.0225956519328006e-09
EU482551_EU569719	2.487463451772166e-08	0.9999996204896326	2.7371118732383853e-08	9.530852339887977e-08	1.155131215965802e-08	2.2960672409226453e-08	9.133738382292163e-08	6.926759164466229e-08	2.5070496795777496e-08	1.1768633928594871e-08
GQ398282.1	0.0	1.0	0.0	0.0	0.0	0.0	0.0	0.0	0.0	0.0
GQ398282	0.0	1.0	0.0	0.0	0.0	0.0	0.0	0.0	0.0	0.0
EU687220_FJ898465.2	1.2631843865054395e-06	1.9351325303392095e-05	1.3899609177784985e-06	4.8399601035486555e-06	5.865990574994687e-07	1.1659895090173567e-06	0.9999660146662344	3.5175487200850056e-06	1.2731306701723416e-06	5.97635097654083e-07
GQ868552_GQ868552.1	0.0	0.0	0.0	0.0	0.0	0.0	1.0	0.0	0.0	0.0
EU569708_KC294222.1	9.873980994261652e-06	0.007734327926965396	1.0864959883707485e-05	3.783269852567485e-05	4.585290957418243e-06	9.114234134341075e-06	0.9921512818668246	2.749575644144898e-05	9.951728484896438e-06	4.671556788363094e-06
GQ868595_GQ868595.1	3.861772846650774e-12	1.454765847192852e-10	4.2493505995805926e-12	1.4796593994028174e-11	1.7933346361171077e-12	3.5646313186393958e-12	0.9999999998097847	1.0753753967093093e-11	3.8921803537342365e-12	1.827073717013717e-12
0.901	6.842054208654443e-09	0.9999998962771235	7.528740893993915e-09	2.62157051257646e-08	3.1773212153617084e-09	6.315596925131641e-09	2.44575844861503e-08	1.9052847083314643e-08	6.895928379935564e-09	3.237098066463914e-09
EU482561_GQ398308.2	5.0622786371906744e-08	0.9999992325785615	5.570342331456709e-08	1.9396397627049454e-07	2.3508269331853312e-08	4.6727649942568136e-08	1.8095576407799716e-07	1.4096763592141286e-07	5.102138898161781e-08	2.395054451282232e-08
FM210208_FM210235.2	7.749631311467536e-08	2.0679668572412451e-07	8.527404839328594e-08	2.969315624772861e-07	3.598782942245706e-08	7.153341165478311e-08	2.770176197396816e-07	0.9999988341911219	7.810651732933977e-08	3.666489005783662e-08
FM210243	0.0	0.0	0.0	0.0	0.0	0.0	0.0	1.0	0.0	0.0
FM210234_FM210234.2	6.1070987141837e-13	1.629661590488925e-12	6.720023319193522e-13	2.3399685472058975e-12	2.836021714676737e-13	5.637192095935965e-13	2.1830379812410587e-12	0.999999999990813	6.155185864720779e-13	2.8893774934192874e-13
FM210217_FM210217.1	0.0	0.0	0.0	0.0	0.0	0.0	0.0	1.0	0.0	0.0
0.993	8.766318279949844e-08	2.3392667540170152e-07	9.646129205148356e-08	3.358864243047279e-07	4.0709132376434935e-08	8.091799821119728e-08	3.133600201368935e-07	0.9999986812468162	8.835344067545506e-08	4.147501771808715e-08
FM210218	0.0	0.0	0.0	0.0	0.0	0.0	0.0	1.0	0.0	0.0
FM210221_FM210241	6.57163219642814e-08	1.753621247525572e-07	7.231178612560471e-08	2.517959090558935e-07	3.051742321708946e-08	6.065982411212393e-08	2.3490896994665177e-07	0.9999990114023044	6.623377082374566e-08	3.1091565817104575e-08
EU482449	0.0	0.0	0.0	0.0	0.0	0.0	0.0	1.0	0.0	0.0
AF100464_AF100464.1	0.0	0.0	0.0	0.0	0.0	0.0	0.0	1.0	0.0	0.0
AF100460	0.0	0.0	0.0	0.0	0.0	0.0	0.0	1.0	0.0	0.0
FJ196851_FJ196851.1	0.0	0.0	0.0	1.0	0.0	0.0	0.0	0.0	0.0	0.0
DQ181798	0.0	0.0	0.0	0.0	0.0	0.0	0.0	1.0	0.0	0.0
EU482451_GQ868638	1.0453839046856696e-07	2.7895765956954753e-07	1.1503014026363313e-07	4.005445639485463e-07	4.8545661248229164e-08	9.649475399053029e-08	3.7368198480491497e-07	0.9999984273863426	1.0536152325774444e-07	4.945897991115296e-08
FJ906957_FJ906957.1	2.785672309405029e-09	7.433485672201855e-09	3.06524976176698e-09	1.0673455897506661e-08	1.2936137975232463e-09	2.571330617479507e-09	9.957639035085676e-09	0.9999999580939949	2.8076066265857893e-09	1.31795133034317e-09
EU179859_EU482640.2	1.3490383298840046e-06	3.599865507329829e-06	1.4844296659283122e-06	6.587398645836933e-05	6.264672823891501e-07	1.2486824499117678e-06	4.822254590237365e-06	0.9999189973600053	1.3596623232120895e-06	6.382533873881503e-07
JX470186	0.0	0.0	0.0	1.0	0.0	0.0	0.0	0.0	0.0	0.0
0.840	2.8730210543814582e-09	1.2644380855920617e-08	0.9999994852349822	1.1008137393361852e-08	1.334176910893344e-09	2.6519583714847172e-09	4.719980136678164e-07	8.000408809276687e-09	2.895643153481979e-09	1.3592775819117108e-09
0.886	1.1763324389770608e-08	4.103389532420277e-08	0.9999988990490133	4.507182113677395e-08	5.4626664751537686e-09	1.0858203264592351e-08	9.365827396570362e-07	3.275694896931664e-08	1.1855948524803728e-08	5.56543889832821e-09
0.902	7.12173141106033e-08	6.385813498014722e-06	3.480781746335385e-06	2.7287303632086067e-07	3.3071980449733904e-08	6.57375455257611e-08	0.9999893867160655	1.983165528585911e-07	7.177807753998718e-08	3.3694183468251744e-08
EU482605_GU131947.1	1.5639733347417415e-06	9.139506544944267e-06	4.44807256366477e-06	5.992449419101324e-06	7.262797845783706e-07	1.4436344528437074e-06	0.9999700147061917	4.355145962948419e-06	1.5762880233917819e-06	7.399437220900648e-07
0.805	3.0238190021281657e-06	0.9994640505689506	3.327313812306445e-06	1.1585927982434812e-05	1.4042046399929776e-06	2.7911532720290278e-06	0.0005009184300986118	8.420330976566521e-06	3.047628480664089e-06	1.4306227847106282e-06
EU677145_FJ898460.2	3.3154641633599367e-07	0.999994844759004	3.6482183982415613e-07	1.2703382377713097e-06	1.5396391644618482e-07	3.0603579914474984e-07	1.3142706673553677e-06	9.232465823847326e-07	3.341570048923172e-07	1.5686053201782392e-07
0.917	7.560900108525846e-08	0.9999946006577723	8.319774510594217e-08	2.897000252928875e-07	3.5111397234566994e-08	6.979131708129432e-08	4.523410488203192e-06	2.1054593991892508e-07	7.620434455230987e-08	3.577196902514755e-08
EU482726	0.0	1.0	0.0	0.0	0.0	0.0	0.0	0.0	0.0	0.0
EU920835.2	0.0	0.0	0.0	0.0	0.0	0.0	1.0	0.0	0.0	0.0
EU920835.1	0.0	0.0	0.0	0.0	0.0	0.0	1.0	0.0	0.0	0.0
EU920835	0.0	0.0	0.0	0.0	0.0	0.0	1.0	0.0	0.0	0.0
JN819419.1	0.0	0.0	0.0	0.0	0.0	0.0	1.0	0.0	0.0	0.0
JN819419	0.0	0.0	0.0	0.0	0.0	0.0	1.0	0.0	0.0	0.0
EU920840_EU920840.1	0.0	0.0	0.0	0.0	0.0	0.0	1.0	0.0	0.0	0.0
FJ850088_FJ850088.2	0.0	0.0	0.0	0.0	0.0	0.0	1.0	0.0	0.0	0.0
GQ398270.1	0.0	1.0	0.0	0.0	0.0	0.0	0.0	0.0	0.0	0.0
GQ398270	0.0	1.0	0.0	0.0	0.0	0.0	0.0	0.0	0.0	0.0
EU482551_EU677143	1.3213599659664109e-07	0.9999979968160939	1.4539751525016335e-07	5.062863019838372e-07	6.136147018075894e-08	1.2196888074119196e-07	4.7238657254276825e-07	3.679548360776096e-07	1.331764322750247e-07	6.251590034937823e-08
0.688	1.0305576246661862e-07	0.9999984376189344	1.1339871178781495e-07	3.948637935249951e-07	4.785715670540847e-08	9.512620577087291e-08	3.6847864356312675e-07	2.8697604866302044e-07	1.0386722107666053e-07	4.875752211911702e-08
EU687220_EU687220.1	0.0	0.0	0.0	0.0	0.0	0.0	1.0	0.0	0.0	0.0
FJ898465_FJ898465.2	2.346581261045304e-14	6.81557286218204e-14	2.5820903726188212e-14	8.991054516248156e-14	1.089708177824569e-14	2.16602513584256e-14	0.9999999999996598	6.534448942601446e-14	2.3650581857978154e-14	1.1102095118337777e-14
GQ868552.1	0.0	0.0	0.0	0.0	0.0	0.0	1.0	0.0	0.0	0.0
GQ868552	0.0	0.0	0.0	0.0	0.0	0.0	1.0	0.0	0.0	0.0
JX669483_KC294222.1	3.287630368336348e-07	2.3451259604364596e-05	3.617585661210335e-07	1.2596735668941913e-06	1.526713673850895e-07	3.034665849210247e-07	0.9999727400161007	9.15495798178942e-07	3.3135170912726005e-07	1.5554366545543422e-07
EU569708	0.0	1.0	0.0	0.0	0.0	0.0	0.0	0.0	0.0	0.0
GQ868595.1	0.0	0.0	0.0	0.0	0.0	0.0	1.0	0.0	0.0	0.0
GQ868595	0.0	0.0	0.0	0.0	0.0	0.0	1.0	0.0	0.0	0.0
EU482588_GQ398291.1	3.1422768588954013e-09	0.9999999523643247	3.4576440885078157e-09	1.2039805743137398e-08	1.4592142394429177e-09	2.9004964682577676e-09	1.1232354770959982e-08	8.750196738427516e-09	3.1670190717634542e-09	1.4866673127726368e-09
EU482587	0.0	1.0	0.0	0.0	0.0	0.0	0.0	0.0	0.0	0.0
0.920	1.5441489311777816e-09	0.9999999765913126	1.6991238084410301e-09	5.916491131971323e-09	7.170737046344351e-10	1.4253354247464763e-09	5.519700819710342e-09	4.299941586223127e-09	1.5563075229476102e-09	7.305644426385121e-10
GQ398308_GQ398308.2	1.2322018645132049e-18	1.0	1.3558689078021091e-18	4.721248875022881e-18	5.722113573397369e-19	1.1373909164252099e-18	4.404617637414934e-18	3.4312726789815134e-18	1.2419041925374877e-18	5.829767130555247e-19
0.926	4.139905914710978e-08	1.1047218811807325e-07	4.555397839145339e-08	1.5862276760890055e-07	1.9224943987925728e-08	3.821363625593005e-08	1.479847022877078e-07	0.9999993772170555	4.1725034352593434e-08	1.9586634398280938e-08
FM210235_FM210235.2	0.0	0.0	0.0	0.0	0.0	0.0	0.0	1.0	0.0	0.0
FM210234.2	0.0	0.0	0.0	0.0	0.0	0.0	0.0	1.0	0.0	0.0
FM210234.1	0.0	0.0	0.0	0.0	0.0	0.0	0.0	1.0	0.0	0.0
FM210234	0.0	0.0	0.0	0.0	0.0	0.0	0.0	1.0	0.0	0.0
FM210217.1	0.0	0.0	0.0	0.0	0.0	0.0	0.0	1.0	0.0	0.0
FM210217	0.0	0.0	0.0	0.0	0.0	0.0	0.0	1.0	0.0	0.0
FM210202	0.0	0.0	0.0	0.0	0.0	0.0	0.0	1.0	0.0	0.0
FM210220	0.0	0.0	0.0	0.0	0.0	0.0	0.0	1.0	0.0	0.0
FM210221_FM210221.2	0.0	0.0	0.0	0.0	0.0	0.0	0.0	1.0	0.0	0.0
FM210241	0.0	0.0	0.0	0.0	0.0	0.0	0.0	1.0	0.0	0.0
AF100464.1	0.0	0.0	0.0	0.0	0.0	0.0	0.0	1.0	0.0	0.0
AF100464	0.0	0.0	0.0	0.0	0.0	0.0	0.0	1.0	0.0	0.0
FJ196851.1	0.0	0.0	0.0	1.0	0.0	0.0	0.0	0.0	0.0	0.0
FJ196851	0.0	0.0	0.0	1.0	0.0	0.0	0.0	0.0	0.0	0.0
FJ687442_GQ868638	2.072363318879719e-07	5.530041342760911e-07	2.280351191359919e-07	7.94037346451412e-07	9.623665259309759e-08	1.9129067097784603e-07	7.407851170895772e-07	0.9999968824593112	2.0886810581109516e-07	9.804721050106709e-08
EU482451_FJ639704.1	1.4206492879303359e-08	3.7909613745099506e-08	1.563229413840356e-08	5.443295490500613e-08	6.597227944233666e-09	1.311338378938834e-08	5.0782400919525765e-08	0.9999997862859318	1.4318354464622756e-08	6.721345553307342e-09
FJ906957.1	0.0	0.0	0.0	0.0	0.0	0.0	0.0	1.0	0.0	0.0
FJ906957	0.0	0.0	0.0	0.0	0.0	0.0	0.0	1.0	0.0	0.0
EU179859_EU179859.1	0.0	0.0	0.0	0.0	0.0	0.0	0.0	1.0	0.0	0.0
EU482640_EU482640.2	4.190395508640401e-11	1.1181948691556531e-10	4.610954681517381e-11	1.6793035252708347e-10	1.9459408071910243e-11	3.8680101713088724e-11	1.497894980622807e-10	0.9999999993622484	4.223390603320845e-11	1.9825509595806437e-11
EU482634_JF357906	5.1306581502634115e-08	1.3693447314554294e-07	0.9999991394752249	1.9658397473394287e-07	2.3825810922370582e-08	4.735883091442958e-08	1.8565869757655634e-07	1.4287177810064043e-07	5.1710568298855876e-08	2.427406020387538e-08
EU482639_KJ189308	3.237454791916509e-10	8.682688462850499e-10	0.9999999941753746	1.2404485202034424e-09	1.5034130804049987e-10	2.9883509988989044e-10	1.5619982773195324e-09	9.015235649998898e-10	3.2629464335537927e-10	1.5316976930585695e-10
FJ898438_GQ868515.1	4.146998487845063e-09	1.1092154551614244e-08	0.9999999281916183	1.5889451646946678e-08	1.9257880562882643e-09	3.827910463654003e-09	1.7236395044893123e-08	1.1548012562657255e-08	4.179651854800628e-09	1.9620190628791557e-09
FJ898461_FJ898461.1	2.3578373186057376e-12	6.292349569057736e-12	0.9999999999605093	9.034182716767842e-12	1.0949352791303265e-12	2.176415103583702e-12	8.477386221708991e-12	6.565793321543839e-12	2.3764028732862166e-12	1.1155349537337877e-12
0.973	5.790866024718189e-07	2.3308667035166346e-06	1.0686136105047237e-06	2.2188020073654033e-06	2.6891692048247473e-07	5.345291712698927e-07	0.9999905289987194	1.6125637327018229e-06	5.836463165361708e-07	2.739762159156293e-07
EU482607_KJ189305	1.9345495967278205e-06	5.525133356365772e-06	2.327962365989262e-06	7.412332646352277e-06	8.983684268502446e-07	1.78569697227472e-06	0.9999718638267772	5.387077692929097e-06	1.949782194005341e-06	9.152699712792788e-07
EU482605_JN819407	1.1655245017246087e-08	3.368370207768911e-08	1.4242915691831509e-08	4.465770910639677e-08	5.412476448475712e-09	1.0758439987075171e-08	0.9999998298722051	3.2455983834394164e-08	1.1747018137883006e-08	5.514304616553422e-09
GU131947_GU131947.1	0.0	0.0	0.0	0.0	0.0	0.0	1.0	0.0	0.0	0.0
AF208496_AY702039.1	1.3859904274495894e-07	0.9999890405748633	1.5250950488922475e-07	5.31049816985486e-07	6.436278718537125e-08	1.2793463212754977e-07	9.353753029886675e-06	3.859522716344157e-07	1.3969036829420298e-07	6.557368293223544e-08
EU920833	0.0	0.0	0.0	0.0	0.0	0.0	1.0	0.0	0.0	0.0
EU677145_EU677145.2	2.5552282568160127e-14	0.9999999999996123	2.811677775716608e-14	9.790496898562353e-14	1.1865999161778347e-14	2.3586179281133634e-14	9.1438402251452e-14	7.115461482960949e-14	2.575348063025152e-14	1.2089241326166114e-14
FJ898460_FJ898460.2	3.09727005672739e-19	1.0	3.4081203086184914e-19	1.186735971767355e-18	1.4383139274893631e-19	2.8589526843714466e-19	1.1077180593162096e-18	8.624867751904961e-19	3.1216578871110346e-19	1.465373790705608e-19
0.869	3.5919697449284747e-07	0.999885140792998	3.952470123002871e-07	1.3762828645012262e-06	1.6680431530435852e-07	3.315588036031677e-07	0.00011069790504663184	1.00024419735929e-06	3.620252828830787e-07	1.6994250500672354e-07
EU920849_EU920849.2	2.118031841993274e-15	0.999999999999968	2.3306031331365207e-15	8.115354909987823e-15	9.835741286388601e-16	1.955061298932718e-15	7.618252014809966e-15	5.898014766854333e-15	2.134709174083673e-15	1.0020786990774313e-15
EU920840.1	0.0	0.0	0.0	0.0	0.0	0.0	1.0	0.0	0.0	0.0
EU920840	0.0	0.0	0.0	0.0	0.0	0.0	1.0	0.0	0.0	0.0
FJ850088.2	0.0	0.0	0.0	0.0	0.0	0.0	1.0	0.0	0.0	0.0
FJ850088.1	0.0	0.0	0.0	0.0	0.0	0.0	1.0	0.0	0.0	0.0
FJ850088	0.0	0.0	0.0	0.0	0.0	0.0	1.0	0.0	0.0	0.0
EU482551_EU482556	9.706162219304468e-11	0.9999999985285842	1.068029837175872e-10	3.7189691704276547e-10	4.5073590764789536e-11	8.959328061029871e-11	3.469558088443554e-10	2.702843600551849e-10	9.782588308584733e-11	4.592158728171764e-11
EU677143	0.0	1.0	0.0	0.0	0.0	0.0	0.0	0.0	0.0	0.0
EU569719	0.0	1.0	0.0	0.0	0.0	0.0	0.0	0.0	0.0	0.0
EU482729	0.0	1.0	0.0	0.0	0.0	0.0	0.0	0.0	0.0	0.0
EU687220.1	0.0	0.0	0.0	0.0	0.0	0.0	1.0	0.0	0.0	0.0
EU687220	0.0	0.0	0.0	0.0	0.0	0.0	1.0	0.0	0.0	0.0
FJ898465.2	0.0	0.0	0.0	0.0	0.0	0.0	1.0	0.0	0.0	0.0
FJ898465.1	0.0	0.0	0.0	0.0	0.0	0.0	1.0	0.0	0.0	0.0
FJ898465	0.0	0.0	0.0	0.0	0.0	0.0	1.0	0.0	0.0	0.0
0.922	1.5128996158607564e-07	2.5319911699975186e-06	1.6647382290582236e-07	5.796757670247322e-07	7.025621106752948e-08	1.3964905670945902e-07	0.9999957153125493	4.2129226310893483e-07	1.5248121512697353e-07	7.15779833352134e-08
JX669483_JX669483.2	1.851267092717631e-15	5.279015935918885e-15	2.037065162244891e-15	7.093231174676904e-15	8.596935992633303e-16	1.708822584817203e-15	0.9999999999999731	5.1551635975641435e-15	1.8658439255494985e-15	8.758675309477392e-16
0.834	7.019461271320555e-08	0.999998935877421	7.723952999425614e-08	2.6895449994779413e-07	3.259705716678865e-08	6.479353520011656e-08	2.509170276494451e-07	1.9546866771680894e-07	7.074732341564396e-08	3.321032516852808e-08
EU482588_EU482588.1	2.2749620747313286e-10	0.9999999965512475	2.5032832950433586e-10	8.716641684589743e-10	1.0564495754863281e-10	2.09991663990339e-10	8.132058850667731e-10	6.335013310362253e-10	2.2928750717227477e-10	1.076325195447417e-10
EU482561_GQ398302	5.649842343087392e-08	0.9999991435062361	6.216875487363715e-08	2.16476801200881e-07	2.623680460969559e-08	5.215119003898613e-08	2.019587532525144e-07	1.5732933239836034e-07	5.694329066632297e-08	2.6730413362555947e-08
0.557	2.274101401396103e-08	0.9999996552552178	2.502336242252242e-08	8.71334396760625e-08	1.0560498949862747e-08	2.0991221905021286e-08	8.128982295627983e-08	6.332616621162464e-08	2.2920076214662548e-08	1.0759179955182211e-08
GQ398308.2	0.0	1.0	0.0	0.0	0.0	0.0	0.0	0.0	0.0	0.0
GQ398308.1	0.0	1.0	0.0	0.0	0.0	0.0	0.0	0.0	0.0	0.0
GQ398308	0.0	1.0	0.0	0.0	0.0	0.0	0.0	0.0	0.0	0.0
FM210208	0.0	0.0	0.0	0.0	0.0	0.0	0.0	1.0	0.0	0.0
FM210236	0.0	0.0	0.0	0.0	0.0	0.0	0.0	1.0	0.0	0.0
FM210235.2	0.0	0.0	0.0	0.0	0.0	0.0	0.0	1.0	0.0	0.0
FM210235.1	0.0	0.0	0.0	0.0	0.0	0.0	0.0	1.0	0.0	0.0
FM210235	0.0	0.0	0.0	0.0	0.0	0.0	0.0	1.0	0.0	0.0
FM210221.2	0.0	0.0	0.0	0.0	0.0	0.0	0.0	1.0	0.0	0.0
FM210221.1	0.0	0.0	0.0	0.0	0.0	0.0	0.0	1.0	0.0	0.0
FM210221	0.0	0.0	0.0	0.0	0.0	0.0	0.0	1.0	0.0	0.0
GQ868623_GQ868638	4.2699010203983865e-07	1.139410689099783e-06	4.6984395979938294e-07	1.6360359426155613e-06	1.982861679529868e-07	3.941356343065237e-07	1.526314955751402e-06	0.999993576613692	4.303522118957181e-07	2.0201664464512801e-07
FJ687442_FJ687442.1	4.747846431479998e-11	1.2669490342724222e-10	5.2243528766336625e-11	1.8191633423848162e-10	2.2048105340849218e-11	4.382526564249781e-11	1.6971608899970983e-10	0.9999999992857621	4.785230860779932e-11	2.2462909580242318e-11
FJ639704_FJ639704.1	5.725821560764824e-10	1.527918857848544e-09	6.300480180600125e-10	2.1938798650513646e-09	2.6589637798225056e-10	5.28525205150405e-10	2.0467469949324e-09	0.9999999913864129	5.77090654285337e-10	2.7089884613637187e-10
0.872	7.959498020965053e-09	2.1239689354932028e-08	8.758334327470328e-09	3.049725224373273e-08	3.696241092865628e-09	7.347059770874125e-09	2.8451949615776206e-08	0.9999998802620238	8.022170918103573e-09	3.765780695087095e-09
EU179859.1	0.0	0.0	0.0	0.0	0.0	0.0	0.0	1.0	0.0	0.0
EU179859	0.0	0.0	0.0	0.0	0.0	0.0	0.0	1.0	0.0	0.0
EU482640.2	0.0	0.0	0.0	0.0	0.0	0.0	0.0	1.0	0.0	0.0
EU482640.1	0.0	0.0	0.0	0.0	0.0	0.0	0.0	1.0	0.0	0.0
EU482640	0.0	0.0	0.0	0.0	0.0	0.0	0.0	1.0	0.0	0.0
EU482634_EU482693	3.5106454789130036e-08	9.368061767453284e-08	0.999999412743447	1.3451230269376497e-07	1.6302776943297608e-08	3.240521211256524e-08	1.2549700649317556e-07	9.775980920254866e-08	3.538288217488826e-08	1.660949087111212e-08
EU482687_JF357906	8.88234155259065e-09	2.3702283247647615e-08	0.9999998514175469	3.403317773691633e-08	4.124792262159877e-09	8.198895724357613e-09	3.175191804505804e-08	2.4734369239755697e-08	8.952280897635382e-09	4.202394454752354e-09
EU482639_FJ744704.1	2.80553026832421e-09	7.486488946793232e-09	0.9999999530686865	1.074954275320882e-08	1.3028354599428611e-09	2.589660618804996e-09	1.0029818559102915e-08	7.812469398883058e-09	2.8276209465882693e-09	1.3273464854328706e-09
0.944	4.408319501940831e-09	1.1763545145993964e-08	0.999999926252094	1.6890717413012436e-08	2.047140617490734e-09	4.069124307151112e-09	1.576466912447609e-08	1.2275704738692305e-08	4.443030504314269e-09	2.085654702653222e-09
0.703	4.6569350956816124e-08	1.2427273598486668e-07	0.9999992206473147	1.784330166569535e-07	2.162593020580903e-08	4.298610340362187e-08	1.6681655401817595e-07	1.2968016541603415e-07	4.6936036912967854e-08	2.2032791810990543e-08
FJ898438	0.0	0.0	1.0	0.0	0.0	0.0	0.0	0.0	0.0	0.0
FJ898461.1	0.0	0.0	1.0	0.0	0.0	0.0	0.0	0.0	0.0	0.0
FJ898461	0.0	0.0	1.0	0.0	0.0	0.0	0.0	0.0	0.0	0.0
FJ898466_FJ898466.1	0.0	0.0	0.0	0.0	0.0	0.0	1.0	0.0	0.0	0.0
GQ868553	0.0	0.0	0.0	0.0	0.0	0.0	1.0	0.0	0.0	0.0
KJ189305	0.0	0.0	0.0	0.0	0.0	0.0	1.0	0.0	0.0	0.0
EU482607	0.0	0.0	0.0	0.0	0.0	0.0	1.0	0.0	0.0	0.0
0.811	2.2755210042189783e-08	6.091287237336254e-08	2.5144011206115366e-08	8.718783253508596e-08	1.0567091318220197e-08	2.1004325629355606e-08	0.9999996753626789	6.336569743234085e-08	2.293438402207823e-08	1.0765896349722416e-08
EU482605_HQ332189	8.527930984066335e-08	2.2761013980245634e-07	9.386275701306289e-08	3.2675234248815314e-07	3.9602106637129666e-08	7.871755039917973e-08	0.9999987844032958	2.3747453592295043e-07	8.595079708767012e-08	4.034716483909428e-08
GU131947.1	0.0	0.0	0.0	0.0	0.0	0.0	1.0	0.0	0.0	0.0
GU131947	0.0	0.0	0.0	0.0	0.0	0.0	1.0	0.0	0.0	0.0
AY702039_AY702039.1	1.445731716289362e-11	0.9999999997734802	1.5908292056447396e-11	5.5394001873326206e-11	6.713706021325191e-12	1.3344908566138018e-11	5.903163113453309e-11	4.025882351023473e-11	1.4571153732619074e-11	6.840015002375146e-12
AF208496	0.0	1.0	0.0	0.0	0.0	0.0	0.0	0.0	0.0	0.0
EU677145.2	0.0	1.0	0.0	0.0	0.0	0.0	0.0	0.0	0.0	0.0
EU677145.1	0.0	1.0	0.0	0.0	0.0	0.0	0.0	0.0	0.0	0.0
EU677145	0.0	1.0	0.0	0.0	0.0	0.0	0.0	0.0	0.0	0.0
FJ898460.2	0.0	1.0	0.0	0.0	0.0	0.0	0.0	0.0	0.0	0.0
FJ898460.1	0.0	1.0	0.0	0.0	0.0	0.0	0.0	0.0	0.0	0.0
FJ898460	0.0	1.0	0.0	0.0	0.0	0.0	0.0	0.0	0.0	0.0
EU920842_FJ898453	2.0797173938813674e-05	0.9840577233561202	2.2884433439679625e-05	7.968551005323285e-05	9.657816199669972e-06	1.9196949303973616e-05	0.01570134109843859	5.791321762401967e-05	2.0960930389232734e-05	9.83951449260584e-06
FJ898451	0.0	1.0	0.0	0.0	0.0	0.0	0.0	0.0	0.0	0.0
EU920849.2	0.0	1.0	0.0	0.0	0.0	0.0	0.0	0.0	0.0	0.0
EU920849.1	0.0	1.0	0.0	0.0	0.0	0.0	0.0	0.0	0.0	0.0
EU920849	0.0	1.0	0.0	0.0	0.0	0.0	0.0	0.0	0.0	0.0
0.878	2.0130876814723757e-07	0.9999969482386578	2.2151264939581487e-07	7.713255615977053e-07	9.348400354143982e-08	1.8581919966325677e-07	7.195965013755891e-07	5.605780157262565e-07	2.028938685751617e-07	9.524277421061768e-08
EU529706_EU596490.1	2.444005099212527e-07	0.9999962949848877	2.6892919252651896e-07	9.364339283617174e-07	1.1349499748713062e-07	2.2559527619603196e-07	8.736318516734513e-07	6.805741953273243e-07	2.4632491369375856e-07	1.1563024699631851e-07
EU482551_EU482721	7.174756290574751e-08	0.9999989123353101	7.894833838196687e-08	2.7490471359432353e-07	3.331821801157157e-08	6.622699467905973e-08	2.564681892679923e-07	1.9979311789082958e-07	7.231250150087733e-08	3.394505364513587e-08
JX669486_KC294222.1	8.503077842898252e-07	2.336995395727479e-06	9.356469260303763e-07	3.25800080783641e-06	3.948669332660394e-07	7.848814207069785e-07	0.9999878121772573	2.367824585398995e-06	8.570030874559536e-07	4.022958018868476e-07
JX669484	0.0	0.0	0.0	0.0	0.0	0.0	1.0	0.0	0.0	0.0
JX669483.2	0.0	0.0	0.0	0.0	0.0	0.0	1.0	0.0	0.0	0.0
JX669483.1	0.0	0.0	0.0	0.0	0.0	0.0	1.0	0.0	0.0	0.0
JX669483	0.0	0.0	0.0	0.0	0.0	0.0	1.0	0.0	0.0	0.0
GQ398291_GQ398291.1	0.0	1.0	0.0	0.0	0.0	0.0	0.0	0.0	0.0	0.0
GQ398285	0.0	1.0	0.0	0.0	0.0	0.0	0.0	0.0	0.0	0.0
EU482588.1	0.0	1.0	0.0	0.0	0.0	0.0	0.0	0.0	0.0	0.0
EU482588	0.0	1.0	0.0	0.0	0.0	0.0	0.0	0.0	0.0	0.0
EU482561_EU482561.1	6.769158365991622e-11	0.9999999989738223	7.448529031452548e-11	2.5936400715409875e-10	3.143469757840309e-11	6.248310004273713e-11	2.4196972254169016e-10	1.884985636675778e-10	6.822458557142618e-11	3.2026097411539926e-11
GQ398302	0.0	1.0	0.0	0.0	0.0	0.0	0.0	0.0	0.0	0.0
GQ398297_GQ398297.1	7.904316063530715e-12	0.9999999998801735	8.697614162608015e-12	3.028581955401656e-11	3.670615630290443e-12	7.296123752227416e-12	2.825469668996569e-11	2.2010893292667673e-11	7.96655445925517e-12	3.739673125303683e-12
GQ398296	0.0	1.0	0.0	0.0	0.0	0.0	0.0	0.0	0.0	0.0
GQ868638	0.0	0.0	0.0	0.0	0.0	0.0	0.0	1.0	0.0	0.0
GQ868623	0.0	0.0	0.0	0.0	0.0	0.0	0.0	1.0	0.0	0.0
FJ687442.1	0.0	0.0	0.0	0.0	0.0	0.0	0.0	1.0	0.0	0.0
FJ687442	0.0	0.0	0.0	0.0	0.0	0.0	0.0	1.0	0.0	0.0
FJ639704.1	0.0	0.0	0.0	0.0	0.0	0.0	0.0	1.0	0.0	0.0
FJ639704	0.0	0.0	0.0	0.0	0.0	0.0	0.0	1.0	0.0	0.0
FJ810411_FJ810411.2	1.3888391728870562e-14	3.7060770061605937e-14	1.528226751384677e-14	5.321413293893336e-14	6.449507756249491e-15	1.2819758719009066e-14	4.9645319425065745e-14	0.9999999999997908	1.399774859332919e-14	6.570846216762669e-15
EU482451_GU131932	1.3847353546829485e-08	3.6951260864424454e-08	1.523711063114379e-08	5.3056892898665484e-08	6.430450396798281e-09	1.2781878192429533e-08	4.9498624710816144e-08	0.9999997916886111	1.3956387277623776e-08	6.551430319769577e-09
EU482634_EU482634.1	2.4395986772030356e-11	6.509998250522663e-11	0.9999999995919112	9.347455836550318e-11	1.1329037154136003e-11	2.2518853891443305e-11	8.720568957262644e-11	6.793471532420404e-11	2.458808018866531e-11	1.1542177129981048e-11
EU482693	0.0	0.0	1.0	0.0	0.0	0.0	0.0	0.0	0.0	0.0
0.843	1.170618184298181e-08	3.123760659040599e-08	0.9999998041823268	4.485287634167418e-08	5.436130551778287e-09	1.0805457512831525e-08	4.184483453629566e-08	3.2597825964887185e-08	1.1798356038966638e-08	5.53840373869899e-09
EU482687	0.0	0.0	1.0	0.0	0.0	0.0	0.0	0.0	0.0	0.0
0.835	7.5147457670835e-09	2.0052881133504336e-08	0.9999998742954658	2.8793159644294406e-08	3.4897065158594483e-09	6.9365286816070764e-09	2.6862165803971485e-08	2.0926069488030695e-08	7.573916695606757e-09	3.555360459118433e-09
FJ744704_FJ744704.1	4.940767397615201e-11	1.3184294342387597e-10	0.9999999991735227	1.893082066302174e-10	2.294399400220203e-11	4.560603355715119e-11	1.7661222740127958e-10	1.375839517280418e-10	4.9796708819905325e-11	2.3375653132707473e-11
GU369819_KJ189308	6.919277996312409e-08	1.8463892615137184e-07	0.9999988425628561	2.6511592294145934e-07	3.2131824890924503e-08	6.386878780073633e-08	2.473360632656932e-07	1.9267889645989987e-07	6.973760225843807e-08	3.273634019861847e-08
GQ199898	0.0	0.0	1.0	0.0	0.0	0.0	0.0	0.0	0.0	0.0
FJ898439_FJ898439.1	6.063164800937204e-11	1.6179379466836927e-10	0.999999998985771	2.3231347736040002e-10	2.8156196321691362e-11	5.596638641753276e-11	2.1673356967346667e-10	1.6883898920114183e-10	6.110906015634374e-11	2.8685915742878242e-11
GQ868515_GQ868515.1	0.0	0.0	1.0	0.0	0.0	0.0	0.0	0.0	0.0	0.0
FJ898466.1	0.0	0.0	0.0	0.0	0.0	0.0	1.0	0.0	0.0	0.0
FJ898466	0.0	0.0	0.0	0.0	0.0	0.0	1.0	0.0	0.0	0.0
HQ332188_JN819407	2.824561701768873e-07	7.537318816259594e-07	3.108074008789094e-07	1.082246273193015e-06	1.3116732994861356e-07	2.607227691335812e-07	0.9999959740063306	7.865465616062406e-07	2.8468022330849114e-07	1.336350596556081e-07
FJ639732_FJ639732.1	2.9171413383443374e-10	7.784317663649803e-10	3.20991924945997e-10	1.1177186675806518e-09	1.3546655404756383e-10	2.6926838497133027e-10	0.9999999958420555	8.123269135729124e-10	2.9401108395055717e-10	1.3801516763799307e-10
EU482605_FJ850106.1	1.4745510356693746e-08	3.934807549526034e-08	1.6225468839540737e-08	5.649822986648511e-08	6.847537517080632e-09	1.3610926927450351e-08	0.9999997898249247	4.1061345775960325e-08	1.486161615273766e-08	6.976364350387978e-09
HQ332189	0.0	0.0	0.0	0.0	0.0	0.0	1.0	0.0	0.0	0.0
AY702039.1	0.0	1.0	0.0	0.0	0.0	0.0	0.0	0.0	0.0	0.0
AY702039	0.0	1.0	0.0	0.0	0.0	0.0	0.0	0.0	0.0	0.0
EU920842_JX286525.2	5.795955841317562e-06	0.007982777934297422	6.377653323477114e-06	2.2207521984486975e-05	2.6915328198693507e-06	5.349989896761416e-06	0.9919500758377627	1.6139810772605885e-05	5.841593059054556e-06	2.742170242309409e-06
FJ898453	0.0	1.0	0.0	0.0	0.0	0.0	0.0	0.0	0.0	0.0
EU482552_EU482552.1	1.454633308039331e-10	0.9999999977948335	1.6006241602328946e-10	5.57350712325424e-10	6.755043338240763e-11	1.342707521341977e-10	5.199719062779322e-10	4.050670325664095e-10	1.4660870559325145e-10	6.882130023045149e-11
EU482556	0.0	1.0	0.0	0.0	0.0	0.0	0.0	0.0	0.0	0.0
EU596490_EU596490.1	2.2083577349189156e-09	0.9999999665221698	2.4299943672490364e-09	8.461443511735795e-09	1.0255197734900988e-09	2.038437126457705e-09	7.893975580121718e-09	6.149542359472052e-09	2.225746290930888e-09	1.0448134925216846e-09
EU529706	0.0	1.0	0.0	0.0	0.0	0.0	0.0	0.0	0.0	0.0
0.962	1.9664094340001777e-07	0.9999970190010355	2.163763493916553e-07	7.534405356362151e-07	9.131635357161456e-08	1.815105375683085e-07	7.029109372576521e-07	5.47579675124219e-07	1.981892894874708e-07	9.303434294085288e-08
EU482721	0.0	1.0	0.0	0.0	0.0	0.0	0.0	0.0	0.0	0.0
KC294222_KC294222.1	0.0	0.0	0.0	0.0	0.0	0.0	1.0	0.0	0.0	0.0
JX669486	0.0	0.0	0.0	0.0	0.0	0.0	1.0	0.0	0.0	0.0
GQ398291.1	0.0	1.0	0.0	0.0	0.0	0.0	0.0	0.0	0.0	0.0
GQ398291	0.0	1.0	0.0	0.0	0.0	0.0	0.0	0.0	0.0	0.0
EU482561.1	0.0	1.0	0.0	0.0	0.0	0.0	0.0	0.0	0.0	0.0
EU482561	0.0	1.0	0.0	0.0	0.0	0.0	0.0	0.0	0.0	0.0
GQ398297.1	0.0	1.0	0.0	0.0	0.0	0.0	0.0	0.0	0.0	0.0
GQ398297	0.0	1.0	0.0	0.0	0.0	0.0	0.0	0.0	0.0	0.0
FJ810411.2	0.0	0.0	0.0	0.0	0.0	0.0	0.0	1.0	0.0	0.0
FJ810411.1	0.0	0.0	0.0	0.0	0.0	0.0	0.0	1.0	0.0	0.0
FJ810411	0.0	0.0	0.0	0.0	0.0	0.0	0.0	1.0	0.0	0.0
EU482451_EU687249	2.4123706308524208e-08	6.437340982220655e-08	2.6544825378591233e-08	9.243130086927555e-08	1.1202595230870861e-08	2.2267523866038525e-08	8.623238232210721e-08	0.9999996370972439	2.4313655795298628e-08	1.1413356378921107e-08
FJ639718_GU131932	6.830257662617673e-08	1.8226344247591373e-07	7.515760415343182e-08	2.617050601403673e-07	3.1718431213790085e-08	6.304708056397986e-08	2.4415377247120104e-07	0.9999989724964738	6.88403894816967e-08	3.23151690981108e-08
EU482634.1	0.0	0.0	1.0	0.0	0.0	0.0	0.0	0.0	0.0	0.0
EU482634	0.0	0.0	1.0	0.0	0.0	0.0	0.0	0.0	0.0	0.0
HQ705625_HQ705625.1	0.0	0.0	1.0	0.0	0.0	0.0	0.0	0.0	0.0	0.0
JF357906	0.0	0.0	1.0	0.0	0.0	0.0	0.0	0.0	0.0	0.0
EU482639_FJ906956.1	4.214803941018403e-09	1.1247081934558285e-08	0.9999999294959694	1.614925195137285e-08	1.9572756327258156e-09	3.890498671596621e-09	1.5066200042809252e-08	1.17368282150691e-08	4.2479912064913006e-09	1.9940990339915592e-09
FJ850066_FJ850066.3	9.709786643851912e-21	2.5910283723539593e-20	1.0	3.720357888527344e-20	4.509042191031524e-21	8.962673606655323e-21	3.4708515516571075e-20	2.703852882331844e-20	9.786241271764415e-21	4.5938735081686455e-21
FJ744704.1	0.0	0.0	1.0	0.0	0.0	0.0	0.0	0.0	0.0	0.0
FJ744704	0.0	0.0	1.0	0.0	0.0	0.0	0.0	0.0	0.0	0.0
GU369819_GU369819.1	0.0	0.0	1.0	0.0	0.0	0.0	0.0	0.0	0.0	0.0
KJ189308	0.0	0.0	1.0	0.0	0.0	0.0	0.0	0.0	0.0	0.0
FJ898439.1	0.0	0.0	1.0	0.0	0.0	0.0	0.0	0.0	0.0	0.0
FJ898439	0.0	0.0	1.0	0.0	0.0	0.0	0.0	0.0	0.0	0.0
GQ868515.1	0.0	0.0	1.0	0.0	0.0	0.0	0.0	0.0	0.0	0.0
GQ868515	0.0	0.0	1.0	0.0	0.0	0.0	0.0	0.0	0.0	0.0
JN819407	0.0	0.0	0.0	0.0	0.0	0.0	1.0	0.0	0.0	0.0
HQ332188	0.0	0.0	0.0	0.0	0.0	0.0	1.0	0.0	0.0	0.0
FJ639732.1	0.0	0.0	0.0	0.0	0.0	0.0	1.0	0.0	0.0	0.0
FJ639732	0.0	0.0	0.0	0.0	0.0	0.0	1.0	0.0	0.0	0.0
0.846	2.4777609366596094e-08	6.611834477650945e-08	2.7264363365130696e-08	9.49367662205356e-08	1.1506255505379322e-08	2.2871112790786207e-08	0.9999996468327031	6.899740742046434e-08	2.4972707670417628e-08	1.1722729596435518e-08
FJ850106_FJ850106.1	2.1574842888915327e-09	5.75718418453042e-09	2.374015130095965e-09	8.26651911927823e-09	1.0018951025313523e-09	1.9914781036991637e-09	0.9999999692483307	6.0078767197204436e-09	2.174472268605661e-09	1.020744356448296e-09
0.862	1.0074941286371878e-07	0.0037211784148489836	1.1086089083079747e-07	3.860268888084861e-07	4.6786131352516106e-08	9.299731669505101e-08	0.9962776544018207	2.805536314614018e-07	1.015427113321023e-07	4.766634692341462e-08
EU920842	0.0	0.0	0.0	0.0	0.0	0.0	1.0	0.0	0.0	0.0
EU482552.1	0.0	1.0	0.0	0.0	0.0	0.0	0.0	0.0	0.0	0.0
EU482552	0.0	1.0	0.0	0.0	0.0	0.0	0.0	0.0	0.0	0.0
EU596490.1	0.0	1.0	0.0	0.0	0.0	0.0	0.0	0.0	0.0	0.0
EU596490	0.0	1.0	0.0	0.0	0.0	0.0	0.0	0.0	0.0	0.0
EU482551_EU482551.1	2.5129982986183183e-11	0.9999999996190394	2.7652094649298934e-11	9.628690502731343e-11	1.1669891183072685e-11	2.3196373257961823e-11	8.982940983023309e-11	6.997865084210176e-11	2.5327855871461533e-11	1.1889443850350003e-11
EU596489	0.0	1.0	0.0	0.0	0.0	0.0	0.0	0.0	0.0	0.0
KC294222.1	0.0	0.0	0.0	0.0	0.0	0.0	1.0	0.0	0.0	0.0
KC294222	0.0	0.0	0.0	0.0	0.0	0.0	1.0	0.0	0.0	0.0
EU482451_EU660413	1.9175322303464256e-09	5.116879078724434e-09	2.109980844625874e-09	7.34712967580172e-09	8.904658821488601e-10	1.769988995764276e-09	6.8543933625890505e-09	0.9999999711537805	1.9326308332878406e-09	9.072187512611973e-10
EU687249	0.0	0.0	0.0	0.0	0.0	0.0	0.0	1.0	0.0	0.0
FJ639718_GQ868631.2	1.9041526669798225e-08	5.08117610237307e-08	2.095258472836645e-08	7.295865146577991e-08	8.842526647085168e-09	1.7576389139496205e-08	6.806566896424351e-08	0.9999997135505458	1.9191459195591392e-08	9.008886408318793e-09
GU131932	0.0	0.0	0.0	0.0	0.0	0.0	0.0	1.0	0.0	0.0
HQ705625.1	0.0	0.0	1.0	0.0	0.0	0.0	0.0	0.0	0.0	0.0
HQ705625	0.0	0.0	1.0	0.0	0.0	0.0	0.0	0.0	0.0	0.0
0.961	3.2031021569389786e-10	8.547385099702321e-10	0.9999999946419426	1.2272861201200896e-09	1.4874603631962364e-10	2.956641604436841e-10	1.1449779991758238e-09	8.919574978433369e-10	3.228323306749676e-10	1.5154448478058897e-10
FJ906956_FJ906956.1	2.674824044697675e-12	7.137690296402458e-12	0.9999999999552562	1.0248734704603037e-11	1.2421379494228313e-12	2.4690114981093425e-12	9.56140183091503e-12	7.448496005384146e-12	2.695885545281549e-12	1.2655070362158373e-12
FJ850066.3	0.0	0.0	1.0	0.0	0.0	0.0	0.0	0.0	0.0	0.0
FJ850066.2	0.0	0.0	1.0	0.0	0.0	0.0	0.0	0.0	0.0	0.0
FJ850066.1	0.0	0.0	1.0	0.0	0.0	0.0	0.0	0.0	0.0	0.0
FJ850066	0.0	0.0	1.0	0.0	0.0	0.0	0.0	0.0	0.0	0.0
GU369819.1	0.0	0.0	1.0	0.0	0.0	0.0	0.0	0.0	0.0	0.0
GU369819	0.0	0.0	1.0	0.0	0.0	0.0	0.0	0.0	0.0	0.0
EU482605_EU482605.1	0.0	0.0	0.0	0.0	0.0	0.0	1.0	0.0	0.0	0.0
GQ868641	0.0	0.0	0.0	0.0	0.0	0.0	1.0	0.0	0.0	0.0
FJ850106.1	0.0	0.0	0.0	0.0	0.0	0.0	1.0	0.0	0.0	0.0
FJ850106	0.0	0.0	0.0	0.0	0.0	0.0	1.0	0.0	0.0	0.0
0.964	1.1667139642683745e-05	0.007687051879918609	1.2838084684079701e-05	4.470328401468281e-05	5.4180000886865845e-06	1.076941938851509e-05	0.9921777841472526	3.2489106412459804e-05	1.1759006421316766e-05	5.519932176322957e-06
HM181971_JX286525.2	3.819395400869167e-09	9.75355645305233e-06	4.20272004108041e-09	1.4634222491413768e-08	1.7736553477882473e-09	3.5255145770299707e-09	0.9999902021957988	1.0635746842021542e-08	3.84946922894953e-09	1.8070241904217108e-09
EU482551.1	0.0	1.0	0.0	0.0	0.0	0.0	0.0	0.0	0.0	0.0
EU482551	0.0	1.0	0.0	0.0	0.0	0.0	0.0	0.0	0.0	0.0
0.164	1.8117104146418312e-09	4.834496636185959e-09	1.9935384711697138e-09	6.941667597925729e-09	8.413242223734926e-10	1.672309568871363e-09	6.476123657546517e-09	0.999999972745701	1.825975779136153e-09	8.57152559944887e-10
EU482468_EU660413	3.5408553874137036e-09	9.448669788133167e-09	3.8962250140032806e-09	1.3566981187007046e-08	1.6443066073237567e-09	3.2684066385588986e-09	1.2657109633558247e-08	0.9999999467334677	3.5687359980868638e-09	1.6752419344657356e-09
GQ868631_GQ868631.2	0.0	0.0	0.0	0.0	0.0	0.0	0.0	1.0	0.0	0.0
FJ639718	0.0	0.0	0.0	0.0	0.0	0.0	0.0	1.0	0.0	0.0
EU482639_FJ906961	2.906655013577463e-10	7.756324505355004e-10	0.999999995137831	1.1137007748607537e-09	1.3497958885937777e-10	2.683004388189976e-10	1.0390102714885362e-09	8.094068206310209e-10	2.9295419456681687e-10	1.3751904088143769e-10
EU482762_EU482762.3	1.0513868440737893e-21	2.805595265074294e-21	1.0	4.028446229269637e-21	4.882442645664071e-22	9.704885867632773e-22	3.758277900878293e-21	2.9277629396673826e-21	1.059665438949678e-21	4.974298969674954e-22
FJ906956.1	0.0	0.0	1.0	0.0	0.0	0.0	0.0	0.0	0.0	0.0
FJ906956	0.0	0.0	1.0	0.0	0.0	0.0	0.0	0.0	0.0	0.0
EU482605.1	0.0	0.0	0.0	0.0	0.0	0.0	1.0	0.0	0.0	0.0
EU482605	0.0	0.0	0.0	0.0	0.0	0.0	1.0	0.0	0.0	0.0
EU920846_EU920846.2	1.442127152971872e-13	1.8063471011830897e-11	1.586862854313437e-13	5.525589105725165e-13	6.696967107613738e-14	1.3311636440092218e-13	0.9999999999802658	4.0158448401345554e-13	1.4534824276990255e-13	6.822961169433082e-14
EU920850	0.0	1.0	0.0	0.0	0.0	0.0	0.0	0.0	0.0	0.0
JX286520_JX286525.2	1.2256961521432337e-07	3.914749817736639e-07	1.3487102649047197e-07	4.6963218820580693e-07	5.69190226944715e-08	1.1313857817410442e-07	0.9999981885543442	3.4131564321590643e-07	1.23534725434384e-07	5.7989874432105194e-08
HM181971_HM181971.1	1.0187118535789859e-08	2.833033736338456e-08	1.1209524738244699e-08	3.903250215079283e-08	4.730706138841944e-09	9.403277515516283e-09	0.9999998536517546	2.8367739504443483e-08	1.0267331663608432e-08	4.819707752875371e-09
JX567950	0.0	0.0	0.0	0.0	0.0	0.0	1.0	0.0	0.0	0.0
EU482451_FJ410221.3	5.954786363838048e-08	1.5890174507205906e-07	6.552424497849361e-08	2.2816089823381932e-07	2.765290725530638e-08	5.496599310988555e-08	2.1285925462933842e-07	0.999999104197193	6.001674209312381e-08	2.8173157997205437e-08
0.854	3.806155107790893e-09	1.015661438864934e-08	4.188150917110182e-09	1.4583491583921209e-08	1.767506804848906e-09	3.5132930494444817e-09	1.3605447613839083e-08	0.999999942742456	3.836124682120074e-09	1.8007599712535992e-09
0.857	9.446828659208902e-10	2.5208587976572123e-09	1.0394937408583972e-09	3.6196040976974173e-09	4.3869294515127096e-10	8.719948748214541e-10	3.376854825929013e-09	0.9999999857887503	9.521212762236572e-10	4.4694633883872974e-10
EU482468	0.0	0.0	0.0	0.0	0.0	0.0	0.0	1.0	0.0	0.0
GQ868631.2	0.0	0.0	0.0	0.0	0.0	0.0	0.0	1.0	0.0	0.0
GQ868631.1	0.0	0.0	0.0	0.0	0.0	0.0	0.0	1.0	0.0	0.0
GQ868631	0.0	0.0	0.0	0.0	0.0	0.0	0.0	1.0	0.0	0.0
0.906	3.059175116706782e-09	8.163319971942965e-09	0.9999999488269967	1.1721396870273205e-08	1.4206233542442238e-09	2.8237889340241582e-09	1.0935299695674101e-08	8.5187860045338e-09	3.0832629884433977e-09	1.4473503940878507e-09
FJ906961	0.0	0.0	1.0	0.0	0.0	0.0	0.0	0.0	0.0	0.0
EU482762.3	0.0	0.0	1.0	0.0	0.0	0.0	0.0	0.0	0.0	0.0
EU482762.2	0.0	0.0	1.0	0.0	0.0	0.0	0.0	0.0	0.0	0.0
EU482762.1	0.0	0.0	1.0	0.0	0.0	0.0	0.0	0.0	0.0	0.0
EU482762	0.0	0.0	1.0	0.0	0.0	0.0	0.0	0.0	0.0	0.0
EU920846.2	0.0	0.0	0.0	0.0	0.0	0.0	1.0	0.0	0.0	0.0
EU920846.1	0.0	0.0	0.0	0.0	0.0	0.0	1.0	0.0	0.0	0.0
EU920846	0.0	0.0	0.0	0.0	0.0	0.0	1.0	0.0	0.0	0.0
0.072	1.776269249134601e-07	4.774301920723915e-07	1.9545403364067006e-07	6.805872832798818e-07	8.248660120715576e-08	1.6395954001329709e-07	0.9999974647594458	4.94631952815467e-07	1.7902555507389717e-07	8.403847114540684e-08
JX286525_JX286525.2	1.7500075778162996e-13	4.671471310538648e-13	1.9256429741863711e-13	6.705249801996367e-13	8.126705861240471e-14	1.6153544155444759e-13	0.9999999999975054	4.873189501416337e-13	1.7637870956485192e-13	8.27959845638323e-14
HM181971.1	0.0	0.0	0.0	0.0	0.0	0.0	1.0	0.0	0.0	0.0
HM181971	0.0	0.0	0.0	0.0	0.0	0.0	1.0	0.0	0.0	0.0
EU482451_EU482661.1	1.3357069061229958e-08	3.56429509506275e-08	1.4697619895780573e-08	5.117834106171251e-08	6.202771508243475e-09	1.2329318318560564e-08	4.7746058224219635e-08	0.9999997990641607	1.3462242303705329e-08	6.319467971627985e-09
FJ410221_FJ410221.3	1.8111836717528366e-18	4.833091038081319e-18	1.9929588629690103e-18	6.939649353721015e-18	8.410796128885039e-19	1.6718233558615569e-18	6.474240767180986e-18	1.0	1.825444888686243e-18	8.56903348474839e-19
EU482464_EU482676	1.1052917219203335e-09	2.949438866412013e-09	1.2162217271070965e-09	4.234985718634705e-09	5.132766754141129e-10	1.0202457898477666e-09	3.950965789548497e-09	0.9999999833726455	1.1139947625157411e-09	5.229332575853216e-10
EU482649_EU482649.3	0.0	0.0	0.0	0.0	0.0	0.0	0.0	1.0	0.0	0.0
EU482469_FM210211.1	6.174000412722201e-09	1.6475140831498223e-08	6.793639449388864e-09	2.3656020447973544e-08	2.867089604490699e-09	5.698946081541553e-09	2.2069526018834985e-08	0.9999999071219929	6.222614344376942e-09	2.9210298820917513e-09
EU660413	0.0	0.0	0.0	0.0	0.0	0.0	0.0	1.0	0.0	0.0
EU482639	0.0	0.0	1.0	0.0	0.0	0.0	0.0	0.0	0.0	0.0
FJ744741	0.0	0.0	1.0	0.0	0.0	0.0	0.0	0.0	0.0	0.0
JX286520_JX286520.1	3.4083915683390796e-10	9.095469627621503e-10	3.750466775142833e-10	1.3059438815259078e-09	1.5827929025534428e-10	3.1461351594210294e-10	0.9999999951418266	9.491237762679855e-10	3.435229162067515e-10	1.612570935446096e-10
KC294211	0.0	0.0	0.0	0.0	0.0	0.0	1.0	0.0	0.0	0.0
JX286525.2	0.0	0.0	0.0	0.0	0.0	0.0	1.0	0.0	0.0	0.0
JX286525.1	0.0	0.0	0.0	0.0	0.0	0.0	1.0	0.0	0.0	0.0
JX286525	0.0	0.0	0.0	0.0	0.0	0.0	1.0	0.0	0.0	0.0
EU482451_FJ410224.1	5.992264238696642e-08	1.5990183128048926e-07	6.593663751509589e-08	2.2959688351845686e-07	2.7826947453269536e-08	5.531193475839885e-08	2.1419893535339212e-07	0.9999990985592434	6.03944718406167e-08	2.8350472517874512e-08
EU482661_EU482661.1	1.331699550197069e-09	3.553601582133023e-09	1.465352444795712e-09	5.102479702642107e-09	6.184162101459113e-10	1.2292328192508195e-09	4.76028116418389e-09	0.9999999799667004	1.3421853206198446e-09	6.300508454904131e-10
FJ410221.3	0.0	0.0	0.0	0.0	0.0	0.0	0.0	1.0	0.0	0.0
FJ410221.2	0.0	0.0	0.0	0.0	0.0	0.0	0.0	1.0	0.0	0.0
FJ410221.1	0.0	0.0	0.0	0.0	0.0	0.0	0.0	1.0	0.0	0.0
FJ410221	0.0	0.0	0.0	0.0	0.0	0.0	0.0	1.0	0.0	0.0
EU482464_EU482705.1	5.743835832841393e-08	1.5327259140454767e-07	6.320302412743036e-08	2.2007821319789874e-07	2.6673292687681774e-08	5.3018802274677257e-08	2.053186360331291e-07	0.9999991359313422	5.7890626588776227e-08	2.7175113352740217e-08
EU482642_EU482676	2.7644646358440194e-09	7.376893611049385e-09	3.0419136299068766e-09	1.0592197535081109e-08	1.2837653530243102e-09	2.5517547539419547e-09	9.881830277042116e-09	0.9999999584130307	2.786231964299641e-09	1.307917601146686e-09
EU482649.3	0.0	0.0	0.0	0.0	0.0	0.0	0.0	1.0	0.0	0.0
EU482649.2	0.0	0.0	0.0	0.0	0.0	0.0	0.0	1.0	0.0	0.0
EU482649.1	0.0	0.0	0.0	0.0	0.0	0.0	0.0	1.0	0.0	0.0
EU482649	0.0	0.0	0.0	0.0	0.0	0.0	0.0	1.0	0.0	0.0
FM210211_FM210211.1	0.0	0.0	0.0	0.0	0.0	0.0	0.0	1.0	0.0	0.0
EU482469_FJ432726	1.5969361010905322e-08	4.261377616716076e-08	1.757208838562161e-08	6.118748062222483e-08	7.415870729515912e-09	1.4740609211863403e-08	5.708393339399697e-08	0.9999997597663873	1.6095103377743252e-08	7.555389956671235e-09
JX286520.1	0.0	0.0	0.0	0.0	0.0	0.0	1.0	0.0	0.0	0.0
JX286520	0.0	0.0	0.0	0.0	0.0	0.0	1.0	0.0	0.0	0.0
FJ410224_FJ410224.1	0.0	0.0	0.0	0.0	0.0	0.0	0.0	1.0	0.0	0.0
EU482451	0.0	0.0	0.0	0.0	0.0	0.0	0.0	1.0	0.0	0.0
EU482661.1	0.0	0.0	0.0	0.0	0.0	0.0	0.0	1.0	0.0	0.0
EU482661	0.0	0.0	0.0	0.0	0.0	0.0	0.0	1.0	0.0	0.0
0.606	6.86977994228743e-08	1.8331808303311124e-07	7.559249255697155e-08	2.632193779141267e-07	3.190196524296416e-08	6.341189320700046e-08	2.455665323046763e-07	0.9999989665509761	6.92387242532473e-08	3.250215606313571e-08
EU482705_EU482705.1	5.456302098631759e-11	1.4559983719619214e-10	6.003911031276413e-11	2.0906120082140252e-10	2.5338040136363344e-11	5.0364705840688675e-11	1.9504048118338816e-10	0.9999999991791862	5.499264890918574e-11	2.5814739893734487e-11
EU482642_FJ410217.1	3.2098183099425046e-10	8.565306958978303e-10	3.531964178502763e-10	1.229859450896935e-09	1.4905792182612452e-10	2.9628409875408035e-10	1.1473787491338228e-09	0.9999999951713394	3.2350923425813987e-10	1.5186223797632215e-10
EU482676	0.0	0.0	0.0	0.0	0.0	0.0	0.0	1.0	0.0	0.0
FM210211.1	0.0	0.0	0.0	0.0	0.0	0.0	0.0	1.0	0.0	0.0
FM210211	0.0	0.0	0.0	0.0	0.0	0.0	0.0	1.0	0.0	0.0
0.809	1.1878248383618969e-08	3.169676091183701e-08	1.3070380857492219e-08	4.551215870831238e-08	5.516035015167198e-09	1.096428450861661e-08	4.245987920899394e-08	0.9999998213106636	1.1971777427431365e-08	5.619811492717536e-09
FJ410228_FJ432726	9.574533628959784e-08	2.554936498027827e-07	1.0535459187396111e-07	3.668534955711447e-07	4.4462332362128334e-08	8.83782754450608e-08	3.4225041288808567e-07	0.9999985596638441	9.649923277866372e-08	4.5298828907840396e-08
FJ410224.1	0.0	0.0	0.0	0.0	0.0	0.0	0.0	1.0	0.0	0.0
FJ410224	0.0	0.0	0.0	0.0	0.0	0.0	0.0	1.0	0.0	0.0
EU482659_EU482659.2	0.0	0.0	0.0	0.0	0.0	0.0	0.0	1.0	0.0	0.0
EU482464	0.0	0.0	0.0	0.0	0.0	0.0	0.0	1.0	0.0	0.0
EU482705.1	0.0	0.0	0.0	0.0	0.0	0.0	0.0	1.0	0.0	0.0
EU482705	0.0	0.0	0.0	0.0	0.0	0.0	0.0	1.0	0.0	0.0
EU482642_GU131899.1	5.143625357640568e-10	1.372561491524584e-09	5.659853224262516e-10	1.970808203807864e-09	2.3886028193159396e-10	4.747852545723896e-10	1.8386356668793384e-09	0.9999999922622346	5.18412614074364e-10	2.43354103783229e-10
0.954	2.168463516304863e-08	5.786481929199694e-08	2.386096259173033e-08	8.308586629940766e-08	1.0069936491263985e-08	2.0016125418045804e-08	7.751370067188539e-08	0.9999996737891864	2.1855379461931758e-08	1.0259388250606618e-08
0.821	4.6099471819857373e-08	1.2301510199526571e-07	5.072613693157926e-08	1.7663264902998225e-07	2.1407727177159172e-08	4.255237880249433e-08	1.6478675490310014e-07	0.9999993065068378	4.646245795891759e-08	2.1810483597793846e-08
EU482541	0.0	0.0	0.0	0.0	0.0	0.0	0.0	1.0	0.0	0.0
FJ410228	0.0	0.0	0.0	0.0	0.0	0.0	0.0	1.0	0.0	0.0
FJ432726	0.0	0.0	0.0	0.0	0.0	0.0	0.0	1.0	0.0	0.0
EU482659.2	0.0	0.0	0.0	0.0	0.0	0.0	0.0	1.0	0.0	0.0
EU482659.1	0.0	0.0	0.0	0.0	0.0	0.0	0.0	1.0	0.0	0.0
EU482659	0.0	0.0	0.0	0.0	0.0	0.0	0.0	1.0	0.0	0.0
0.824	5.517382194128668e-10	1.4722974180915486e-09	6.071121286961721e-10	2.1140151810590047e-09	2.562168460532003e-10	5.092850912482036e-10	1.9722384475107477e-09	0.9999999916999769	5.560825929627255e-10	2.6103720736333475e-10
0.887	1.3064506110567556e-08	3.486225521171735e-08	1.4375694552375332e-08	5.0057370106004765e-08	6.066910779634708e-09	1.2059266428404219e-08	4.6700265347613054e-08	0.9999998034653045	1.3167375719363395e-08	6.1810512135861775e-09
EU482699_FJ410217.1	1.6561529772472057e-08	4.419396131303837e-08	1.8223688772784807e-08	6.345640763807148e-08	7.690862758491746e-09	1.528721394424859e-08	5.920069449171386e-08	0.9999997508581508	1.6691934861982232e-08	7.835555575742682e-09
EU482670_EU482670.1	8.180352906599726e-11	2.182903420444757e-10	9.001354794483283e-11	3.1343469824103834e-10	3.798801945534087e-11	7.550921125082729e-11	2.9241415491881065e-10	0.9999999987693962	8.244764809827598e-11	3.8702710866354245e-11
EU482469_EU482469.1	0.0	0.0	0.0	0.0	0.0	0.0	0.0	1.0	0.0	0.0
FJ410259	0.0	0.0	0.0	0.0	0.0	0.0	0.0	1.0	0.0	0.0
0.971	3.019097656441731e-08	8.056374432925037e-08	3.3221022949877925e-08	1.1567837888064636e-07	1.4020121359061845e-08	2.7867952071262774e-08	1.0792039168793381e-07	0.9999995458248224	3.042869959214308e-08	1.4283890317284747e-08
EU482652_FJ410223	3.7117242729660123e-10	9.904628447836954e-10	4.084242753550119e-10	1.4221674672647041e-09	1.7236549022296738e-10	3.426128132028373e-10	1.3267896005994415e-09	0.9999999944163017	3.740950301159238e-10	1.7560830564697983e-10
EU482642_FJ410195.1	1.7075312803871297e-08	4.556497641399208e-08	1.878903643025305e-08	6.542499543919268e-08	7.929453929501886e-09	1.576146428403181e-08	6.103725866753353e-08	0.9999997431291031	1.7209763408688256e-08	8.078635505659168e-09
FM210246	0.0	0.0	0.0	0.0	0.0	0.0	0.0	1.0	0.0	0.0
0.904	6.60865551605218e-08	1.763500535397782e-07	7.271917690312849e-08	2.5321425262492587e-07	3.068935254796827e-08	6.100156938742041e-08	2.3623240218852483e-07	0.9999990058329887	6.660691911599721e-08	3.126672975767987e-08
FJ410217_FJ410217.1	3.560860652533444e-11	9.502053257227215e-11	3.9182380605254185e-11	1.3643632455083505e-10	1.6535966759706097e-11	3.2868726119380735e-11	1.2728620273266664e-10	0.999999999464325	3.588898784185915e-11	1.684706782750086e-11
EU482670.1	0.0	0.0	0.0	0.0	0.0	0.0	0.0	1.0	0.0	0.0
EU482670	0.0	0.0	0.0	0.0	0.0	0.0	0.0	1.0	0.0	0.0
EU482469.1	0.0	0.0	0.0	0.0	0.0	0.0	0.0	1.0	0.0	0.0
EU482469	0.0	0.0	0.0	0.0	0.0	0.0	0.0	1.0	0.0	0.0
0.907	9.24423774693346e-08	2.4667980009646514e-07	1.0172013935678778e-07	3.541980280998506e-07	4.292850044366524e-08	8.532946058145233e-08	3.3044368617120163e-07	0.9999986093516011	9.317026653960991e-08	4.373614008886549e-08
GU131899_GU131899.1	1.9060282232896077e-10	5.086180969926599e-10	2.0973222649461258e-10	7.303051443217066e-10	8.851236377630928e-11	1.7593701568339476e-10	6.813271243041061e-10	0.999999997132684	1.9210362439544704e-10	9.017760000253023e-11
0.817	9.501054373472965e-08	2.5353287720574105e-07	1.0454605359178294e-07	3.640380976863046e-07	4.412110852754961e-08	8.77000210117305e-08	3.396238300691579e-07	0.9999985707176282	9.575865448478438e-08	4.4951185424453894e-08
0.596	7.036066527142139e-10	1.8775539226656223e-09	7.742224802709632e-10	2.6959073941167524e-09	3.2674168849916927e-10	6.494681095533416e-10	2.515105975228646e-09	0.9999999894153581	7.091468346773357e-10	3.32888876000347e-10
FJ024452_FJ410195.1	1.1336201958782683e-08	3.025032576615965e-08	1.2473933217550399e-08	4.343527816854831e-08	5.2643188561275785e-09	1.0463945483295373e-08	4.052228496269452e-08	0.9999998294648891	1.1425462942004033e-08	5.363359646493952e-09
EU482642_EU482642.1	7.355831278762017e-11	1.962882218158296e-10	8.094081991875417e-11	2.818427008583797e-10	3.415909618060312e-11	6.789841762271321e-11	2.6294087940499623e-10	0.9999999988934322	7.413750918403223e-11	3.4801751759869554e-11
EU482699_EU482699.1	0.0	0.0	0.0	0.0	0.0	0.0	0.0	1.0	0.0	0.0
EU482701_EU482701.3	0.0	0.0	0.0	0.0	0.0	0.0	0.0	1.0	0.0	0.0
FJ410217.1	0.0	0.0	0.0	0.0	0.0	0.0	0.0	1.0	0.0	0.0
FJ410217	0.0	0.0	0.0	0.0	0.0	0.0	0.0	1.0	0.0	0.0
FJ410202	0.0	0.0	0.0	0.0	0.0	0.0	0.0	1.0	0.0	0.0
FJ205879	0.0	0.0	0.0	0.0	0.0	0.0	0.0	1.0	0.0	0.0
GU131899.1	0.0	0.0	0.0	0.0	0.0	0.0	0.0	1.0	0.0	0.0
GU131899	0.0	0.0	0.0	0.0	0.0	0.0	0.0	1.0	0.0	0.0
EU482654_EU482654.2	1.2564579529166486e-15	3.3528215645244337e-15	1.3825594014933524e-15	4.814187405133332e-15	5.834754283242182e-16	1.1597806363344406e-15	4.4913232312596854e-15	0.999999999999981	1.2663512728011559e-15	5.944527017683078e-16
FJ410223	0.0	0.0	0.0	0.0	0.0	0.0	0.0	1.0	0.0	0.0
0.756	1.1081688800455078e-09	2.957116479327143e-09	1.2193876444434537e-09	4.246009707441205e-09	5.146127735028279e-10	1.0229015669658974e-09	3.9612504529529565e-09	0.9999999833293634	1.1168945753152121e-09	5.242944924893263e-10
0.990	1.4245032769231e-07	3.801245632228753e-07	1.567470199377831e-07	5.458062260193505e-07	6.61512514384233e-08	1.314895825312164e-07	5.092016526138935e-07	0.9999978570616037	1.4357197816715598e-07	6.73957946367442e-08
0.884	2.0862383041191865e-08	5.567066337994453e-08	2.2956187068735695e-08	7.993536229750445e-08	9.68809807965842e-09	1.9257140935596002e-08	7.457448567605113e-08	0.9999996861586605	2.1026652946524172e-08	9.870366083778165e-09
FJ410195_FJ410195.1	3.0760788089240395e-11	8.208426983804796e-11	3.384802226879241e-11	1.1786164292043003e-10	1.4284731108029927e-11	2.8393919829527937e-11	1.0995723480945384e-10	0.9999999995372529	3.100299779929076e-11	1.455347832828306e-11
EU482642.1	0.0	0.0	0.0	0.0	0.0	0.0	0.0	1.0	0.0	0.0
EU482642	0.0	0.0	0.0	0.0	0.0	0.0	0.0	1.0	0.0	0.0
EU482699.1	0.0	0.0	0.0	0.0	0.0	0.0	0.0	1.0	0.0	0.0
EU482699	0.0	0.0	0.0	0.0	0.0	0.0	0.0	1.0	0.0	0.0
EU482701.3	0.0	0.0	0.0	0.0	0.0	0.0	0.0	1.0	0.0	0.0
EU482701.2	0.0	0.0	0.0	0.0	0.0	0.0	0.0	1.0	0.0	0.0
EU482701.1	0.0	0.0	0.0	0.0	0.0	0.0	0.0	1.0	0.0	0.0
EU482701	0.0	0.0	0.0	0.0	0.0	0.0	0.0	1.0	0.0	0.0
EU482654.2	0.0	0.0	0.0	0.0	0.0	0.0	0.0	1.0	0.0	0.0
EU482654.1	0.0	0.0	0.0	0.0	0.0	0.0	0.0	1.0	0.0	0.0
EU482654	0.0	0.0	0.0	0.0	0.0	0.0	0.0	1.0	0.0	0.0
0.802	1.4519572598941214e-08	3.874505788626071e-08	1.5976795368068425e-08	5.5632536983415387e-08	6.7426162742541164e-09	1.3402373799309508e-08	5.190153285289628e-08	0.9999997815761457	1.4633899366481831e-08	6.8694691612448066e-09
FJ024454_FJ859028.1	9.640554488933877e-08	2.572553972812061e-07	1.0608106075769871e-07	3.6938312095037486e-07	4.476892081152528e-08	8.89876847357924e-08	3.446103885757804e-07	0.9999985497320568	9.716463984513613e-08	4.5611185389755004e-08
JF730049_JF730049.1	4.194905223789308e-12	1.1193982785343574e-11	4.615917024569327e-12	1.6073008927370147e-11	1.9480350429142766e-12	3.87213104785193e-12	1.4995070261445823e-11	0.9999999999368944	4.2279358072384405e-12	1.9846845954175505e-12
FJ461309	0.0	0.0	0.0	0.0	0.0	0.0	0.0	1.0	0.0	0.0
FM210206_FM210206.1	0.0	0.0	0.0	0.0	0.0	0.0	0.0	1.0	0.0	0.0
FJ024452	0.0	0.0	0.0	0.0	0.0	0.0	0.0	1.0	0.0	0.0
FJ410195.1	0.0	0.0	0.0	0.0	0.0	0.0	0.0	1.0	0.0	0.0
FJ410195	0.0	0.0	0.0	0.0	0.0	0.0	0.0	1.0	0.0	0.0
EU482652_FJ547064.1	6.695333609623564e-09	1.7866303329865818e-08	7.3672950269698025e-09	2.5653537121392167e-08	3.109186930275095e-09	6.180165644393603e-09	2.3933078947951826e-08	0.9999998992793651	6.748052506407766e-09	3.1676819301767086e-09
EU677148	0.0	0.0	0.0	0.0	0.0	0.0	0.0	1.0	0.0	0.0
FJ024454_FJ024454.2	0.0	0.0	0.0	0.0	0.0	0.0	0.0	1.0	0.0	0.0
FJ859028_FJ859028.1	3.319431099934168e-10	8.857805506326126e-10	3.6525779984679293e-10	1.271858191228391e-09	1.5414813351540022e-10	3.0640196947405317e-10	1.1865608378770187e-09	0.9999999950064444	3.3455682210610625e-10	1.5704821487333244e-10
JF730049.1	0.0	0.0	0.0	0.0	0.0	0.0	0.0	1.0	0.0	0.0
JF730049	0.0	0.0	0.0	0.0	0.0	0.0	0.0	1.0	0.0	0.0
FM210206.1	0.0	0.0	0.0	0.0	0.0	0.0	0.0	1.0	0.0	0.0
FM210206	0.0	0.0	0.0	0.0	0.0	0.0	0.0	1.0	0.0	0.0
0.837	3.9170765239973e-09	1.04526049670536e-08	4.310204700483623e-09	1.5008493060190958e-08	1.8190166231290376e-09	3.6156796914903687e-09	1.4001946304699062e-08	0.9999999410738196	3.947919490906015e-09	1.8532388746620297e-09
FJ547064_FJ547064.1	5.6383414412565465e-11	1.5045750419672666e-10	6.204220324558643e-11	2.1603613785346683e-10	2.618339658592297e-11	5.2045030312647224e-11	2.01547643055666e-10	0.9999999991518013	5.682737606975376e-11	2.6676000541575765e-11
FJ024454.2	0.0	0.0	0.0	0.0	0.0	0.0	0.0	1.0	0.0	0.0
FJ024454.1	0.0	0.0	0.0	0.0	0.0	0.0	0.0	1.0	0.0	0.0
FJ024454	0.0	0.0	0.0	0.0	0.0	0.0	0.0	1.0	0.0	0.0
FJ859028.1	0.0	0.0	0.0	0.0	0.0	0.0	0.0	1.0	0.0	0.0
FJ859028	0.0	0.0	0.0	0.0	0.0	0.0	0.0	1.0	0.0	0.0
0.435	2.5052704114182153e-08	6.685241349198748e-08	2.756705986498816e-08	9.599080680022462e-08	1.1634004329209774e-08	2.3125040557065217e-08	8.95531694735238e-08	0.9999996231219509	2.5249968507469788e-08	1.1852881835565521e-08
FJ390387_FJ390387.1	0.0	0.0	0.0	0.0	0.0	0.0	0.0	1.0	0.0	0.0
FJ547064.1	0.0	0.0	0.0	0.0	0.0	0.0	0.0	1.0	0.0	0.0
FJ547064	0.0	0.0	0.0	0.0	0.0	0.0	0.0	1.0	0.0	0.0
FJ410237	0.0	0.0	0.0	0.0	0.0	0.0	0.0	1.0	0.0	0.0
EU482652	0.0	0.0	0.0	0.0	0.0	0.0	0.0	1.0	0.0	0.0
FJ390387.1	0.0	0.0	0.0	0.0	0.0	0.0	0.0	1.0	0.0	0.0
FJ390387	0.0	0.0	0.0	0.0	0.0	0.0	0.0	1.0	0.0	0.0
