node	Africa	Caribbean	Central America	Eastern Asia	Oceania	South America	South-eastern Asia	Southern Asia
AB189123_FJ467493	0.08777312069223941	0.10940654063295108	0.06624687196054896	0.18588667036202755	0.06283821524639834	0.21343013147050893	0.18145145108618327	0.09296699854914241
AB189123_JQ922552.1	0.021422632186017258	0.047309904067697674	0.020737917619789263	0.06105014931743023	0.029367377224563465	0.06697014955392887	0.41393818125047294	0.33920368878010027
EF105378_FJ467493	0.24105478484040788	0.07186590074375798	0.04384366844161746	0.12290532918722905	0.041185513906938954	0.1412463030410473	0.2892344253360798	0.04866407450292153
AB189123_FM210234.1	0.002422119834975303	0.010556434517295108	0.0016055219433106073	0.011502775617695147	0.0158214963500473	0.005178240892002369	0.8883204410074474	0.06459296983722666
AF100465_JQ922552.1	0.0016425331284414633	0.03531853081375546	0.0016406767668326265	0.004647977717560732	0.01379273453170489	0.005813590473547388	0.01217595241608067	0.9249680041520767
EF105379_FJ467493	0.0051866783472597575	0.004419695488964713	0.002698366158537321	0.007563506269856343	0.002532316882650658	0.008692988190804813	0.9659898487585389	0.0029165999033874883
EF105378_EF105388	0.9995954475912991	4.88728415842828e-05	2.9838681065047815e-05	8.363758120113725e-05	2.8002206796218124e-05	9.612753571536597e-05	8.583098734439079e-05	3.2242574994434845e-05
AB189123_JX475906.1	0.0035522898186698885	0.002160651330864786	0.0007114340696045829	0.0028871759024196304	0.0024653756361252776	0.0022926810698200824	0.9071943257280346	0.07873606644446111
AF100460_FM210234.1	0.0013325772105701778	0.014087449445819931	0.0010259539350807759	0.014685621016405907	0.024307763906325393	0.003308370284105084	0.9163424565479587	0.024909807653734083
0.991741	0.00027439470776994857	0.00553066368609573	0.00027422304888482987	0.0007763013842279485	0.002165451128236107	0.0009656573302823377	0.001932822104483875	0.9880804866100193
AF100465_HM582107	0.003113944984624741	0.6383712128176171	0.0032819372712876577	0.008784673363053167	0.2260809989255404	0.021086265961958874	0.007004009618102291	0.09227695705781581
EF105379_EF105379.2	0.0	0.0	0.0	0.0	0.0	0.0	1.0	0.0
FJ467493	0.0	0.0	0.0	0.0	0.0	0.0	1.0	0.0
EF105378_EF457904	0.9999482607495271	6.62882765862802e-06	4.0477773376137625e-06	1.1345660255178085e-05	3.7978807938648695e-06	1.3040203951845747e-05	8.529613477236763e-06	4.349286998470329e-06
0.858202	0.9999285945112488	8.722049210839902e-06	5.325294331969521e-06	1.492669945215237e-05	4.997345095099285e-06	1.7155829554377916e-05	1.4530178556653538e-05	5.748092550042569e-06
AB189123_GU131843	0.004881424727720625	0.000683149577854864	0.00027326304951654434	0.000977322506472179	0.0006819324716435917	0.0008805128055777491	0.9728734723883229	0.01874892247289149
AF276619_JX475906.1	0.00015989901571854023	0.000238869376563337	0.00014181077291935528	0.0007088623692339143	0.0001450420745734001	0.00045685842941953485	0.006319429090644973	0.991829228870927
AF100466_FM210234.1	0.0013207471767235574	0.1231317076305718	0.001291222340577759	0.023095600597710028	0.004016916074090365	0.004172665467566174	0.8387240857212814	0.0042470549914788
AF100460_KJ734727	0.001194528056649386	0.0077616939009649	0.0010485903071869652	0.021565297037951726	0.04882986683253756	0.0033796605955398597	0.9034959649086959	0.012724398360473838
JQ922550_JQ922553.2	0.0001026144161705702	0.0015665658608794422	0.0001027382210986465	0.0002900794214033054	0.0006214694187346774	0.00035360554190583894	0.0005853430355416817	0.9963775840842657
JQ922552_JQ922552.1	0.0	0.0	0.0	0.0	0.0	0.0	0.0	1.0
AF100465_EU056812	0.00013557785668619554	0.9723705791689718	0.00036714456095818525	0.00038245336235129393	0.006454869845436195	0.017330032531594836	0.00029187900478594344	0.002667463669215644
HM582107	0.0	0.0	0.0	0.0	1.0	0.0	0.0	0.0
EF105379	0.0	0.0	0.0	0.0	0.0	0.0	1.0	0.0
EF105379.1	0.0	0.0	0.0	0.0	0.0	0.0	1.0	0.0
EF105379.2	0.0	0.0	0.0	0.0	0.0	0.0	1.0	0.0
EF105389_EF457904	0.9999729523126544	3.5052084460589987e-06	2.1404568765643394e-06	5.999540808456912e-06	2.0082356881878786e-06	6.895633542859864e-06	4.201159948282552e-06	2.2974520351701738e-06
EF105378	1.0	0.0	0.0	0.0	0.0	0.0	0.0	0.0
EF105387_EF105388	0.9999988088754375	1.5418425235000769e-07	9.415239537615474e-08	2.639022337921642e-07	8.833671165119247e-08	3.033186206920902e-07	1.8616142028504812e-07	1.010689283820311e-07
EF105385	1.0	0.0	0.0	0.0	0.0	0.0	0.0	0.0
GQ398262_GU131843	0.026589533380743154	0.0007561043939826025	0.00042257350243487076	0.0012419399689189091	0.0005122212104786908	0.0013613985018000971	0.9636426611561802	0.005473567885461503
AB189123_JN851127	1.1938457463641251e-05	6.031209896369847e-06	3.4162632977250026e-06	9.967304917365516e-06	3.9939140794814585e-06	1.1006061485995871e-05	0.9999157756801665	3.7871108692851856e-05
AF276619_JQ922549	4.7485774824029564e-06	7.289387270422747e-06	4.363045879760166e-06	0.00044255603637489884	4.3544218245499825e-06	1.4055969737302157e-05	0.00013999564506673892	0.999382636916364
JX475906_JX475906.1	6.711361424563945e-10	1.0939576456849334e-09	6.660460039170319e-10	2.0189159136530964e-09	6.307574940395832e-10	2.1457168336020647e-09	4.255675979667151e-09	0.9999999885177941
AF100466_JN819419	5.973246555749596e-06	0.9993420101579898	5.9898885729510576e-06	2.7664074072047895e-05	7.186283665744098e-06	0.00012449813507819978	0.00047865160041616494	8.026613649320944e-06
AF119661_FM210234.1	0.00024362845311221324	0.009493413513121388	0.00024231992885536015	0.042104274973181956	0.00043823095057558934	0.0007816205774365891	0.9462213565041002	0.0004751550996167224
AF204178_KJ734727	0.004156563740443439	0.0098429865650857	0.0041034916902749075	0.12475265906996102	0.35972036419114767	0.013220491507127027	0.47380605448333724	0.010397388752623167
AF100460_M84728	6.053571802115463e-05	0.00018520112900731302	5.8654109110252806e-05	0.00043911626683597847	0.0007607012458200395	0.00018898126839534397	0.9980727853722354	0.00023402489057441399
JQ922553_JQ922553.2	0.0	0.0	0.0	0.0	0.0	0.0	0.0	1.0
JQ922550	0.0	0.0	0.0	0.0	0.0	0.0	0.0	1.0
JQ922552	0.0	0.0	0.0	0.0	0.0	0.0	0.0	1.0
JQ922552.1	0.0	0.0	0.0	0.0	0.0	0.0	0.0	1.0
0.494732	0.00011615348237700531	0.9722488761434599	0.0003832400456645123	0.00032765418716686895	0.004805376881448777	0.019874905057051646	0.0002472662965748306	0.0019965279062564003
EU056812	0.0	1.0	0.0	0.0	0.0	0.0	0.0	0.0
EF105389_EF105389.2	0.9999999999830896	2.191856858104739e-12	1.3384588251839248e-12	3.751599937108084e-12	1.255778266084725e-12	4.3119399630959625e-12	2.624104913191025e-12	1.4366069511592717e-12
EF457904	1.0	0.0	0.0	0.0	0.0	0.0	0.0	0.0
EF105387	1.0	0.0	0.0	0.0	0.0	0.0	0.0	0.0
EF105388	1.0	0.0	0.0	0.0	0.0	0.0	0.0	0.0
GQ398262	0.0	0.0	0.0	0.0	0.0	0.0	1.0	0.0
GU131843	1.0	0.0	0.0	0.0	0.0	0.0	0.0	0.0
AB189123_JN851131	3.5553196454761935e-06	5.2379370077270875e-06	3.1864100756821266e-06	8.949101811069897e-06	3.025475385234923e-06	1.026526077371199e-05	0.9999608035156974	4.976979603849478e-06
AY858035_JN851127	1.267043184416531e-07	1.636534124430324e-07	9.905249266140788e-08	2.7898057598011606e-07	9.554367087852062e-08	3.191057076819161e-07	0.9999986974535015	2.195063205679644e-07
AF276619_KF041236	3.520268246956719e-05	5.758052689315226e-05	3.509063241120546e-05	0.004360396563235511	3.3132806306317944e-05	0.00011304704625152877	0.00017450862382190256	0.9951910411186108
DQ448231_JQ922549	2.921220823191591e-07	4.7366670506672173e-07	2.8797240163696616e-07	7.034175153875774e-06	2.739464877245133e-07	9.277250616467175e-07	2.460417272658466e-06	0.999988249974835
JX475906	0.0	0.0	0.0	0.0	0.0	0.0	0.0	1.0
JX475906.1	0.0	0.0	0.0	0.0	0.0	0.0	0.0	1.0
AF208496_JN819419	5.323339212505703e-07	0.9990305948449635	5.363275782013742e-07	1.6076549850858827e-06	5.177805299549623e-07	0.0009599885031663807	5.632124060669377e-06	5.904307950332781e-07
0.692804	5.2059144867167644e-09	0.9999995035561182	5.223361188953821e-09	2.2598128069824022e-08	6.046882690053344e-09	9.870414134065757e-08	3.5189013979221254e-07	6.775314205846759e-09
FJ639697_FM210234.1	2.268822447452611e-07	7.116283392604151e-06	2.2620344758532127e-07	3.135404973760859e-05	3.6861453830241296e-07	7.294495875521018e-07	0.9999595762375452	4.0227950648544685e-07
AF119661_AF119661.1	1.5898308659545914e-07	4.901403153719909e-07	1.599147922393501e-07	0.9999742979060252	1.553280701314737e-07	5.152011708699589e-07	2.4045488630103645e-05	1.770379093808953e-07
AF204178_M29095	0.0006156202646937918	0.0011926399551677855	0.0006147852121721199	0.07070903262087234	0.8949461783383305	0.001980621873971022	0.02892458816486019	0.0010165335699322678
KJ734727	0.0	0.0	0.0	1.0	0.0	0.0	0.0	0.0
AF100460_AJ487271	1.5610311171608734e-06	3.3119960609921673e-06	1.5512888476832765e-06	6.7258571839365834e-06	7.563212857457314e-06	4.997785160635422e-06	0.9999711431346533	3.1456941188649298e-06
M84728	0.0	0.0	0.0	0.0	0.0	0.0	1.0	0.0
JQ922553	0.0	0.0	0.0	0.0	0.0	0.0	0.0	1.0
JQ922553.2	0.0	0.0	0.0	0.0	0.0	0.0	0.0	1.0
JQ922553.1	0.0	0.0	0.0	0.0	0.0	0.0	0.0	1.0
AF100465_GQ868592	0.00023633275882391203	0.04131231357456278	0.01311698215047669	0.0006666039231103619	0.00042081856004577944	0.9434458973010433	0.00046701785245706	0.00033403387948000425
GQ868600_GQ868600.1	1.706850322047106e-08	0.999998364126084	3.1630528405014014e-08	4.814525119331019e-08	2.709393445601873e-07	1.1134595671958518e-06	3.4656826872713016e-08	1.1997389454325125e-07
EF105389.1_EF105389.2	0.999999999999998	2.778988440425464e-16	1.69699112217236e-16	4.756539134196724e-16	1.5921629485241318e-16	5.466977167110674e-16	3.326963952677213e-16	1.8214296745762054e-16
EF105389	1.0	0.0	0.0	0.0	0.0	0.0	0.0	0.0
AB189123_AB189123.1	1.1596947009144951e-09	1.907358297280033e-09	1.1646565375924082e-09	3.264552455291463e-09	1.0929283133166946e-09	3.7520236655595225e-09	0.9999999863993561	1.2594300025795566e-09
JN851131	0.0	0.0	0.0	0.0	0.0	0.0	1.0	0.0
AY858035_GU370051	2.4339382438104676e-10	3.8559089997420865e-10	2.3515822677274214e-10	9.858829461901598e-10	2.2152816517177111e-10	7.575792652125879e-10	0.9999999968795905	2.912762482496002e-10
JN851126_JN851127	8.081588115184967e-07	1.331646930251437e-06	8.131682945304204e-07	2.2792541167384737e-06	7.629447013623842e-07	2.619679294085486e-06	0.9999905119941399	8.731537117416796e-07
AF276619	0.0	0.0	0.0	1.0	0.0	0.0	0.0	0.0
KF041236	0.0	0.0	0.0	0.0	0.0	0.0	0.0	1.0
DQ448231_KJ010186	2.5202281502286355e-08	4.152154530277653e-08	2.5353504370354046e-08	2.5685577653545623e-07	2.3792236300228977e-08	8.167811318061814e-08	5.217091791109091e-08	0.9999994934256249
JQ922549	0.0	0.0	0.0	0.0	0.0	0.0	0.0	1.0
AF208496_EU920828.1	1.1343548957632021e-07	0.9989341116583479	1.2182982770542493e-07	3.224378825106602e-07	1.0745447715828063e-07	0.0010647694333755496	3.308675994678674e-07	1.2288300015329004e-07
EU482545_JN819419	3.573646911711262e-05	0.9816821675292597	3.596212546152767e-05	0.00010082787384281372	3.374465237791964e-05	0.018001193290318986	7.17648032277766e-05	3.860325639415002e-05
0.770122	1.5717575906705748e-07	0.9999980397797799	1.581652058937531e-07	4.4449503533431854e-07	1.4856336906921442e-07	5.215768626222721e-07	3.603088560094587e-07	1.699351320243383e-07
AF100466_GQ868603	1.4084888429173017e-10	0.999999961681339	1.417261972876263e-10	4.0312921417353107e-10	1.3381848664418908e-10	3.6815789222071656e-08	5.303661801857311e-10	1.529827756756904e-10
0.618237	2.0010124400018138e-07	5.8546464120635944e-06	1.9963454095063858e-07	2.573233286321256e-05	3.154478755349949e-07	6.437261118623004e-07	0.9999667091482028	3.4496274949411906e-07
FJ639697_JX649148	7.305449897265963e-07	1.8732034327280133e-06	7.349449197815469e-07	5.10956553232021e-06	7.050694348167178e-07	2.367748535039321e-06	0.9999876742530903	8.04670065443071e-07
AF119661	0.0	0.0	0.0	1.0	0.0	0.0	0.0	0.0
AF119661.1	0.0	0.0	0.0	1.0	0.0	0.0	0.0	0.0
M29095	0.0	0.0	0.0	0.0	1.0	0.0	0.0	0.0
AF204178	0.0	0.0	0.0	1.0	0.0	0.0	0.0	0.0
AF100460_DQ181804	2.0541500705421048e-08	3.432247465563473e-08	2.065861707345031e-08	5.942057575650748e-08	2.327674891064178e-08	6.655332536317321e-08	0.9999997521092097	2.3117547943980176e-08
AJ487271	0.0	0.0	0.0	0.0	0.0	0.0	1.0	0.0
AF100465_JX966379	0.000279740399465036	0.029943677311856456	0.021441661456374817	0.0007890396077744387	0.00040653780527511585	0.9462280029209382	0.0005524426504605862	0.0003588978478553127
AF100468_GQ868592	1.0843152134351135e-05	0.000614070942481457	0.0001985471209412337	3.058432650895844e-05	1.311759739800587e-05	0.9990985742439821	2.140331204174745e-05	1.285930451222526e-05
GQ868600	0.0	1.0	0.0	0.0	0.0	0.0	0.0	0.0
GQ868600.1	0.0	1.0	0.0	0.0	0.0	0.0	0.0	0.0
EF105389.2	1.0	0.0	0.0	0.0	0.0	0.0	0.0	0.0
EF105389.1	1.0	0.0	0.0	0.0	0.0	0.0	0.0	0.0
AB189123.1	0.0	0.0	0.0	0.0	0.0	0.0	1.0	0.0
AB189123	0.0	0.0	0.0	0.0	0.0	0.0	1.0	0.0
GU370051	0.0	0.0	0.0	0.0	0.0	0.0	1.0	0.0
0.598077	4.673746904611897e-07	7.701933142949406e-07	4.703189086961642e-07	1.3184263142984712e-06	4.4126634736568394e-07	1.515165696396374e-06	0.9999945124290865	5.048256419190049e-07
AY858035_JX470186	3.448429096897754e-07	5.682766331982065e-07	3.470184935482201e-07	2.185605472584756e-05	3.2558215280160176e-07	1.11794467043398e-06	0.9999750678145299	3.724658843402862e-07
JN851126_JN851126.2	7.324560473850586e-12	1.2070338764695326e-11	7.370759841922255e-12	2.0659689031283086e-11	6.915447564367906e-12	2.3745425202594744e-11	0.9999999999140026	7.911311157080093e-12
JN851127	0.0	0.0	0.0	0.0	0.0	0.0	1.0	0.0
0.423615	3.331631204395176e-08	5.4901496213047126e-08	3.35253952797261e-08	1.5708853680561766e-06	3.145514062599704e-08	1.0800443715730932e-07	6.608368705347302e-08	0.9999981018281635
KF041233_KJ010186	5.8118150370807347e-08	9.577464132341457e-08	5.848484707370299e-08	1.6401419464601918e-07	5.48720668909805e-08	1.884130797136625e-07	1.1466108551965242e-07	0.9999992656619344
0.999969	1.2177459128285408e-05	0.021357228047996345	5.087169160869867e-05	3.434792100963944e-05	1.1497317128838835e-05	0.9784966977524224	2.402691513729793e-05	1.3152895568425419e-05
AF208496_FJ898451	1.9370070188641884e-08	0.9999918041143705	1.9501046360828404e-08	5.463825140065894e-08	1.828859520206668e-08	8.024828709558603e-06	3.833690926153683e-08	2.0922047512197725e-08
EU482546	0.0	1.0	0.0	0.0	0.0	0.0	0.0	0.0
EU920835_JN819419	2.894760721037933e-05	0.013780958686520028	2.91302564860046e-05	8.165033109331966e-05	2.7330850317485695e-05	0.9859635881543748	5.712771005946111e-05	3.1266403938514834e-05
EU482545_EU482545.2	3.6670798811117733e-10	0.999999961144513	3.6902209264281097e-10	1.0343966108949727e-09	3.462342305026823e-10	3.561713892455007e-08	7.258973678885799e-10	3.960899163134165e-10
EU482572_EU482572.1	2.622443705576127e-10	0.9999999968355647	2.6389901120864387e-10	7.39693029334042e-10	2.475977409470648e-10	8.502089583773728e-10	5.175410543607925e-10	2.8325100872858714e-10
GQ398284	0.0	1.0	0.0	0.0	0.0	0.0	0.0	0.0
GQ868603	0.0	1.0	0.0	0.0	0.0	0.0	0.0	0.0
AF100466_FJ898450.1	2.2687726673508608e-06	0.9982113323627967	2.2830876342997968e-06	6.399325537970963e-06	2.1420547909335827e-06	0.001768647808531599	4.47608377706912e-06	2.4505042641654182e-06
EU482561_EU482576	1.825111838404402e-08	0.9999997797509079	1.8366275005450576e-08	5.147929970390197e-08	1.723173647840132e-08	5.920017566819509e-08	3.6007431878842576e-08	1.971305506998322e-08
FM210208_FM210234.1	2.423815312407222e-07	4.111577360331088e-07	2.4390718205795914e-07	7.370980191321804e-07	2.2911237817521082e-07	7.857655240083052e-07	0.9999970885075274	2.620701018351938e-07
FM210202_FM210241.1	9.886382034787278e-08	1.6492778846801054e-07	9.948697990432837e-08	2.87999532624956e-07	9.338792783579628e-08	3.2050457056047545e-07	0.9999988279996486	1.0682973161200204e-07
FJ639697_FJ639702.1	2.653743570905863e-07	4.380779341821147e-07	2.670485163073041e-07	7.519777455745064e-07	2.5056975488746845e-07	8.603158022269968e-07	0.9999968799870242	2.8664886551050734e-07
JX649148	0.0	0.0	0.0	0.0	0.0	0.0	1.0	0.0
0.999994	1.986020246441359e-08	3.30099570439352e-08	1.9978047986135564e-08	5.690279573351303e-08	2.1070778201804888e-08	6.436077295237147e-08	0.9999997628103541	2.2007091567310606e-08
DQ181804	0.0	0.0	0.0	0.0	0.0	0.0	1.0	0.0
JX966379	0.0	0.0	1.0	0.0	0.0	0.0	0.0	0.0
AF100465	0.0	0.0	0.0	0.0	0.0	1.0	0.0	0.0
GQ868592	0.0	0.0	0.0	0.0	0.0	1.0	0.0	0.0
AF100468	0.0	0.0	0.0	0.0	0.0	1.0	0.0	0.0
EU081180	0.0	0.0	0.0	0.0	0.0	0.0	1.0	0.0
JN851129	0.0	0.0	0.0	0.0	0.0	0.0	1.0	0.0
0.999934	4.569026383648884e-06	7.529435489226415e-06	4.597854736256007e-06	0.0002963737500404617	4.313831634804069e-06	1.481231488625633e-05	0.9996628687754477	4.935011381620039e-06
0.867306	8.896140566555298e-07	1.4660217008823608e-06	8.952271171343072e-07	4.169617528823473e-06	8.399262850300781e-07	2.884037603263277e-06	0.9999878946824726	9.608732355360196e-07
JN851126.1_JN851126.2	4.342127656392023e-15	7.155522411061063e-15	4.369524471630643e-15	1.2247450139988741e-14	4.099605998997831e-15	1.407673275682571e-14	0.9999999999999489	4.689937524633619e-15
JN851126	0.0	0.0	0.0	0.0	0.0	0.0	1.0	0.0
JQ955624_KF479233	5.386980585764678e-05	8.877367066842864e-05	5.4209700371041126e-05	0.004829973500953667	5.0861006781730064e-05	0.0001746403916274109	0.00010627867537159205	0.9946413932483685
DQ448231_FJ898454.1	1.979774712261197e-07	3.2625299561839044e-07	1.9922660235741881e-07	5.855669389004074e-07	1.869197973628442e-07	6.418226188379358e-07	3.905917040658526e-07	0.9999974716418716
KJ010185_KJ010186	2.280724028500317e-08	3.758473634105822e-08	2.295114399893489e-08	6.433196415036956e-08	2.153338381722074e-08	7.393873695730363e-08	4.499589939291949e-08	0.999999711856895
KF041233_KF041233.2	3.46543543298464e-10	5.710795156095035e-10	3.4873008251184207e-10	9.77465691292687e-10	3.2718799122119427e-10	1.123458675573324e-09	6.836877763313499e-10	0.9999999956218468
EU482444_KJ189305	3.551155412969418e-07	0.00022458290378974942	0.00010763002303732221	1.0016431499476666e-06	3.3528129560035753e-07	0.9996650108491283	7.006232651250122e-07	3.8356079266921346e-07
EU920828_EU920828.1	1.5085619147809646e-08	1.9882911806227537e-06	1.873434981228455e-08	4.2550659335346374e-08	1.424304034119495e-08	0.9999978750388749	2.9762280295647624e-08	1.6293995603190696e-08
0.346199	1.382713485891126e-08	0.9999928818518562	1.3914738735355098e-08	3.9001077079946815e-08	1.3054862340668169e-08	6.996131344934763e-06	2.728426440691281e-08	1.493472150539063e-08
EU687216_FJ898451	3.187776092295154e-07	0.9998513855385267	3.2078904312967066e-07	8.99147471785176e-07	3.0097287629030284e-07	0.00014580155221846096	6.289101817137191e-07	3.443120727582072e-07
EU920835_EU920835.1	1.7044696672183212e-09	1.1111628317088532e-07	1.7152241499275298e-09	4.80764811619903e-09	1.6092701107232702e-09	0.9999998738432564	3.3628480160598907e-09	1.8410001513614435e-09
EU920840_JN819419	3.613546501560619e-08	8.39876134152987e-06	3.6363465592416463e-08	1.0192431712060748e-07	3.4117220590628806e-08	0.9999912823666572	7.130153878962946e-08	3.9029994187066006e-08
EU482545.1_EU482545.2	2.037523847212036e-13	0.9999999999966254	2.0503798273846375e-13	5.747075944802738e-13	1.923723841083924e-13	1.576573761527306e-12	4.0204296914373824e-13	2.2007340703908753e-13
EU482545	0.0	1.0	0.0	0.0	0.0	0.0	0.0	0.0
EU482572	0.0	1.0	0.0	0.0	0.0	0.0	0.0	0.0
EU482572.1	0.0	1.0	0.0	0.0	0.0	0.0	0.0	0.0
EU482551_FJ898450.1	5.899164440534992e-08	0.9999813366935391	5.936385602999295e-08	1.663924641105657e-07	5.56967771536569e-08	1.814276075891187e-05	1.1638401349874813e-07	6.371694671141961e-08
AF100466_JX669483	5.226975934959576e-05	0.04241327822819569	5.259955883264503e-05	0.00014743262759660153	4.9350328114575244e-05	0.9571254910646718	0.00010312180499409451	5.6456628245075764e-05
EU482561_EU482575	1.5761501611515401e-09	0.999999980982145	1.5860949841837523e-09	4.445705576307082e-09	1.4881171963019745e-09	5.109834269853489e-09	3.1095510869237442e-09	1.7024016360529103e-09
EU482576	0.0	1.0	0.0	0.0	0.0	0.0	0.0	0.0
FM210222_FM210234.1	3.454012584469204e-07	5.693824071136153e-07	3.4758053239944286e-07	9.750864822239736e-07	3.2611375000228836e-07	1.1197553381806739e-06	0.9999959436076072	3.7307262428121926e-07
FM210208_FM210237	1.204524256417158e-07	1.9861210001475843e-07	1.2121239216859167e-07	3.402729110523462e-07	1.1372740894791482e-07	3.9049432404233456e-07	0.9999985851249523	1.3010348587378838e-07
0.999996	1.1282683352024922e-08	1.86034655795774e-08	1.1353868931579028e-08	3.187139689003858e-08	1.0652747829656349e-08	3.657729452875124e-08	0.9999998674718611	1.2186681835153214e-08
FM210221_FM210241.1	4.36159757449265e-08	7.188579112684728e-08	4.3891170570959744e-08	1.2306792808100693e-07	4.118010812689549e-08	1.4139851763053416e-07	0.9999994878506157	4.7109892964271156e-08
FJ639697_FJ639697.1	2.8872394725270945e-11	4.758239197325701e-11	2.905456615130877e-11	8.145010102138187e-11	2.725984218929918e-11	9.360134426379832e-11	0.9999999996609942	3.1185170411224493e-11
FJ639702_FJ639702.1	0.0	0.0	0.0	0.0	0.0	0.0	1.0	0.0
AF100460_GQ868542	6.719617088447577e-09	1.107349118444661e-08	6.7620140981080386e-09	1.8953523438956017e-08	6.344571342585783e-09	2.1784307654705805e-08	0.9999999211045452	7.257930065074063e-09
DQ181805	0.0	0.0	0.0	0.0	0.0	0.0	1.0	0.0
EU179859_EU179859.1	0.0	0.0	0.0	0.0	0.0	0.0	1.0	0.0
JX470186	0.0	0.0	0.0	1.0	0.0	0.0	0.0	0.0
AY858035	0.0	0.0	0.0	0.0	0.0	0.0	1.0	0.0
JN851130	0.0	0.0	0.0	0.0	0.0	0.0	1.0	0.0
JN851126.2	0.0	0.0	0.0	0.0	0.0	0.0	1.0	0.0
JN851126.1	0.0	0.0	0.0	0.0	0.0	0.0	1.0	0.0
JQ955624	0.0	0.0	0.0	0.0	0.0	0.0	0.0	1.0
KF479233	0.0	0.0	0.0	1.0	0.0	0.0	0.0	0.0
FJ898454_FJ898454.1	8.829892255626207e-12	1.455104470842776e-11	8.885605039279556e-12	2.4908398036607893e-11	8.336714867787176e-12	2.862560636350531e-11	1.7420291288265742e-11	0.9999999998884425
DQ448231	0.0	0.0	0.0	0.0	0.0	0.0	0.0	1.0
KJ010185_KJ010185.1	0.0	0.0	0.0	0.0	0.0	0.0	0.0	1.0
KJ010186	0.0	0.0	0.0	0.0	0.0	0.0	0.0	1.0
KF041233.1_KF041233.2	2.5335507082124206e-12	4.175114323678659e-12	2.5495363129760642e-12	7.146159581060047e-12	2.3920438944891667e-12	8.213511919795107e-12	4.998383718737062e-12	0.9999999999679916
KF041233	0.0	0.0	0.0	0.0	0.0	0.0	0.0	1.0
EU482444_GQ868515.1	4.256957970306331e-10	7.303215274347311e-10	0.9999998660114228	1.2007219980840894e-09	4.0191934146903043e-10	1.2993027855002212e-07	8.398454159770515e-10	4.597945284904163e-10
0.935603	7.607917159319306e-08	1.0600110836486526e-05	5.092918986964606e-06	2.145897296437082e-07	7.182991314960445e-08	0.9999837122021915	1.5009596448867334e-07	8.217320604560895e-08
EU482605_GU131947.1	2.6410325020229023e-07	1.1556104981869573e-06	6.107634183564472e-07	7.449323795019759e-07	2.4935224930043464e-07	0.9999961689366905	5.210432840294426e-07	2.8525822983153344e-07
EU920828.1	0.0	0.0	0.0	0.0	0.0	1.0	0.0	0.0
EU920828	0.0	0.0	0.0	0.0	0.0	1.0	0.0	0.0
AF208496_EU920833	7.48750530040879e-07	0.999851416135219	7.534750921408123e-07	2.111933629690703e-06	7.069304592324002e-07	0.00014197685230949767	1.4771964240694181e-06	8.087263363776804e-07
FJ898460_FJ898460.1	4.68164455237267e-12	0.999999999943042	4.7111837208470265e-12	1.3205095383772474e-11	4.420159910053333e-12	1.564706704814055e-11	9.236308824663625e-12	5.056649760162418e-12
EU687216_JX669476.2	5.504310210088697e-06	0.9951787271424996	5.53904006089481e-06	1.552551471083704e-05	5.196877091842387e-06	0.004772702576343739	1.0859327182423582e-05	5.94521190057043e-06
FJ898451	0.0	1.0	0.0	0.0	0.0	0.0	0.0	0.0
EU920835.1	0.0	0.0	0.0	0.0	0.0	1.0	0.0	0.0
EU920835	0.0	0.0	0.0	0.0	0.0	1.0	0.0	0.0
EU920840_FJ850088.1	3.570582907219278e-07	8.035214658954455e-07	3.593111735210128e-07	1.0071223393763229e-06	3.371154577050973e-07	0.999996045779857	7.04432337218747e-07	3.8565907853542214e-07
FJ850085_JN819419	3.021882175341309e-08	3.2834739202587832e-06	3.040948997170098e-08	8.523561956275872e-08	2.8531018822484237e-08	0.9999964498695604	5.962217047549704e-08	3.263939874946399e-08
EU482545.2	0.0	1.0	0.0	0.0	0.0	0.0	0.0	0.0
EU482545.1	0.0	1.0	0.0	0.0	0.0	0.0	0.0	0.0
EU482551_GQ398282	1.3221088467003138e-08	0.9999997046450374	1.3304507793672332e-08	3.729153993868124e-08	1.2482648913142857e-08	1.7869147833383827e-07	2.608358604229411e-08	1.4280113142616096e-08
FJ898450_FJ898450.1	3.024645073151751e-09	0.9999999626790399	3.0437292701003127e-09	8.531345390748492e-09	2.855709087279457e-09	1.0631355997712202e-08	5.96725249086885e-09	3.2669226827702974e-09
AF489932_JX669483	1.6367821487833394e-06	0.00037539940712568706	1.6471095333632118e-06	4.616724773844761e-06	1.545362693215492e-06	0.9996101575536588	3.229169752184909e-06	1.7678903141957282e-06
AF100466_AF100466.2	0.0	0.0	0.0	0.0	0.0	1.0	0.0	0.0
EU482561_EU482744.2	7.290950894347227e-10	0.9999999912027799	7.336953628371257e-10	2.0564932016340494e-09	6.883728245729459e-10	2.3636520539414487e-09	1.4384148774988792e-09	7.874964592239958e-10
EU482575	0.0	1.0	0.0	0.0	0.0	0.0	0.0	0.0
FM210234_FM210234.1	8.499757092380949e-10	1.4007035580881603e-09	8.553386859034635e-10	2.397464240919271e-09	8.02501949635712e-10	2.7555341954550813e-09	0.9999999900204218	9.180598292814389e-10
FM210222_FM210222.1	0.0	0.0	0.0	0.0	0.0	0.0	1.0	0.0
FM210208_FM210235	2.9408764676737668e-08	4.84639269601779e-08	2.9594321104531284e-08	8.29522174738521e-08	2.77662000203072e-08	9.534020284617028e-08	0.9999996547099179	3.1764449070808434e-08
FM210237	0.0	0.0	0.0	0.0	0.0	0.0	1.0	0.0
FM210202_FM210220	2.212409178992007e-08	3.6459060439636856e-08	2.2263685168814324e-08	6.240392172154155e-08	2.0888393748806746e-08	7.172403962652458e-08	0.9999997402405475	2.389625987674806e-08
FM210218	0.0	0.0	0.0	0.0	0.0	0.0	1.0	0.0
FM210241_FM210241.1	0.0	0.0	0.0	0.0	0.0	0.0	1.0	0.0
FM210221	0.0	0.0	0.0	0.0	0.0	0.0	1.0	0.0
FJ639697	0.0	0.0	0.0	0.0	0.0	0.0	1.0	0.0
FJ639697.1	0.0	0.0	0.0	0.0	0.0	0.0	1.0	0.0
FJ639702.1	0.0	0.0	0.0	0.0	0.0	0.0	1.0	0.0
FJ639702	0.0	0.0	0.0	0.0	0.0	0.0	1.0	0.0
AF100460_DQ181798.1	1.0870082107949284e-08	1.7913134912003914e-08	1.0938667604281453e-08	3.06602669536195e-08	1.0262954105836984e-08	3.523969291874997e-08	0.9999998723744129	1.1740788508368695e-08
AF100461_GQ868542	5.832227051717509e-12	9.611105005045814e-12	5.8690257965722925e-12	1.6450449268177916e-11	5.506502106212019e-12	1.8907482546659885e-11	0.9999999999315239	6.299400863847842e-12
EU179859	0.0	0.0	0.0	0.0	0.0	0.0	1.0	0.0
EU179859.1	0.0	0.0	0.0	0.0	0.0	0.0	1.0	0.0
FJ898454	0.0	0.0	0.0	0.0	0.0	0.0	0.0	1.0
FJ898454.1	0.0	0.0	0.0	0.0	0.0	0.0	0.0	1.0
KJ010185	0.0	0.0	0.0	0.0	0.0	0.0	0.0	1.0
KJ010185.1	0.0	0.0	0.0	0.0	0.0	0.0	0.0	1.0
KF041233.2	0.0	0.0	0.0	0.0	0.0	0.0	0.0	1.0
KF041233.1	0.0	0.0	0.0	0.0	0.0	0.0	0.0	1.0
FJ898439_GQ868515.1	3.2263183556944576e-08	5.316820540242971e-08	0.9999995867282505	9.100187150768048e-08	3.046118279537208e-08	1.0787851380127201e-07	6.365129020429876e-08	3.484750231104979e-08
0.999927	6.72940684920469e-11	1.1129603268809799e-10	0.9999999973588081	1.898103503445518e-10	6.353548210042863e-11	2.003808788870147e-09	1.3276291462166105e-10	7.268440211928294e-11
FJ898461	0.0	0.0	1.0	0.0	0.0	0.0	0.0	0.0
0.999980	1.7703176923488258e-07	6.964725727351846e-07	3.7197742719121775e-07	4.993376527980001e-07	1.6714398560113513e-07	0.9999975475624362	3.492619350075302e-07	1.9121222124204857e-07
KJ189305	0.0	0.0	0.0	0.0	0.0	1.0	0.0	0.0
GQ868555_GU131947.1	1.4371342156836356e-07	2.41944015677259e-07	1.4706945736455292e-07	4.053595734227463e-07	1.3568657280439272e-07	0.9999984874730314	2.8352889305019714e-07	1.552250347971031e-07
EU482605_FJ639732	1.2795357016459042e-12	2.177280417679265e-12	1.3205071495414002e-12	3.6090717244519467e-12	1.2080695890730757e-12	0.9999999999864991	2.524366461416832e-12	1.3820280085589945e-12
AF208496_AY702039	3.4962996961487254e-08	0.9999982696243592	3.518360083438671e-08	9.861699413267402e-08	3.301020320673092e-08	1.4218605463322892e-06	6.897772524474818e-08	3.776357404805939e-08
EU920833	0.0	0.0	0.0	0.0	0.0	1.0	0.0	0.0
FJ898460	0.0	1.0	0.0	0.0	0.0	0.0	0.0	0.0
FJ898460.1	0.0	1.0	0.0	0.0	0.0	0.0	0.0	0.0
EU920842_JX669476.2	3.6274550376170053e-06	0.0032346479575538637	3.650342703807914e-06	1.023163745300884e-05	3.424850210086107e-06	0.9967333432162871	7.1565223238514475e-06	3.918018430626505e-06
EU687216	0.0	1.0	0.0	0.0	0.0	0.0	0.0	0.0
FJ850088_FJ850088.1	0.0	0.0	0.0	0.0	0.0	1.0	0.0	0.0
EU920840	0.0	0.0	0.0	0.0	0.0	1.0	0.0	0.0
JN819419	0.0	0.0	0.0	0.0	0.0	1.0	0.0	0.0
FJ850085	0.0	0.0	0.0	0.0	0.0	1.0	0.0	0.0
GQ398269_GQ398282	1.3294108100380567e-07	0.9999983860682707	1.3377988149484646e-07	3.749749974474693e-07	1.2551590150328674e-07	4.4085365984789895e-07	2.6227639084597487e-07	1.4358981714815443e-07
EU482551_GQ398270	2.6841685122237302e-08	0.99999967600874	2.7011044499273843e-08	7.570993656704602e-08	2.534249218158253e-08	8.713902517929393e-08	5.295534107586024e-08	2.899173550803699e-08
FJ898450.1	0.0	1.0	0.0	0.0	0.0	0.0	0.0	0.0
FJ898450	0.0	1.0	0.0	0.0	0.0	0.0	0.0	0.0
FJ850072_JX669483	6.491718149970283e-08	5.68984146354897e-06	6.532678072446091e-08	1.8310607815131872e-07	6.129135175941733e-08	0.9999937373264112	1.280736095071252e-07	7.011712369891527e-08
AF489932	0.0	0.0	0.0	0.0	0.0	1.0	0.0	0.0
AF100466	0.0	0.0	0.0	0.0	0.0	1.0	0.0	0.0
AF100466.2	0.0	0.0	0.0	0.0	0.0	1.0	0.0	0.0
AF100466.1	0.0	0.0	0.0	0.0	0.0	1.0	0.0	0.0
EU482561_EU482740	1.3685692647948068e-09	0.999999983486922	1.3772043425502382e-09	3.8602007196345014e-09	1.2921303463268814e-09	4.4367613934550165e-09	2.7000187158956204e-09	1.4781932642695848e-09
EU482590_EU482744.2	2.7036457315034686e-08	0.9999996737796608	2.720704562002759e-08	7.625931304215918e-08	2.552638573186547e-08	8.764942565895411e-08	5.3339602634631606e-08	2.920210918136361e-08
FM210234.1	0.0	0.0	0.0	0.0	0.0	0.0	1.0	0.0
FM210234	0.0	0.0	0.0	0.0	0.0	0.0	1.0	0.0
FM210222	0.0	0.0	0.0	0.0	0.0	0.0	1.0	0.0
FM210222.1	0.0	0.0	0.0	0.0	0.0	0.0	1.0	0.0
0.999214	2.2345143216836175e-08	3.682323934254696e-08	2.248613136503561e-08	6.302697350183143e-08	2.1097096501901062e-08	7.244066580208579e-08	0.9999997376457347	2.4135015487423742e-08
FM210235	0.0	0.0	0.0	0.0	0.0	0.0	1.0	0.0
FM210220	0.0	0.0	0.0	0.0	0.0	0.0	1.0	0.0
FM210202	0.0	0.0	0.0	0.0	0.0	0.0	1.0	0.0
FM210241.1	0.0	0.0	0.0	0.0	0.0	0.0	1.0	0.0
FM210241	0.0	0.0	0.0	0.0	0.0	0.0	1.0	0.0
0.954586	5.911214507422541e-09	9.741267975947377e-09	5.948511703802063e-09	1.667323321863924e-08	5.581054558141939e-09	1.9163552029267673e-08	0.9999999305964563	6.384709721026746e-09
DQ181798_DQ181798.1	0.0	0.0	0.0	0.0	0.0	0.0	1.0	0.0
GQ868542	0.0	0.0	0.0	0.0	0.0	0.0	1.0	0.0
DQ181799	0.0	0.0	0.0	0.0	0.0	0.0	1.0	0.0
AF100461_FJ906957	1.698325757507185e-07	2.798722036020331e-07	1.7090414555338386e-07	4.790315316842234e-07	1.603468896812387e-07	5.505798170046676e-07	0.999998005996473	1.8343636378981687e-07
AF169679_AF169680	2.756793107829773e-08	4.5430021805446165e-08	2.7741872751942693e-08	7.775839347322705e-08	2.6028175005861358e-08	8.937240915762537e-08	0.9999996763250422	2.9776154614942996e-08
GQ868497_GQ868515.1	9.787714609578333e-09	1.612946946874699e-08	0.9999998756196516	2.7607329750413156e-08	9.24103981695017e-09	3.1733116534274476e-08	1.9309956252480714e-08	1.0571722002423347e-08
FJ898439_FJ898439.1	6.838804402663421e-11	1.1269871303725987e-10	0.9999999991309511	1.9289602912833614e-10	6.456835564402448e-11	2.217106386260678e-10	1.3492119366197175e-10	7.386600637410823e-11
0.511750	8.418853073491068e-11	1.3873698014572861e-10	0.9999999989294047	2.374630464732775e-10	7.948633523606185e-11	2.736946283551504e-10	1.660936092130259e-10	9.093213055588808e-11
EU482603_GQ868604	1.4344536498962744e-08	2.3638793945857523e-08	0.9999998177100156	4.046034902327033e-08	1.354334880308903e-08	4.650940056384198e-08	2.830000498645691e-08	1.5493550657090757e-08
FJ898466_JN819408	3.44788592896097e-07	5.74213280554836e-07	3.4984981953608043e-07	9.725142955327792e-07	3.2553106036479174e-07	0.9999963804709309	6.802254578391944e-07	3.7240656262684097e-07
GQ868553	0.0	0.0	0.0	0.0	0.0	1.0	0.0	0.0
GQ868558_GU131947.1	1.0423261444318412e-07	1.7181785617495017e-07	1.0491412601036405e-07	2.9399959770648046e-07	9.84108935248113e-08	0.9999989084050238	2.056381193483252e-07	1.1258176882282101e-07
GQ868555	0.0	0.0	0.0	0.0	0.0	1.0	0.0	0.0
0.994984	5.241507902476287e-09	8.637639520254707e-09	5.274580108743387e-09	1.4784251771240938e-08	4.948753121616514e-09	0.9999999451110588	1.0340849966630808e-08	5.661358818559954e-09
FJ639732	0.0	0.0	0.0	0.0	0.0	1.0	0.0	0.0
FJ850108_JN819407.2	3.1708257021580084e-08	5.2252989604990766e-08	3.190832249577119e-08	8.943663994340013e-08	2.993725066071731e-08	0.9999996679519263	6.255648845032092e-08	3.424812551088206e-08
FJ024473	0.0	0.0	0.0	0.0	0.0	1.0	0.0	0.0
AF208496	0.0	1.0	0.0	0.0	0.0	0.0	0.0	0.0
AY702039	0.0	1.0	0.0	0.0	0.0	0.0	0.0	0.0
0.994932	1.1915428728436412e-08	0.00011011713813163309	1.1990609909695837e-08	3.360878235073443e-08	1.1249914378162459e-08	0.9998897777195901	2.3507674333976862e-08	1.2869868511856916e-08
EU920842	0.0	0.0	0.0	0.0	0.0	1.0	0.0	0.0
FJ850088	0.0	0.0	0.0	0.0	0.0	1.0	0.0	0.0
FJ850088.1	0.0	0.0	0.0	0.0	0.0	1.0	0.0	0.0
GQ398269_GQ398269.1	0.0	1.0	0.0	0.0	0.0	0.0	0.0	0.0
GQ398282	0.0	1.0	0.0	0.0	0.0	0.0	0.0	0.0
EU482551_EU677144	3.4858499980633906e-09	0.9999999579393378	3.5078441978100586e-09	9.832224803821156e-09	3.2911542594934798e-09	1.1301365139482305e-08	6.8771530076785515e-09	3.765070661706039e-09
GQ398270	0.0	1.0	0.0	0.0	0.0	0.0	0.0	0.0
0.998142	2.284723791481199e-07	1.8465755057615883e-06	2.299139406457044e-07	6.444315717844774e-07	2.157114747418683e-07	0.99999613737396	4.507478837815195e-07	2.467732840540872e-07
JX669483	0.0	0.0	0.0	0.0	0.0	1.0	0.0	0.0
0.966821	5.110137656181115e-11	0.9999999993834138	5.1423804056985824e-11	1.4413707486539937e-10	4.824720318740529e-11	1.6566542921336224e-10	1.0081672639744557e-10	5.519465661820042e-11
EU482561_GQ398308.3	3.390163481500776e-09	0.9999999590944824	3.4115539408801e-09	9.562330418789428e-09	3.2008121372746854e-09	1.099056279992118e-08	6.688375287574692e-09	3.661719543203754e-09
EU482744_EU482744.2	5.850253372353036e-12	0.999999999929411	5.887165930642016e-12	1.650128558263867e-11	5.523498233209162e-12	1.896592227341344e-11	1.1541829854286244e-11	6.318865512867711e-12
EU482590	0.0	1.0	0.0	0.0	0.0	0.0	0.0	0.0
FM210236_FM210236.1	3.029249336292443e-11	4.991990985526223e-11	3.0483625841432366e-11	8.544332227551075e-11	2.8600561876827053e-11	9.820516104550675e-11	0.999999999644336	3.2718957526839775e-11
FM210208_FM210208.2	0.0	0.0	0.0	0.0	0.0	0.0	1.0	0.0
0.999993	2.2183913584469875e-07	3.6557537633582795e-07	2.2323884445752786e-07	6.257217766488154e-07	2.0944871904618953e-07	7.191797585235674e-07	0.9999973953876791	2.3960871020177007e-07
FJ639828_FJ687434	3.3094071143441335e-07	5.453671403223728e-07	3.3302880361153964e-07	9.334548168645716e-07	3.124566268435765e-07	1.072875892834622e-06	0.9999961144265583	3.5744944965450286e-07
DQ181798	0.0	0.0	0.0	0.0	0.0	0.0	1.0	0.0
DQ181798.1	0.0	0.0	0.0	0.0	0.0	0.0	1.0	0.0
EU482451_FJ906957	1.7477621268529103e-07	2.8801897142062516e-07	1.7587897469022586e-07	4.929756055013408e-07	1.6501440886926052e-07	5.666065816388608e-07	0.9999979479532535	1.8877599182726173e-07
AF100461	0.0	0.0	0.0	0.0	0.0	0.0	1.0	0.0
AF169679_AF169679.1	0.0	0.0	0.0	0.0	0.0	0.0	1.0	0.0
AF169680	0.0	0.0	0.0	0.0	0.0	0.0	1.0	0.0
0.999712	3.6376743070803654e-09	5.994632775138603e-09	0.9999999537740096	1.0260462030829464e-08	3.4344987010480983e-09	1.1792982595441657e-08	7.176683682803141e-09	3.9290562755250125e-09
GQ868515_GQ868515.1	0.0	0.0	1.0	0.0	0.0	0.0	0.0	0.0
FJ898439	0.0	0.0	1.0	0.0	0.0	0.0	0.0	0.0
FJ898439.1	0.0	0.0	1.0	0.0	0.0	0.0	0.0	0.0
FJ850061_KJ189308.1	3.003141649140678e-12	4.948967350766259e-12	0.9999999999618374	8.470692608251077e-12	2.835406697339943e-12	9.735914787696948e-12	5.9248288469873376e-12	3.243696809216856e-12
EU482444_FJ850120	2.9322419840535524e-11	4.832129655282109e-11	0.9999999996273834	8.270712274605202e-11	2.7684670026090216e-11	9.506032059748615e-11	5.7849525341034155e-11	3.167117997996461e-11
EU482687_GQ868604	4.683282552180656e-09	7.717722011832234e-09	0.9999999404868861	1.3209715535216039e-08	4.421706421269874e-09	1.5182728384236582e-08	9.239540056890815e-09	5.058418964525426e-09
EU482603_EU482634.2	5.173668401620219e-11	8.525843584356616e-11	0.9999999993425527	1.4592902968691656e-10	4.884702671273444e-11	1.677250602778366e-10	1.020701098112953e-10	5.588085294306227e-11
FJ898466	0.0	0.0	0.0	0.0	0.0	1.0	0.0	0.0
JN819408	0.0	0.0	0.0	0.0	0.0	1.0	0.0	0.0
GU131947_GU131947.1	0.0	0.0	0.0	0.0	0.0	1.0	0.0	0.0
GQ868558_GQ868558.1	0.0	0.0	0.0	0.0	0.0	1.0	0.0	0.0
0.995821	7.272714949365915e-08	1.198492545904454e-07	7.318602627691505e-08	2.0513495519313467e-07	6.866510835803226e-08	0.9999992384031121	1.4348171469117656e-07	7.85526792662349e-08
FJ639733	0.0	0.0	0.0	0.0	0.0	1.0	0.0	0.0
0.999998	3.615035516216613e-09	5.957325628959844e-09	3.6378448208477392e-09	1.0196606821574117e-08	3.413124358198461e-09	0.9999999621434386	7.1320201348120396e-09	3.904604091023395e-09
JN819407_JN819407.2	0.0	0.0	0.0	0.0	0.0	1.0	0.0	0.0
JX286520_JX669476.2	1.9981771101047364e-08	1.6429753206977519e-06	2.0107847399553565e-08	5.636079164425799e-08	1.88657260375433e-08	0.9999981807046336	3.942157502542034e-08	2.158233434693821e-08
EU920846_GQ199890	3.8922266233860716e-08	0.00011886706816381575	3.91678488317012e-08	1.0978454944937512e-07	3.674833466037749e-08	0.9998807894800109	7.678884072593765e-08	4.203998530218896e-08
GQ398269	0.0	1.0	0.0	0.0	0.0	0.0	0.0	0.0
GQ398269.1	0.0	1.0	0.0	0.0	0.0	0.0	0.0	0.0
EU569714_EU677144	4.8361639422853625e-08	0.999999416471228	4.866678036642078e-08	1.364093437614871e-07	4.566048902592911e-08	1.5678349390897472e-07	9.541156222921216e-08	5.223546332864234e-08
EU482551_EU482728	1.7093862526236302e-12	0.9999999999793745	1.7201717375714345e-12	4.821512664541891e-12	1.6139116283165456e-12	5.541655410655525e-12	3.372408685113498e-12	1.846310091613894e-12
FJ850072_KC294222.1	9.469971221207562e-07	1.596142381823723e-06	9.529722627249175e-07	2.6711099440410546e-06	8.941043400970429e-07	0.999990047512484	1.8683087655117772e-06	1.0228526996852209e-06
KC294201	0.0	0.0	0.0	0.0	0.0	1.0	0.0	0.0
0.956608	3.948406975952266e-11	0.9999999995235873	3.973319709362619e-11	1.1136917832409282e-10	3.727875968368741e-11	1.280033103585012e-10	7.78972099350091e-11	4.264678994762258e-11
EU482740	0.0	1.0	0.0	0.0	0.0	0.0	0.0	0.0
0.818027	4.190009690996705e-09	0.9999999494435842	4.216446832622266e-09	1.1818384966350811e-08	3.955984408251534e-09	1.3583582294028881e-08	8.266373413813916e-09	4.525634369981414e-09
GQ398308_GQ398308.3	0.0	1.0	0.0	0.0	0.0	0.0	0.0	0.0
EU482744.1_EU482744.2	6.473018111747854e-15	0.9999999999999218	6.513860045104908e-15	1.8257862291626266e-14	6.1114795938128146e-15	2.098486177743201e-14	1.2770468035208773e-14	6.991514436585898e-15
EU482744	0.0	1.0	0.0	0.0	0.0	0.0	0.0	0.0
FM210236.1	0.0	0.0	0.0	0.0	0.0	0.0	1.0	0.0
FM210236	0.0	0.0	0.0	0.0	0.0	0.0	1.0	0.0
FM210208	0.0	0.0	0.0	0.0	0.0	0.0	1.0	0.0
FM210208.1	0.0	0.0	0.0	0.0	0.0	0.0	1.0	0.0
FM210208.2	0.0	0.0	0.0	0.0	0.0	0.0	1.0	0.0
AF100460_AF100460.2	0.0	0.0	0.0	0.0	0.0	0.0	1.0	0.0
AF100464	0.0	0.0	0.0	0.0	0.0	0.0	1.0	0.0
FJ639828_FJ639828.2	7.435080749988472e-12	1.225249292875418e-11	7.481992880814155e-12	2.097146618731705e-11	7.019807993343577e-12	2.4103770319966477e-11	0.9999999999127048	8.030639417860364e-12
FJ687434	0.0	0.0	0.0	0.0	0.0	0.0	1.0	0.0
EU482451_GQ868620.1	4.476289798446474e-09	7.376612433241551e-09	4.504533243232023e-09	1.262586961855094e-08	4.226274866981825e-09	1.4511673082707288e-08	0.999999947443901	4.8348458490146406e-09
FJ906957	0.0	0.0	0.0	0.0	0.0	0.0	1.0	0.0
AF169679	0.0	0.0	0.0	0.0	0.0	0.0	1.0	0.0
AF169679.1	0.0	0.0	0.0	0.0	0.0	0.0	1.0	0.0
GU131959	0.0	0.0	1.0	0.0	0.0	0.0	0.0	0.0
GQ868497	0.0	0.0	1.0	0.0	0.0	0.0	0.0	0.0
GQ868515	0.0	0.0	1.0	0.0	0.0	0.0	0.0	0.0
GQ868515.1	0.0	0.0	1.0	0.0	0.0	0.0	0.0	0.0
FJ850061_FJ873808	7.200193276557457e-10	1.186541480493426e-09	0.9999999908503091	2.0308940133798307e-09	6.798039727608168e-10	2.334228925419574e-09	1.4205095134636304e-09	7.776937182965371e-10
FJ850065_KJ189308.1	2.8329255131962615e-10	4.668463058479122e-10	0.9999999964000421	7.990579202690604e-10	2.674697670514576e-10	9.184054380354007e-10	5.58901336097629e-10	3.059846161613166e-10
0.490037	6.943309386449682e-10	1.1442088125244477e-09	0.9999999911767458	1.9584370758345314e-09	6.555503614581752e-10	2.250949795449127e-09	1.3698294836730812e-09	7.499476592679781e-10
0.992422	3.2396363169686886e-09	5.3386940102105826e-09	0.9999999588321175	9.137751931022195e-09	3.058692390586081e-09	1.0502569149744205e-08	6.391403718840958e-09	3.4991349766606127e-09
EU482687_JF357906	1.6615864998124477e-10	2.73817830956653e-10	0.9999999978885284	4.686688184008389e-10	1.5687816427593208e-10	5.386693276500294e-10	3.2781056560120827e-10	1.794681522671983e-10
GQ868604	0.0	0.0	1.0	0.0	0.0	0.0	0.0	0.0
EU482634_EU482634.2	8.278679709021668e-12	1.3642684996308344e-11	0.9999999998947983	2.3350930195834744e-11	7.8162892845261e-12	2.683863174713698e-11	1.633281612574467e-11	8.941811640608363e-12
EU482693	0.0	0.0	1.0	0.0	0.0	0.0	0.0	0.0
EU482603	0.0	0.0	1.0	0.0	0.0	0.0	0.0	0.0
GU131947.1	0.0	0.0	0.0	0.0	0.0	1.0	0.0	0.0
GU131947	0.0	0.0	0.0	0.0	0.0	1.0	0.0	0.0
GQ868558.1	0.0	0.0	0.0	0.0	0.0	1.0	0.0	0.0
GQ868558	0.0	0.0	0.0	0.0	0.0	1.0	0.0	0.0
EU482605_EU482605.1	0.0	0.0	0.0	0.0	0.0	1.0	0.0	0.0
HQ332189	0.0	0.0	0.0	0.0	0.0	1.0	0.0	0.0
0.993813	8.803229188971442e-09	1.4507105842634768e-08	8.858773742359477e-09	2.4830479921284397e-08	8.311541018310071e-09	0.9999999078128046	1.7367687688119332e-08	9.508378147678154e-09
FJ850108	0.0	0.0	0.0	0.0	0.0	1.0	0.0	0.0
JN819407	0.0	0.0	0.0	0.0	0.0	1.0	0.0	0.0
JN819407.2	0.0	0.0	0.0	0.0	0.0	1.0	0.0	0.0
JN819407.1	0.0	0.0	0.0	0.0	0.0	1.0	0.0	0.0
0.999746	2.300917669616499e-08	6.489530707568733e-08	2.3154354609311927e-08	6.489992339119858e-08	2.1724041462796898e-08	0.9999997320706846	4.5394273651353884e-08	2.4852238672595845e-08
JX669476_JX669476.2	0.0	0.0	0.0	0.0	0.0	1.0	0.0	0.0
0.633385	1.1750158292925373e-06	0.0006345111038737193	1.1824296689211426e-06	3.3142618839222385e-06	1.1093874818757985e-06	0.9993551205036798	2.3181616102097334e-06	1.269135972106444e-06
GQ199890	0.0	0.0	0.0	0.0	0.0	1.0	0.0	0.0
EU569714_EU569714.1	2.387828047444765e-10	0.9999999971188605	2.4028942055024484e-10	6.735132655848125e-10	2.2544603048472097e-10	7.741093979552835e-10	4.710890843658462e-10	2.579095868045842e-10
EU677144	0.0	1.0	0.0	0.0	0.0	0.0	0.0	0.0
EU482728	0.0	1.0	0.0	0.0	0.0	0.0	0.0	0.0
0.636449	6.81099920441607e-09	0.9999999178188751	6.853973651698527e-09	1.9211175281112615e-08	6.430583374348755e-09	2.208056186519704e-08	1.3437263132319805e-08	7.3565682102489595e-09
EU482551_EU482565	9.136557074137505e-10	0.9999999889758826	9.194204781697229e-10	2.5770668025234823e-09	8.626251487688181e-10	2.9619782304416035e-09	1.8025302579545537e-09	9.868405986473416e-10
FJ850072_FJ850072.1	6.883480860469738e-10	1.1347056176250704e-09	6.926912635526513e-10	1.941561779495252e-09	6.499016700851243e-10	0.9999999927912798	1.3580260518669488e-09	7.43485573176341e-10
KC294222_KC294222.1	0.0	0.0	0.0	0.0	0.0	1.0	0.0	0.0
EU482588_GQ398291	8.00261641906828e-10	0.9999999903440892	8.053109453511744e-10	2.2572263205455937e-09	7.555645001747262e-10	2.594366283436983e-09	1.578817723254492e-09	8.64363535810769e-10
GQ398285	0.0	1.0	0.0	0.0	0.0	0.0	0.0	0.0
EU482561_EU482561.1	3.672417540370589e-11	0.9999999995568882	3.695588900291686e-11	1.0358459156440388e-10	3.467301414961553e-11	1.1905601551435218e-10	7.245227805886523e-11	3.966582482454886e-11
GQ398296	0.0	1.0	0.0	0.0	0.0	0.0	0.0	0.0
GQ398308	0.0	1.0	0.0	0.0	0.0	0.0	0.0	0.0
GQ398308.1	0.0	1.0	0.0	0.0	0.0	0.0	0.0	0.0
GQ398308.2	0.0	1.0	0.0	0.0	0.0	0.0	0.0	0.0
GQ398308.3	0.0	1.0	0.0	0.0	0.0	0.0	0.0	0.0
EU482744.1	0.0	1.0	0.0	0.0	0.0	0.0	0.0	0.0
EU482744.2	0.0	1.0	0.0	0.0	0.0	0.0	0.0	0.0
AF100460	0.0	0.0	0.0	0.0	0.0	0.0	1.0	0.0
AF100460.2	0.0	0.0	0.0	0.0	0.0	0.0	1.0	0.0
AF100460.1	0.0	0.0	0.0	0.0	0.0	0.0	1.0	0.0
FJ639828.1_FJ639828.2	8.148598616244907e-15	1.3428320455692637e-14	8.200012734959335e-15	2.2984022110972142e-14	7.693473631870469e-15	2.6416922166698513e-14	0.9999999999999044	8.801310900092126e-15
FJ639828	0.0	0.0	0.0	0.0	0.0	0.0	1.0	0.0
0.999629	4.779464893159456e-08	7.876223779648372e-08	4.8096212411379243e-08	1.3481008447758652e-07	4.5125166745441935e-08	1.549453568977543e-07	0.9999994388432365	5.1623056235597095e-08
EU482451_FJ639710	1.1859467938178027e-08	1.9543573491321993e-08	1.193429603085741e-08	3.3450938762898647e-08	1.1197079174876817e-08	3.8447180455880436e-08	0.9999998607580388	1.2809425196805188e-08
FJ850061_FJ850061.1	4.650565589090407e-12	7.663806744146802e-12	0.9999999999409026	1.3117433728431366e-11	4.3908168039621905e-12	1.507665734734181e-11	9.174993515518585e-12	5.023081334409486e-12
FJ873808	0.0	0.0	1.0	0.0	0.0	0.0	0.0	0.0
0.525743	5.3906916810320416e-09	8.883482765542454e-09	0.999999931497446	1.5205041090534213e-08	5.08960451468101e-09	1.7476070336639583e-08	1.0635171200177103e-08	5.822492392338164e-09
GQ199894_KJ189308.1	9.815706074433509e-09	1.617559691842115e-08	0.9999998752662971	2.7686282767667837e-08	9.267467870032993e-09	3.18215138076093e-08	1.936517996744956e-08	1.0601955616366273e-08
FJ850066_FJ850066.2	4.961129201134879e-11	8.175593850226199e-11	0.9999999993695614	1.3993412686563303e-10	4.6840344568134814e-11	1.6083472770895334e-10	9.787697297903336e-11	5.358521455169614e-11
EU482444_FJ882594	6.382622476245504e-09	1.0518115322046334e-08	0.9999999188924229	1.800289142080936e-08	6.026132840226614e-09	2.069180838509864e-08	1.2592128572260257e-08	6.893878004907757e-09
FJ744744_FJ744744.1	2.5119712310434762e-11	4.1395528549763006e-11	0.9999999996807897	7.085292212249756e-11	2.3716696993177004e-11	8.143553464907778e-11	4.955810065351836e-11	2.713183065910914e-11
FJ850120	0.0	0.0	1.0	0.0	0.0	0.0	0.0	0.0
0.953175	3.2661765694718254e-10	5.382430489619037e-10	0.9999999958494856	9.212611643604774e-10	3.083750286112927e-10	1.0588609930226975e-09	6.443764370454545e-10	3.5278011344440356e-10
EU482687_EU482687.2	9.230497819471639e-13	1.5211214654545942e-12	0.9999999999882703	2.6035638269759637e-12	8.714945345518606e-13	2.9924328579734335e-12	1.821063610785994e-12	9.969871495429007e-13
EU482634.1_EU482634.2	2.890294571102026e-14	4.763003252452781e-14	0.9999999999996327	8.15239496482215e-14	2.728862485235398e-14	9.370038987000603e-14	5.702195451238939e-14	3.1218105481847934e-14
EU482634	0.0	0.0	1.0	0.0	0.0	0.0	0.0	0.0
EU482605	0.0	0.0	0.0	0.0	0.0	1.0	0.0	0.0
EU482605.1	0.0	0.0	0.0	0.0	0.0	1.0	0.0	0.0
HQ332186_HQ332186.1	0.0	0.0	0.0	0.0	0.0	1.0	0.0	0.0
HQ332188	0.0	0.0	0.0	0.0	0.0	1.0	0.0	0.0
JX286520_KC294211.1	8.344819084429839e-10	1.3830562157922438e-09	8.397471269089171e-10	2.3537483606841733e-09	7.878734566800372e-10	0.9999999912534379	1.6463300972988616e-09	9.013248857376497e-10
JX669478_JX669478.1	6.584194215866934e-10	1.0854441282447888e-09	6.625737622162411e-10	1.8571446768617254e-09	6.216446161171899e-10	0.9999999931046335	1.2989804805077376e-09	7.111595876732222e-10
JX669476	0.0	0.0	0.0	0.0	0.0	1.0	0.0	0.0
JX669476.1	0.0	0.0	0.0	0.0	0.0	1.0	0.0	0.0
JX669476.2	0.0	0.0	0.0	0.0	0.0	1.0	0.0	0.0
EU920846	0.0	0.0	0.0	0.0	0.0	1.0	0.0	0.0
EU920850	0.0	1.0	0.0	0.0	0.0	0.0	0.0	0.0
EU569714.1	0.0	1.0	0.0	0.0	0.0	0.0	0.0	0.0
EU569714	0.0	1.0	0.0	0.0	0.0	0.0	0.0	0.0
EU569719_EU569719.1	0.0	1.0	0.0	0.0	0.0	0.0	0.0	0.0
EU482729	0.0	1.0	0.0	0.0	0.0	0.0	0.0	0.0
EU482551_EU677143.1	5.814927637809579e-09	0.9999999298374176	5.8516173060539e-09	1.6401645447927106e-08	5.4901455525783194e-09	1.8851399859941663e-08	1.1472136527924477e-08	6.280710145652633e-09
EU482565	0.0	1.0	0.0	0.0	0.0	0.0	0.0	0.0
FJ850072.1	0.0	0.0	0.0	0.0	0.0	1.0	0.0	0.0
FJ850072	0.0	0.0	0.0	0.0	0.0	1.0	0.0	0.0
KC294222	0.0	0.0	0.0	0.0	0.0	1.0	0.0	0.0
KC294222.1	0.0	0.0	0.0	0.0	0.0	1.0	0.0	0.0
GQ398286_GQ398291	4.203587595184343e-08	0.999999492797538	4.2301104074890805e-08	1.1856682944293565e-07	3.96880394358064e-08	1.3627600468810064e-07	8.293160947607255e-08	4.5402998801820035e-08
EU482588_EU482588.2	1.5961011431843233e-10	0.9999999980741536	1.6061718482859733e-10	4.5019795051829113e-10	1.5069538502493644e-10	5.174396439851781e-10	3.148911107324516e-10	1.723950712353443e-10
EU482561.1	0.0	1.0	0.0	0.0	0.0	0.0	0.0	0.0
EU482561	0.0	1.0	0.0	0.0	0.0	0.0	0.0	0.0
FJ639828.2	0.0	0.0	0.0	0.0	0.0	0.0	1.0	0.0
FJ639828.1	0.0	0.0	0.0	0.0	0.0	0.0	1.0	0.0
FJ639706_JF730047.1	9.271792235576233e-09	1.527926496339018e-08	9.33029321827835e-09	2.6152113729836355e-08	8.753933337982834e-09	3.0058200847532764e-08	0.9999998911399282	1.0014473642582227e-08
GQ868620_GQ868620.1	0.0	0.0	0.0	0.0	0.0	0.0	1.0	0.0
FJ639704_FJ639710	1.759677357559132e-07	2.8998251808382204e-07	1.7707801575400112e-07	4.963364278820499e-07	1.6613938161086368e-07	5.704693774027485e-07	0.9999979339635863	1.9006295729004184e-07
EU482451_GU131932	5.1854650997756595e-09	8.545283716979314e-09	5.218183132751035e-09	1.4626176858351724e-08	4.895840486556318e-09	1.6810746778693475e-08	0.9999999391174771	5.600826921787252e-09
FJ850061	0.0	0.0	1.0	0.0	0.0	0.0	0.0	0.0
FJ850061.1	0.0	0.0	1.0	0.0	0.0	0.0	0.0	0.0
GQ199898_GQ199898.1	3.186622198216275e-11	5.251330451295572e-11	0.999999999595058	8.988219755615981e-11	3.008639277904173e-11	1.0330702805404081e-10	6.286813387521823e-11	3.4418743649642405e-11
FJ850065	0.0	0.0	1.0	0.0	0.0	0.0	0.0	0.0
0.891611	9.088792162268852e-09	1.4977693644993446e-08	0.9999998845036012	2.563594181742663e-08	8.58115439709674e-09	2.9464933352012306e-08	1.7931068287335525e-08	9.816815049274299e-09
KJ189308_KJ189308.1	0.0	0.0	1.0	0.0	0.0	0.0	0.0	0.0
FJ850066.1_FJ850066.2	2.943318416738705e-13	4.850382840592393e-13	0.9999999999962597	8.301954575979412e-13	2.778924781524345e-13	9.541936864062591e-13	5.806804972503542e-13	3.1790816659002413e-13
FJ850066	0.0	0.0	1.0	0.0	0.0	0.0	0.0	0.0
0.999978	8.48904911838598e-10	1.3989359065808712e-09	0.9999999892124875	2.39443003425324e-09	8.014908897556243e-10	2.752062782704914e-09	1.674784907814704e-09	9.169031885816283e-10
FJ882594	0.0	0.0	1.0	0.0	0.0	0.0	0.0	0.0
FJ744744	0.0	0.0	1.0	0.0	0.0	0.0	0.0	0.0
FJ744744.1	0.0	0.0	1.0	0.0	0.0	0.0	0.0	0.0
FJ205885_JF357906	7.491847353671271e-09	1.2346040320315986e-08	0.999999904796878	2.113158266079372e-08	7.073404002813647e-09	2.428780183529598e-08	1.4780492731989012e-08	8.09195309292082e-09
EU596500	0.0	0.0	1.0	0.0	0.0	0.0	0.0	0.0
EU482687.1_EU482687.2	8.821890064741523e-16	1.4537857660343474e-15	0.9999999999999888	2.488311498180322e-15	8.329159625195251e-16	2.8599664086883472e-15	1.7404503299232533e-15	9.528533781432532e-16
EU482687	0.0	0.0	1.0	0.0	0.0	0.0	0.0	0.0
EU482634.2	0.0	0.0	1.0	0.0	0.0	0.0	0.0	0.0
EU482634.1	0.0	0.0	1.0	0.0	0.0	0.0	0.0	0.0
HQ332186.1	0.0	0.0	0.0	0.0	0.0	1.0	0.0	0.0
HQ332186	0.0	0.0	0.0	0.0	0.0	1.0	0.0	0.0
JX286520	0.0	0.0	0.0	0.0	0.0	1.0	0.0	0.0
JX286525_JX286525.1	1.102614943607114e-11	1.817032634997131e-11	1.1095719650873354e-11	3.1100471918240986e-11	1.041030414461234e-11	0.9999999998845345	2.1753235738554148e-11	1.1909356907612452e-11
KC294211_KC294211.1	0.0	0.0	0.0	0.0	0.0	1.0	0.0	0.0
JX669478	0.0	0.0	0.0	0.0	0.0	1.0	0.0	0.0
JX669478.1	0.0	0.0	0.0	0.0	0.0	1.0	0.0	0.0
EU569719.1	0.0	1.0	0.0	0.0	0.0	0.0	0.0	0.0
EU569719	0.0	1.0	0.0	0.0	0.0	0.0	0.0	0.0
EU677143_EU677143.1	3.104483735639739e-10	0.9999999962541477	3.124071679879991e-10	8.756539152738238e-10	2.9310885080411006e-10	1.0064418322026672e-09	6.124764310462839e-10	3.353156515425001e-10
EU482551_EU677146	1.2484425499307157e-12	0.9999999999849363	1.2563196802807518e-12	3.52137005677046e-12	1.1787130881191042e-12	4.0473228863385134e-12	2.463023492665577e-12	1.3484442589844425e-12
GQ398286_GQ398286.1	6.441320181306355e-12	0.9999999999222794	6.481962114487247e-12	1.8168454778942172e-11	6.081552092960047e-12	2.0882100333317017e-11	1.2707931919829956e-11	6.9572774648262445e-12
GQ398291	0.0	1.0	0.0	0.0	0.0	0.0	0.0	0.0
EU482588.1_EU482588.2	8.726571494725238e-13	0.9999999999894704	8.781632371316374e-13	2.4614258430632205e-12	8.239164898545453e-13	2.8290651045040737e-12	1.7216451492402955e-12	9.42558008242556e-13
EU482588	0.0	1.0	0.0	0.0	0.0	0.0	0.0	0.0
0.566412	1.4699471512612531e-09	2.4223700699550265e-09	1.4792218794566287e-09	4.146148241882397e-09	1.3878459574540993e-09	4.7654181182289374e-09	0.9999999827413569	1.5876916380643825e-09
GQ868638_JF730047.1	1.0317309566581773e-07	1.7002204382044803e-07	1.0382407309623412e-07	2.9101110800980563e-07	9.741055221949363e-08	3.344766095691234e-07	0.9999987886451361	1.1143738135162523e-07
GQ868620	0.0	0.0	0.0	0.0	0.0	0.0	1.0	0.0
GQ868620.1	0.0	0.0	0.0	0.0	0.0	0.0	1.0	0.0
FJ639704_FJ639704.1	2.468902446510335e-10	4.068578511094001e-10	2.484480148819315e-10	6.963811950106402e-10	2.331006442509117e-10	8.003928876385199e-10	0.9999999971012626	2.666664421341827e-10
FJ639710	0.0	0.0	0.0	0.0	0.0	0.0	1.0	0.0
0.999950	2.189127762694243e-09	3.6075294047871966e-09	2.2029402082413616e-09	6.1746765635505e-09	2.066858058943759e-09	7.096928004867454e-09	0.9999999742974606	2.364479457987338e-09
GQ868631_GU131932	1.5183810276338746e-08	2.502185709854918e-08	1.5279613525566008e-08	4.282761337936626e-08	1.4335746487678647e-08	4.9224357850233616e-08	0.99999982172695	1.6400051246069938e-08
GQ199898_GQ199898.2	1.2352612409135723e-13	2.0356241079804166e-13	0.9999999999984303	3.484190719295473e-13	1.1662679968668782e-13	4.0045904324823493e-13	2.4370183923306754e-13	1.3342071116915587e-13
GQ199898.1	0.0	0.0	1.0	0.0	0.0	0.0	0.0	0.0
GQ199894_GQ199894.2	3.789197174601751e-11	6.2443318571268e-11	0.9999999995184854	1.0687849008816886e-10	3.5775585375673726e-11	1.2284189165505446e-10	7.475619650983605e-11	4.092716302031968e-11
KJ189309_KJ189309.1	0.0	0.0	1.0	0.0	0.0	0.0	0.0	0.0
KJ189308	0.0	0.0	1.0	0.0	0.0	0.0	0.0	0.0
KJ189308.1	0.0	0.0	1.0	0.0	0.0	0.0	0.0	0.0
FJ850066.2	0.0	0.0	1.0	0.0	0.0	0.0	0.0	0.0
FJ850066.1	0.0	0.0	1.0	0.0	0.0	0.0	0.0	0.0
EU482444_FJ744741.2	1.0526142063141804e-10	1.7346345726763867e-10	0.9999999986623839	2.9690145915418086e-10	9.938223763612379e-11	3.4124674522963517e-10	2.0766782732687524e-10	1.1369298359052191e-10
FJ906956_FJ906956.1	2.525287324574364e-13	4.1614968455410416e-13	0.9999999999967909	7.122851724327765e-13	2.3842420469426246e-13	8.18672287635309e-13	4.982081078943073e-13	2.7275657941148046e-13
JF357906	0.0	0.0	1.0	0.0	0.0	0.0	0.0	0.0
FJ205885	0.0	0.0	1.0	0.0	0.0	0.0	0.0	0.0
EU482687.1	0.0	0.0	1.0	0.0	0.0	0.0	0.0	0.0
EU482687.2	0.0	0.0	1.0	0.0	0.0	0.0	0.0	0.0
JX286525	0.0	0.0	0.0	0.0	0.0	1.0	0.0	0.0
JX286525.1	0.0	0.0	0.0	0.0	0.0	1.0	0.0	0.0
KC294211	0.0	0.0	0.0	0.0	0.0	1.0	0.0	0.0
KC294211.1	0.0	0.0	0.0	0.0	0.0	1.0	0.0	0.0
EU677143	0.0	1.0	0.0	0.0	0.0	0.0	0.0	0.0
EU677143.1	0.0	1.0	0.0	0.0	0.0	0.0	0.0	0.0
EU677146	0.0	1.0	0.0	0.0	0.0	0.0	0.0	0.0
KF955364_KF955364.3	1.7941229079968386e-10	0.9999999978352218	1.8054430444428934e-10	5.060521757077747e-10	1.6939154736976423e-10	5.816362720769803e-10	3.5395836767746597e-10	1.937834252232969e-10
EU529706_EU529706.1	0.0	1.0	0.0	0.0	0.0	0.0	0.0	0.0
0.949598	1.9358598565534546e-08	0.9999997664202629	1.9480742915951946e-08	5.460306470129206e-08	1.8277359657523378e-08	6.275859391853958e-08	3.8192132312888436e-08	2.0909244962155608e-08
GQ398286.1	0.0	1.0	0.0	0.0	0.0	0.0	0.0	0.0
GQ398286	0.0	1.0	0.0	0.0	0.0	0.0	0.0	0.0
EU482588.1	0.0	1.0	0.0	0.0	0.0	0.0	0.0	0.0
EU482588.2	0.0	1.0	0.0	0.0	0.0	0.0	0.0	0.0
0.762033	1.3662004380310926e-08	2.2514027445179756e-08	1.3748205695183156e-08	3.853519182197341e-08	1.2898938260240095e-08	4.429081899263852e-08	0.9999998395944665	1.4756346917103198e-08
GQ868622	0.0	0.0	0.0	0.0	0.0	0.0	1.0	0.0
JF730047_JF730047.1	0.0	0.0	0.0	0.0	0.0	0.0	1.0	0.0
GQ868638	0.0	0.0	0.0	0.0	0.0	0.0	1.0	0.0
FJ639704.1	0.0	0.0	0.0	0.0	0.0	0.0	1.0	0.0
FJ639704	0.0	0.0	0.0	0.0	0.0	0.0	1.0	0.0
EU687249_FJ639707	1.9340620503152014e-07	3.1871989548056417e-07	1.946265141980281e-07	5.455235559132452e-07	1.8260385726740192e-07	6.270031088153728e-07	0.9999977292185948	2.088982683594008e-07
EU482451_EU482776.1	1.5460799093882114e-11	2.5478315292133608e-11	1.5558350022264826e-11	4.3608890922503185e-11	1.4597264604406657e-11	5.012232722861255e-11	0.9999999998184749	1.6699227192003504e-11
0.999798	4.295090046644612e-09	7.078007918738088e-09	4.3221901996828416e-09	1.211477571172701e-08	4.055195693955687e-09	1.3924242045125916e-08	0.9999999495713666	4.63913178507138e-09
GU131932	0.0	0.0	0.0	0.0	0.0	0.0	1.0	0.0
GQ199898.2	0.0	0.0	1.0	0.0	0.0	0.0	0.0	0.0
GQ199898	0.0	0.0	1.0	0.0	0.0	0.0	0.0	0.0
GQ199894.1_GQ199894.2	2.1981055187486503e-13	3.622324118694357e-13	0.9999999999972067	6.199999315765838e-13	2.075334378950521e-13	7.12603297052966e-13	4.3365916455957377e-13	2.3741763428065876e-13
GQ199894	0.0	0.0	1.0	0.0	0.0	0.0	0.0	0.0
KJ189309.1	0.0	0.0	1.0	0.0	0.0	0.0	0.0	0.0
KJ189309	0.0	0.0	1.0	0.0	0.0	0.0	0.0	0.0
0.997882	3.8158999951405447e-10	6.288336237284995e-10	0.999999995150921	1.0763167262493716e-09	3.6027699211913277e-10	1.2370756974895194e-09	7.528301029322667e-10	4.121558049740926e-10
EU482444	0.0	0.0	1.0	0.0	0.0	0.0	0.0	0.0
FJ906956	0.0	0.0	1.0	0.0	0.0	0.0	0.0	0.0
FJ906956.1	0.0	0.0	1.0	0.0	0.0	0.0	0.0	0.0
KF955364.1_KF955364.3	4.174547020158352e-13	0.999999999994963	4.200886599045635e-13	1.1774770795966359e-12	3.941385376445501e-13	1.3533453898796377e-12	8.235867467395852e-13	4.508933121116017e-13
KF955364	0.0	1.0	0.0	0.0	0.0	0.0	0.0	0.0
EU529706.1	0.0	1.0	0.0	0.0	0.0	0.0	0.0	0.0
EU529706	0.0	1.0	0.0	0.0	0.0	0.0	0.0	0.0
EU482551_EU596489	5.601146462384603e-08	0.999999324168889	5.636487264247127e-08	1.5798652038350923e-07	5.288304731404058e-08	1.8158343183834357e-07	1.1050372581004695e-07	6.049804847930482e-08
EU482721_EU482721.2	0.0	1.0	0.0	0.0	0.0	0.0	0.0	0.0
FJ639706_FJ639706.3	8.612175949758878e-11	1.4192263470140658e-10	8.666515040137892e-11	2.4291593165262295e-10	8.131158706284664e-11	2.7919792404198034e-10	0.9999999989888448	9.302021320453017e-11
GQ868623	0.0	0.0	0.0	0.0	0.0	0.0	1.0	0.0
JF730047	0.0	0.0	0.0	0.0	0.0	0.0	1.0	0.0
JF730047.1	0.0	0.0	0.0	0.0	0.0	0.0	1.0	0.0
EU687249	0.0	0.0	0.0	0.0	0.0	0.0	1.0	0.0
FJ639707	0.0	0.0	0.0	0.0	0.0	0.0	1.0	0.0
EU482451_FJ024461.1	3.320742645373482e-10	5.472351565342999e-10	3.341695089423055e-10	9.366521285507176e-10	3.135268674232711e-10	1.0765507559003232e-09	0.9999999961011174	3.586738016873253e-10
EU482468_EU482776.1	1.1590784604632907e-16	1.9100802154327325e-16	1.1663917422154184e-16	3.269308775441486e-16	1.0943402654618293e-16	3.7576136606009053e-16	0.9999999999999987	1.2519220013856373e-16
KF955402_KF955402.1	0.0	0.0	0.0	0.0	0.0	0.0	1.0	0.0
GQ868631	0.0	0.0	0.0	0.0	0.0	0.0	1.0	0.0
GQ199894.1	0.0	0.0	1.0	0.0	0.0	0.0	0.0	0.0
GQ199894.2	0.0	0.0	1.0	0.0	0.0	0.0	0.0	0.0
FJ744741_FJ744741.2	1.4614297297842882e-11	2.4083339552271673e-11	0.999999999814288	4.122123914169806e-11	1.3798042608838544e-11	4.7378055101211594e-11	2.8832209840479794e-11	1.5784919611608658e-11
EU482639	0.0	0.0	1.0	0.0	0.0	0.0	0.0	0.0
KF955364.2_KF955364.3	2.713987155594728e-14	0.9999999999996725	2.7311112359892394e-14	7.65510043269615e-14	2.5624023960607392e-14	8.798468402632464e-14	5.3543626203652024e-14	2.931380702397821e-14
KF955364.1	0.0	1.0	0.0	0.0	0.0	0.0	0.0	0.0
EU482551	0.0	1.0	0.0	0.0	0.0	0.0	0.0	0.0
EU596489	0.0	1.0	0.0	0.0	0.0	0.0	0.0	0.0
EU482721	0.0	1.0	0.0	0.0	0.0	0.0	0.0	0.0
EU482721.2	0.0	1.0	0.0	0.0	0.0	0.0	0.0	0.0
EU482721.1	0.0	1.0	0.0	0.0	0.0	0.0	0.0	0.0
FJ639706.1_FJ639706.3	3.6189800550713467e-13	5.963825952278033e-13	3.641814247665599e-13	1.0207732828943539e-12	3.416848582092405e-13	1.1732362696950486e-12	0.9999999999957508	3.9088645920559053e-13
FJ639706	0.0	0.0	0.0	0.0	0.0	0.0	1.0	0.0
EU482451_FM210214.1	3.4053446958016357e-09	5.6117698258145685e-09	3.426830942050708e-09	9.605150709933325e-09	3.2151454327803196e-09	1.1039778741884676e-08	0.9999999600178628	3.678116790533671e-09
EU482464_FJ024461.1	2.277664811287623e-09	3.753432266948423e-09	2.29203588716388e-09	6.4244050847778975e-09	2.150450033573465e-09	7.383956048793656e-09	0.9999999732579474	2.460108427770365e-09
EU482776_EU482776.1	1.778653999441947e-09	2.931097359083366e-09	1.7898765337924412e-09	5.016889992525074e-09	1.6793105525712517e-09	5.766214103499138e-09	0.9999999791168313	1.9211262660026403e-09
EU482541_FM210211	1.4007718797338848e-08	2.3083740618773675e-08	1.4096101420054973e-08	3.951031750667835e-08	1.3225343434530969e-08	4.5411589725942925e-08	0.999999835535435	1.512975346345595e-08
EU660413	0.0	0.0	0.0	0.0	0.0	0.0	1.0	0.0
EU482784_EU482784.1	0.0	0.0	0.0	0.0	0.0	0.0	1.0	0.0
EU482468_EU482468.2	3.225605207467054e-11	5.315571723347321e-11	3.245957375597163e-11	9.098175637451407e-11	3.04544496289201e-11	1.0457081728909838e-10	0.9999999996212819	3.483979958870078e-11
KF955402.1	0.0	0.0	0.0	0.0	0.0	0.0	1.0	0.0
KF955402	0.0	0.0	0.0	0.0	0.0	0.0	1.0	0.0
FJ744741.1_FJ744741.2	6.556631294701436e-14	1.080486968146274e-13	0.9999999999991668	1.8493702506156244e-13	6.190422716259382e-14	2.1255927153236756e-13	1.2935426554063044e-13	7.081825133329959e-14
FJ744741	0.0	0.0	1.0	0.0	0.0	0.0	0.0	0.0
KF955364.2	0.0	1.0	0.0	0.0	0.0	0.0	0.0	0.0
KF955364.3	0.0	1.0	0.0	0.0	0.0	0.0	0.0	0.0
FJ639706.2_FJ639706.3	2.2898239568674782e-14	3.773469688228226e-14	2.304271751672198e-14	6.458701297417552e-14	2.161930052446674e-14	7.423374753472058e-14	0.999999999999731	2.4732415351385992e-14
FJ639706.1	0.0	0.0	0.0	0.0	0.0	0.0	1.0	0.0
EU482669_FM210214.1	6.471740938017386e-08	1.0664976312450926e-07	6.512574812962817e-08	1.825425988210248e-07	6.110273754271389e-08	2.098072131100087e-07	0.9999992401531802	6.990134959745196e-08
EU482451_EU482661	7.146466409129269e-09	1.1776876686049624e-08	7.1915575087958e-09	2.0157397572055123e-08	6.747313675516497e-09	2.3168112185637602e-08	0.9999999160933691	7.718906730590307e-09
EU482642_FJ024461.1	8.937771522132401e-12	1.472882219522868e-11	8.994164979182216e-12	2.520997142723102e-11	8.438568736975783e-12	2.8975339903625207e-11	0.9999999998950618	9.653697479153469e-12
EU482464_EU482705	7.736856784690886e-09	1.2749798722139743e-08	7.785672991248369e-09	2.1822658813290066e-08	7.3047288828183076e-09	2.5082097317766535e-08	0.9999999091615982	8.356588066050967e-09
EU482776_EU482776.2	1.1876206676751541e-11	1.9571157761473798e-11	1.195114038360247e-11	3.349815222322498e-11	1.12128830020023e-11	3.85014457320205e-11	0.9999999998605617	1.2827504727924453e-11
EU482776.1	0.0	0.0	0.0	0.0	0.0	0.0	1.0	0.0
EU482541_FJ410259	1.1561934658354398e-08	1.9053259461159807e-08	1.1634885445242835e-08	3.2611713295517876e-08	1.0916164069012649e-08	3.748260803487124e-08	0.999999864251376	1.2488059153123593e-08
FM210211	0.0	0.0	0.0	0.0	0.0	0.0	1.0	0.0
EU482784.1	0.0	0.0	0.0	0.0	0.0	0.0	1.0	0.0
EU482784	0.0	0.0	0.0	0.0	0.0	0.0	1.0	0.0
EU482468_EU482468.1	2.550655920771725e-14	4.20330251732491e-14	2.566749452001596e-14	7.194406650933434e-14	2.4081937268711058e-14	8.268965267073878e-14	0.9999999999997007	2.7549664445514015e-14
EU482468.2	0.0	0.0	0.0	0.0	0.0	0.0	1.0	0.0
FJ744741.1	0.0	0.0	1.0	0.0	0.0	0.0	0.0	0.0
FJ744741.2	0.0	0.0	1.0	0.0	0.0	0.0	0.0	0.0
FJ639706.3	0.0	0.0	0.0	0.0	0.0	0.0	1.0	0.0
FJ639706.2	0.0	0.0	0.0	0.0	0.0	0.0	1.0	0.0
FM210214_FM210214.1	0.0	0.0	0.0	0.0	0.0	0.0	1.0	0.0
EU482669	0.0	0.0	0.0	0.0	0.0	0.0	1.0	0.0
EU482451_FJ410224	1.785228433287257e-09	2.9419315661227912e-09	1.7964924494603476e-09	5.03543390909086e-09	1.6855177835094079e-09	5.78752774469818e-09	0.9999999790396408	1.9282273196917132e-09
EU482661	0.0	0.0	0.0	0.0	0.0	0.0	1.0	0.0
0.981284	3.2647770514344566e-08	5.380124181801469e-08	3.285376376889506e-08	9.208664148454938e-08	3.0824289355807805e-08	1.0584072835227182e-07	0.9999996166826696	3.526289513374296e-08
0.947864	8.396364307692563e-12	1.3836620981877911e-11	8.44934172032701e-12	2.3682872600333645e-11	7.927400826447771e-12	2.722015316319188e-11	0.9999999999014183	9.068922913335702e-12
0.779648	1.026700435352266e-08	1.6919304910201513e-08	1.0331784692515088e-08	2.895921939318158e-08	9.69355971401695e-09	3.3284576608235196e-08	0.9999998794551469	1.1089403415675177e-08
EU482705	0.0	0.0	0.0	0.0	0.0	0.0	1.0	0.0
EU482776	0.0	0.0	0.0	0.0	0.0	0.0	1.0	0.0
EU482776.2	0.0	0.0	0.0	0.0	0.0	0.0	1.0	0.0
EU482541_FJ432726	8.13989772803065e-09	1.3413982000616783e-08	8.191256947918834e-09	2.2959480295069848e-08	7.685258715760011e-09	2.638871477821837e-08	0.9999999044294964	8.791913060550985e-09
FJ410259	0.0	0.0	0.0	0.0	0.0	0.0	1.0	0.0
EU482468.1	0.0	0.0	0.0	0.0	0.0	0.0	1.0	0.0
EU482468	0.0	0.0	0.0	0.0	0.0	0.0	1.0	0.0
FM210214	0.0	0.0	0.0	0.0	0.0	0.0	1.0	0.0
FM210214.1	0.0	0.0	0.0	0.0	0.0	0.0	1.0	0.0
0.999519	2.4667660487338726e-08	4.065057877017611e-08	2.48233027130062e-08	6.95778600429111e-08	2.3289893693000334e-08	7.997002893595296e-08	0.9999997103771064	2.664356895603667e-08
EU482451	0.0	0.0	0.0	0.0	0.0	0.0	1.0	0.0
FJ024461_FJ024461.1	1.4589772100304742e-12	2.404292374247528e-12	1.4681827226604138e-12	4.115206311413317e-12	1.3774887221088813e-12	4.7298546922566455e-12	0.9999999999828701	1.575842991705075e-12
EU482676	0.0	0.0	0.0	0.0	0.0	0.0	1.0	0.0
EU482656_EU482670.1	6.900499364652419e-10	1.1371540204241564e-09	6.944038519080249e-10	1.9463620365069365e-09	6.515084667792492e-10	2.2370712218413285e-09	0.9999999918981266	7.453237438044497e-10
EU482642_GU131899	2.4862718397956556e-15	4.097202056091203e-15	2.5019591354335527e-15	7.012804241680082e-15	2.3474057002877232e-15	8.060238670511799e-15	0.9999999999999707	2.68542512335325e-15
EU482464_EU482464.1	1.1786548842298773e-11	1.9423407922624823e-11	1.1860916847148498e-11	3.3245262401731496e-11	1.1128232840945423e-11	3.821078421512462e-11	0.999999999861614	1.2730665196023271e-11
EU482658_EU482658.1	7.405413841699526e-12	1.2203603939346912e-11	7.452138787216852e-12	2.088778739686612e-11	6.991798075637544e-12	2.4007593241660854e-11	0.999999999913053	7.998596155504172e-12
EU482541	0.0	0.0	0.0	0.0	0.0	0.0	1.0	0.0
FJ432726	0.0	0.0	0.0	0.0	0.0	0.0	1.0	0.0
FJ410215_FJ410215.1	1.8889524006536832e-10	3.112861407967675e-10	1.9008708700184031e-10	5.327998811555809e-10	1.7834484395041345e-10	6.123790223902581e-10	0.9999999977821817	2.0402596982117418e-10
FJ410224	0.0	0.0	0.0	0.0	0.0	0.0	1.0	0.0
FJ024461	0.0	0.0	0.0	0.0	0.0	0.0	1.0	0.0
FJ024461.1	0.0	0.0	0.0	0.0	0.0	0.0	1.0	0.0
0.558123	1.2984354934401318e-09	2.1397308565671352e-09	1.306628057554122e-09	3.6623806738258015e-09	1.2259137677430228e-09	4.209394889116948e-09	0.9999999847550746	1.4024416957657717e-09
EU482670_EU482670.1	4.4091140306233144e-11	7.265911467386111e-11	4.4369336254851835e-11	1.2436392948305948e-10	4.162851078084207e-11	1.429389612330045e-10	0.9999999994823261	4.7622892235863916e-11
0.965389	9.66291650331002e-11	1.5923810394141527e-10	9.723885310294618e-11	2.7255322912309727e-10	9.123212079310899e-11	3.132618566612869e-10	0.9999999988654774	1.0436927421816513e-10
FM210246_FM210246.1	4.5604764360546716e-11	7.515346122447498e-11	4.589251061965222e-11	1.2863327325251296e-10	4.3057594148282825e-11	1.4784597539771376e-10	0.9999999994645546	4.9257759348021514e-11
FJ024452_FJ205877.1	8.815000154838547e-09	1.452650357083125e-08	8.87061897787458e-09	2.4863681230184027e-08	8.322654538534235e-09	2.8577327704615276e-08	0.9999998965031219	9.521091981684435e-09
EU482642	0.0	0.0	0.0	0.0	0.0	0.0	1.0	0.0
EU482464	0.0	0.0	0.0	0.0	0.0	0.0	1.0	0.0
EU482464.1	0.0	0.0	0.0	0.0	0.0	0.0	1.0	0.0
EU482658.1	0.0	0.0	0.0	0.0	0.0	0.0	1.0	0.0
EU482658	0.0	0.0	0.0	0.0	0.0	0.0	1.0	0.0
FJ410215.1	0.0	0.0	0.0	0.0	0.0	0.0	1.0	0.0
FJ410215	0.0	0.0	0.0	0.0	0.0	0.0	1.0	0.0
EU482701_FJ410217.1	4.007104089012508e-09	6.6034272076310416e-09	4.032387175716869e-09	1.1302479520739018e-08	3.783294662166669e-09	1.2990621064862777e-08	0.9999999529526086	4.328077815260196e-09
EU482656_EU482656.1	3.232429232196255e-12	5.32681723870239e-12	3.2528244569590515e-12	9.117423552663367e-12	3.05188784427442e-12	1.0479204518192343e-11	0.999999999962048	3.491350595964888e-12
EU482670.1	0.0	0.0	0.0	0.0	0.0	0.0	1.0	0.0
EU482670	0.0	0.0	0.0	0.0	0.0	0.0	1.0	0.0
EU482645_FJ547064.1	6.623670099024877e-15	1.0915344941052401e-14	6.6654625810005584e-15	1.868279285572768e-14	6.253717191501578e-15	2.1473260091004766e-14	0.9999999999999223	7.1542338243219e-15
FJ205879_GU131899	4.98428659635666e-09	8.213755617494655e-09	5.0157352803378466e-09	1.4058730676671299e-08	4.70589843832883e-09	1.6158546674513882e-08	0.9999999414795129	5.383533784845158e-09
FM210246.1	0.0	0.0	0.0	0.0	0.0	0.0	1.0	0.0
FM210246	0.0	0.0	0.0	0.0	0.0	0.0	1.0	0.0
FJ024452_FJ024452.1	3.359164479539371e-10	5.535668060113826e-10	3.3803593486777305e-10	9.474894311054462e-10	3.1715445275376047e-10	1.0890067210357098e-09	0.9999999960560064	3.628237484913268e-10
FJ205877_FJ205877.1	0.0	0.0	0.0	0.0	0.0	0.0	1.0	0.0
0.962254	1.3185694693316465e-08	2.1729102402932473e-08	1.3268890700902712e-08	3.7191707758870094e-08	1.2449231974524792e-08	4.2746671769152433e-08	0.9999998451868165	1.4241884266849892e-08
FJ410217_FJ410217.1	2.274763011595578e-13	3.748650304061537e-13	2.289115778375894e-13	6.416220238349137e-13	2.1477103085646508e-13	7.374548711382867e-13	0.9999999999973291	2.4569741905275873e-13
EU482656	0.0	0.0	0.0	0.0	0.0	0.0	1.0	0.0
EU482656.1	0.0	0.0	0.0	0.0	0.0	0.0	1.0	0.0
EU482652_FJ547064.1	2.5944489462086924e-10	4.275470359549896e-10	2.6108187924118136e-10	7.317929714511877e-10	2.44954077344025e-10	8.410937770432465e-10	0.9999999969538587	2.8022673425681467e-10
FJ461309	0.0	0.0	0.0	0.0	0.0	0.0	1.0	0.0
EU482645_EU677148	4.625981298777446e-15	7.623293553591544e-15	4.655169231926088e-15	1.3048091023170465e-14	4.367605623955859e-15	1.4996957595970247e-14	0.9999999999999457	4.996527813676346e-15
FJ547067	0.0	0.0	0.0	0.0	0.0	0.0	1.0	0.0
0.957211	1.9401364439620902e-08	3.1972091305801396e-08	1.9523778624132573e-08	5.4723690571074915e-08	1.8317736922390905e-08	6.289723650241626e-08	0.9999997722086652	2.0955436432796687e-08
GU131899	0.0	0.0	0.0	0.0	0.0	0.0	1.0	0.0
FJ024452	0.0	0.0	0.0	0.0	0.0	0.0	1.0	0.0
FJ024452.1	0.0	0.0	0.0	0.0	0.0	0.0	1.0	0.0
FJ205877.1	0.0	0.0	0.0	0.0	0.0	0.0	1.0	0.0
FJ205877	0.0	0.0	0.0	0.0	0.0	0.0	1.0	0.0
FJ562098_FJ562098.1	2.2978362555412072e-10	3.7866733959139934e-10	2.3123346044711926e-10	6.481300870491327e-10	2.1694948389185606e-10	7.44934980518442e-10	0.9999999973021114	2.481895628311295e-10
EU482701_EU482701.1	0.0	0.0	0.0	0.0	0.0	0.0	1.0	0.0
FJ410217	0.0	0.0	0.0	0.0	0.0	0.0	1.0	0.0
FJ410217.1	0.0	0.0	0.0	0.0	0.0	0.0	1.0	0.0
FJ547064_FJ547064.1	6.839179310061423e-11	1.1270489044135715e-10	6.882331561573206e-11	1.929066038054445e-10	6.45718953203747e-11	2.2171918881586176e-10	0.9999999991970122	7.387005575330085e-11
FJ390387_FJ390387.1	0.0	0.0	0.0	0.0	0.0	0.0	1.0	0.0
EU482652	0.0	0.0	0.0	0.0	0.0	0.0	1.0	0.0
EU677148	0.0	0.0	0.0	0.0	0.0	0.0	1.0	0.0
EU482645	0.0	0.0	0.0	0.0	0.0	0.0	1.0	0.0
EU482654_FJ410223.1	1.8608354809008074e-09	3.066526691232959e-09	1.8725765447117457e-09	5.248691934910272e-09	1.7569019385761198e-09	6.032638049687217e-09	0.9999999781519389	2.009890580287016e-09
FJ024454	0.0	0.0	0.0	0.0	0.0	0.0	1.0	0.0
FJ205879_FJ205879.1	0.0	0.0	0.0	0.0	0.0	0.0	1.0	0.0
FJ410202	0.0	0.0	0.0	0.0	0.0	0.0	1.0	0.0
FJ562098.1	0.0	0.0	0.0	0.0	0.0	0.0	1.0	0.0
FJ562098	0.0	0.0	0.0	0.0	0.0	0.0	1.0	0.0
EU482701	0.0	0.0	0.0	0.0	0.0	0.0	1.0	0.0
EU482701.1	0.0	0.0	0.0	0.0	0.0	0.0	1.0	0.0
FJ547064	0.0	0.0	0.0	0.0	0.0	0.0	1.0	0.0
FJ547064.1	0.0	0.0	0.0	0.0	0.0	0.0	1.0	0.0
FJ390387	0.0	0.0	0.0	0.0	0.0	0.0	1.0	0.0
FJ390387.1	0.0	0.0	0.0	0.0	0.0	0.0	1.0	0.0
FJ410223_FJ410223.1	0.0	0.0	0.0	0.0	0.0	0.0	1.0	0.0
EU482654	0.0	0.0	0.0	0.0	0.0	0.0	1.0	0.0
FJ205879	0.0	0.0	0.0	0.0	0.0	0.0	1.0	0.0
FJ205879.1	0.0	0.0	0.0	0.0	0.0	0.0	1.0	0.0
FJ410223.1	0.0	0.0	0.0	0.0	0.0	0.0	1.0	0.0
FJ410223	0.0	0.0	0.0	0.0	0.0	0.0	1.0	0.0
