node	Africa	Caribbean	Central America	Eastern Asia	Europe	Oceania	South America	South-eastern Asia	Southern Asia	Western Asia
AF100460_FJ467493	0.03452461489715349	0.11650447283263936	0.05494451758245639	0.26181590486626205	0.025645938289992003	0.07721155500751187	0.1710246720116204	0.17469739686884694	0.057645949775631	0.02598497786788653
AF100460_GQ398257.1	0.006636277832414014	0.09043282283438496	0.014346403834701595	0.06506296730542695	0.006184990835937938	0.025439607991134844	0.04125584528458914	0.704185949208202	0.04018837034684733	0.006266764526361168
EF105378_FJ467493	0.15195482742932956	0.08825286082039509	0.04208718435369939	0.20060383848954041	0.019653656726358895	0.059056616986939266	0.1310599388887711	0.2436759331581971	0.043742262331830324	0.019912880814938954
AF100460_GQ398262	0.0008068521149067101	0.021533197110503482	0.0016815611915013073	0.011605926410171307	0.0007542317069817006	0.016134233248083607	0.005030345375558334	0.9241973383225246	0.017492110868968316	0.000764203650800603
AF100465_GQ398257.1	0.003512792384676701	0.24699686025572185	0.011836525361827738	0.03380582943893878	0.0032888436495936845	0.010719483786788185	0.02197618268652834	0.5801190068560057	0.08441214902770862	0.003332326552210432
EF105379_FJ467493	0.003829054914371349	0.008704981862331502	0.004153675276778309	0.019798295292519842	0.001939651041898215	0.005827995674503366	0.012934865597409483	0.9365312200318207	0.004314972857107131	0.00196528745126005
EF105378_EF105387	0.999674342392883	3.8387194363476855e-05	1.8316921524747538e-05	8.730674069073362e-05	1.3250514005959315e-05	2.5700346254100544e-05	5.704031545313578e-05	5.796086824409418e-05	1.9028159922381816e-05	8.666546658227662e-06
0.999805	0.0005686712962217125	0.02264143651445166	0.0011711803647289566	0.011192404375218361	0.0005320857879862117	0.022066168054185067	0.0035486085662271706	0.9289976310488983	0.008742693321497559	0.0005391206705850577
AF276619_GQ398262	0.0004443358624760854	0.004054081472031783	0.0008995059022364038	0.004742027653924533	0.00041630894421364846	0.0029223980249224344	0.0027763066885768055	0.9339611789162171	0.04936204342977553	0.00042181310562550985
AF100465_JQ922553	0.002142097777826344	0.5986518143422958	0.01672903259038778	0.02054351202053447	0.0020072120118809584	0.006228089416838794	0.013499361732691268	0.1438429904321325	0.1943221396332066	0.0020337500422055255
0.999833	1.3324155937279487e-05	0.0003065513694599082	3.191098724708558e-05	0.0001277102928232891	1.248687334430311e-05	3.842208971224037e-05	8.331839659856838e-05	0.9992626833505464	0.00011094051779323856	1.265196653780388e-05
EF105379_EF105379.1	0.0	0.0	0.0	0.0	0.0	0.0	0.0	1.0	0.0	0.0
FJ467493	0.0	0.0	0.0	0.0	0.0	0.0	0.0	1.0	0.0	0.0
0.931269	0.9999668715349574	3.938066536030382e-06	1.8791334561921847e-06	8.956805019103689e-06	1.2490496683182402e-06	2.6365924414560907e-06	5.851771794842864e-06	5.775876934966178e-06	1.9520672818029272e-06	8.891019097917548e-07
EF105378_JF260983.1	0.9999501809502607	3.2809042469379443e-06	1.5656296687505344e-06	7.462512015022529e-06	2.3609114471362938e-05	2.196704668581293e-06	4.875504890393813e-06	4.46157967502982e-06	1.6263294640107657e-06	7.407706391687972e-07
AF100466_FJ639701.1	0.0007025848429791627	0.1515581011894651	0.0014135428435121304	0.018019640748524093	0.0006585825951850313	0.004052942295952914	0.004391977036479802	0.8163043260062801	0.0022310125015152565	0.0006672899401063981
AF100460_KJ734727	0.0006597718097875966	0.013343156164166836	0.0013399853134079753	0.016895403521898972	0.0006179999437069836	0.047407574685155746	0.004121401248616727	0.9096689337588396	0.005319602825146421	0.0006261707292731267
AY037116_GQ398262	3.0267660037333084e-05	0.00022329211897166422	6.109358179322894e-05	0.00034405460192416367	2.836494203509062e-05	0.00016022115810473668	0.0001891600844016466	0.9967444067234299	0.002190399164738217	2.8739964563914774e-05
AF276619_FJ882602.2	1.2734915454103543e-06	5.627666966881274e-06	2.557663011386175e-06	1.7395388369884245e-05	1.1938951565392476e-06	3.7937122364271567e-06	7.961719099712389e-06	0.0001221528659122598	0.9998368339176493	1.2096800522308695e-06
0.999935	9.720502842214932e-05	0.9674255958942145	0.0206836238961785	0.0009314332535682386	9.11029407772895e-05	0.0002791598925226316	0.0007952666321282865	0.004173476338155396	0.005430828680301918	9.230744373093052e-05
JQ922553	0.0	0.0	0.0	0.0	0.0	0.0	0.0	0.0	1.0	0.0
GQ398257.1	0.0	0.0	0.0	0.0	0.0	0.0	0.0	1.0	0.0	0.0
GQ398257	0.0	0.0	0.0	0.0	0.0	0.0	0.0	1.0	0.0	0.0
EF105379	0.0	0.0	0.0	0.0	0.0	0.0	0.0	1.0	0.0	0.0
EF105379.1	0.0	0.0	0.0	0.0	0.0	0.0	0.0	1.0	0.0	0.0
EF105384	1.0	0.0	0.0	0.0	0.0	0.0	0.0	0.0	0.0	0.0
EF105387	1.0	0.0	0.0	0.0	0.0	0.0	0.0	0.0	0.0	0.0
EF105389_JF260983.1	0.9924199619438874	0.00021303143471298322	0.00010165921188572465	0.0004845548244359409	0.005886414963099938	0.00014263574530036746	0.0003165757033689808	0.00028146753420906005	0.00010559900801278994	4.809963108668348e-05
EF105378_EF105383.1	0.9999963309075243	4.3623255205400563e-07	2.0817131624683628e-07	9.92240766439554e-07	2.0048950010007102e-07	2.920804946214953e-07	6.482637266319834e-07	5.768796557625982e-07	2.1623907792787737e-07	9.849538598258343e-08
AF100466_M20558	8.798131479927505e-06	0.9982497707848796	1.7669040437572998e-05	0.00010435838775738145	8.248262483784404e-06	2.848553105294821e-05	5.548287286945417e-05	0.0014991143978902986	1.9715275570102355e-05	8.357315578748927e-06
AF119661_FJ639701.1	0.00010854578575635046	0.00944495581212224	0.0002181043464895952	0.027797787789809895	0.00010175773039748442	0.00043120012918786523	0.0006785960893631704	0.9608432606570817	0.0002726885557128402	0.00010310310407899502
AF204177_KJ734727	0.002655072257688578	0.01668612842550802	0.005338527621884226	0.09952637308560718	0.0024889043459215988	0.35892962823670527	0.01659779828814184	0.487660212025194	0.007595544714313164	0.0025218109990361665
AF100460_M84728	5.049808350863784e-05	0.0004335412483383494	0.00010170513374330802	0.0007046277900202776	4.7331593241783834e-05	0.0010952131467190749	0.00031564269291098335	0.9970156622730697	0.00018782065810174405	4.795738034608694e-05
AY037116_GQ398263.2	8.745438179092084e-06	4.34075863864056e-05	1.7580405168648253e-05	0.00021997657480696348	8.198246236044055e-06	3.414141138069071e-05	5.467173990535467e-05	0.999440094744058	0.00016487721583287605	8.306638045988253e-06
GQ398259_GQ398262	6.911331359190989e-06	3.162571032369769e-05	1.388430888706733e-05	6.75829648391855e-05	6.479223833216582e-06	2.1459699750203273e-05	4.32079848374333e-05	0.9997313653735405	7.091851476617364e-05	6.56488786326499e-06
FJ882602_FJ882602.2	6.012476503696069e-10	2.53016348466663e-09	1.2071064363547135e-09	5.765630498264651e-09	5.636836330899289e-10	1.6941368288348066e-09	3.759028264623141e-09	3.607166165588562e-09	0.9999999797007009	5.711362869594145e-10
AF276619_JQ922549	2.388236752911863e-07	1.0120690664026414e-06	4.795029396298162e-07	3.7825263919107845e-05	2.239018811912722e-07	6.783285490594367e-07	1.4931312258997788e-06	4.440446103177693e-06	0.9999533816704749	2.268621655184813e-07
JQ922551	0.0	0.0	0.0	0.0	0.0	0.0	0.0	0.0	1.0	0.0
0.554055	9.576925535024061e-05	0.9657568610851608	0.023582032096221516	0.0009175247856307932	8.976084724983993e-05	0.00027438388559362464	0.0008129001574737161	0.003667947959476347	0.0047118723218964285	9.094760594668699e-05
GQ868600_GQ868600.1	4.836799066572507e-08	0.9999931987688175	3.76794952718121e-06	4.630766878079859e-07	4.534091697330425e-08	1.3720541127737348e-07	3.3599912865171377e-07	9.197799371620531e-07	1.0375711981226459e-06	4.5940384698811224e-08
JF260983_JF260983.1	5.472711995932135e-08	1.99461907562601e-09	9.518380107424772e-10	4.536900221732807e-09	0.9999999294157418	1.3355024137500725e-09	2.964107068475102e-09	2.635086920946535e-09	9.887263739073315e-10	4.503581765085797e-10
EF105389	1.0	0.0	0.0	0.0	0.0	0.0	0.0	0.0	0.0	0.0
EF105383_EF105383.1	0.9999999999836905	1.995286989256999e-12	9.521567385448751e-13	4.538419425572842e-12	4.470563105254298e-13	1.3359496139951358e-12	2.9650996145139587e-12	2.6359810172400507e-12	9.890574561781271e-13	4.5050898119054173e-13
EF105378	1.0	0.0	0.0	0.0	0.0	0.0	0.0	0.0	0.0	0.0
AF100466_JN819419	1.1990573045228293e-08	0.9999974098989998	2.4079526995077864e-08	1.369537365171017e-07	1.1241231590105228e-08	3.7853856325531824e-08	6.661228173062644e-07	1.6639577174930669e-06	2.651168524220758e-08	1.1389855751935355e-08
M20558	0.0	1.0	0.0	0.0	0.0	0.0	0.0	0.0	0.0	0.0
EU482449_FJ639701.1	8.554891443443187e-08	6.536113327915253e-06	1.7187778464687433e-07	1.9205833121295896e-05	8.019965332272224e-08	3.271757611463002e-07	5.348302310448412e-07	0.99997276692353	2.1023767582654213e-07	8.126000031319938e-08
AF119661	0.0	0.0	0.0	1.0	0.0	0.0	0.0	0.0	0.0	0.0
AF204177_KF704355	0.0	0.0	0.0	0.0	0.0	1.0	0.0	0.0	0.0	0.0
KJ734727	0.0	0.0	0.0	1.0	0.0	0.0	0.0	0.0	0.0	0.0
AF100460_AJ487271.1	1.864886491913936e-06	1.0737137182894829e-05	3.748277877556996e-06	2.0741162457845625e-05	1.7482237231628421e-06	1.7715589165391745e-05	1.1658394567817825e-05	0.9999250468211438	4.968169804153918e-06	1.7713375854402436e-06
M84728	0.0	0.0	0.0	0.0	0.0	0.0	0.0	1.0	0.0	0.0
AY037116_JN851131.2	4.307265668954267e-06	1.8236199269421245e-05	8.64794036478121e-06	0.0038046638901077985	4.038148119950218e-06	0.00011774033841503381	2.6929139199785046e-05	0.9959998160965366	1.152944446192786e-05	4.091537855619437e-06
GQ398263_GQ398263.2	4.17677279713076e-09	1.7654121688619098e-08	8.385841841691856e-09	4.1654954727604885e-08	3.9158120376477315e-09	1.1883160301211667e-08	2.6113317361449948e-08	0.9999998717243934	1.0524041562916025e-08	3.967584326202837e-09
GQ398259_GQ398259.1	5.231199285592715e-09	2.2083982784356673e-08	1.0502756469797983e-08	5.010259809254284e-08	4.904362251858214e-09	1.4794822659947808e-08	3.270564652975842e-08	0.9999998421214779	1.2583949529125662e-08	4.9692045004917195e-09
GQ398262	0.0	0.0	0.0	0.0	0.0	0.0	0.0	1.0	0.0	0.0
FJ882602.1_FJ882602.2	7.886513490905884e-13	3.318004160790524e-12	1.5833484008703848e-12	7.54749232212259e-12	7.393790483489203e-13	2.2215809305826674e-12	4.930685517264921e-12	4.394899969339609e-12	0.9999999999737266	7.491546313217808e-13
FJ882602	0.0	0.0	0.0	0.0	0.0	0.0	0.0	0.0	1.0	0.0
AF276619_KF041236	2.2851956308191322e-05	9.614727889081536e-05	4.587910921914158e-05	0.004652435806092211	2.1424241859151857e-05	6.437619452396185e-05	0.00014287150739430998	0.00012939835147861902	0.9948029080551533	2.1707499080192887e-05
FJ898454_JQ922549	7.829208695107747e-09	3.294784385251108e-08	1.571846536643199e-08	1.1979428349763317e-07	7.34006481567303e-09	2.2061187216835298e-08	4.894857595057115e-08	4.7421925588404995e-08	0.9999996905013068	7.437138395930465e-09
AF100465_AF100469	3.887340917687751e-05	0.00951623149502458	0.9802942984393174	0.0003720079873452371	3.644448579982432e-05	0.00010954758145059655	0.009224445606535165	0.00024643997280754816	0.00012478469174811036	3.692633079492291e-05
EU056812	0.0	1.0	0.0	0.0	0.0	0.0	0.0	0.0	0.0	0.0
GQ868600.1	0.0	1.0	0.0	0.0	0.0	0.0	0.0	0.0	0.0	0.0
GQ868600	0.0	1.0	0.0	0.0	0.0	0.0	0.0	0.0	0.0	0.0
JF260983	0.0	0.0	0.0	0.0	1.0	0.0	0.0	0.0	0.0	0.0
JF260983.1	0.0	0.0	0.0	0.0	1.0	0.0	0.0	0.0	0.0	0.0
EF105383.1	1.0	0.0	0.0	0.0	0.0	0.0	0.0	0.0	0.0	0.0
EF105383	1.0	0.0	0.0	0.0	0.0	0.0	0.0	0.0	0.0	0.0
AF208496_JN819419	2.1128626862101986e-07	0.9988337676442717	4.2542882897591383e-07	2.0220831117005195e-06	1.9808580775492185e-07	5.952088066009501e-07	0.0011609511348737531	1.1877788737298953e-06	4.4064438930285985e-07	2.0070476788609138e-07
AF100466_GQ398284	1.9795092986860829e-10	0.9999999338463775	3.974724756669145e-10	2.076981665106819e-09	1.8558188600271306e-10	5.911504937629364e-10	4.785189226401981e-08	1.4239350582196132e-08	4.252065606524993e-10	1.8803552750422352e-10
FJ639697_FJ639701.1	6.877061248620138e-08	4.721175358022573e-07	1.3807207843635827e-07	1.2022797684553092e-06	6.447392299003357e-08	1.9627157786252804e-07	4.299563636720249e-07	0.9999972183705922	1.4436119334035196e-07	6.532635474974839e-08
FM210208_FM210234.2	2.1809517968003565e-07	9.358549709115281e-07	4.3786259210793366e-07	2.1415203546422976e-06	2.0446930941992258e-07	6.146099151366916e-07	1.363541303513999e-06	0.9999934219479065	4.5492580010216035e-07	2.0717266800717512e-07
EU482449_FM210204	9.694166586938064e-07	4.155210480395154e-06	1.946266173730284e-06	9.505218705761153e-06	9.088506942530746e-07	2.7318306963186002e-06	6.0608384859342115e-06	0.9999707794139202	2.022087264916436e-06	9.208669197483006e-07
KF704355	0.0	1.0	0.0	0.0	0.0	0.0	0.0	0.0	0.0	0.0
AF204177_AF204177.2	6.288754902123345e-06	2.645775587142399e-05	1.2625717880257654e-05	0.999296763731939	5.895854538160286e-06	0.000558608499868632	3.931759311106115e-05	3.495326024989784e-05	1.3115025994569674e-05	5.973805645055203e-06
AF204178_AF204178.1	7.2887149943030575e-06	3.066474126230392e-05	1.4633303517140193e-05	0.9991540847240858	6.833340469670565e-06	0.000678290587239871	4.556939090625689e-05	4.0511095765107404e-05	1.5200415361237662e-05	6.92368639831467e-06
M29095	0.0	0.0	0.0	0.0	0.0	1.0	0.0	0.0	0.0	0.0
AF100460_DQ181804	1.6080630258122694e-08	6.973535296489285e-08	3.228756125377914e-08	1.5596750895278837e-07	1.507585763938817e-08	5.42704275272305e-08	1.0053616694068734e-07	0.9999995064587351	3.4312578600800915e-08	1.5275180702656007e-08
AJ487271_AJ487271.1	2.6047244239202686e-09	1.1014696747913981e-08	5.22949788397434e-09	2.498211378534755e-08	2.4419870230666924e-09	7.579610637066243e-09	1.6284841558712523e-08	0.9999999219351916	5.453062930272059e-09	2.4742733676756306e-09
AY037116_JN851129.1	2.6922783777940454e-06	1.1345433855725293e-05	5.4052583722235675e-06	0.00447229520085648	2.5240715652183488e-06	0.0004126356120882458	1.6832237268469687e-05	0.9950676852896366	6.027174801564823e-06	2.5574431776028436e-06
DQ645550_JN851131.2	0.0001038716304436446	0.0004370536581355024	0.00020853968499089283	0.024445354960159236	9.73820724617828e-05	0.0003383679492772068	0.0006494103079526677	0.9734036249207461	0.00021772522172524867	9.866959410784837e-05
GQ398263.1_GQ398263.2	9.596947541602504e-12	4.038713133344337e-11	1.9267501391673268e-11	9.207052003537376e-11	8.997360993182025e-12	2.704998586473202e-11	6.000056116759516e-11	0.9999999997132489	2.0264738536382232e-11	9.116318176397961e-12
GQ398263	0.0	0.0	0.0	0.0	0.0	0.0	0.0	1.0	0.0	0.0
GQ398259	0.0	0.0	0.0	0.0	0.0	0.0	0.0	1.0	0.0	0.0
GQ398259.1	0.0	0.0	0.0	0.0	0.0	0.0	0.0	1.0	0.0	0.0
FJ882602.2	0.0	0.0	0.0	0.0	0.0	0.0	0.0	0.0	1.0	0.0
FJ882602.1	0.0	0.0	0.0	0.0	0.0	0.0	0.0	0.0	1.0	0.0
KF041236	0.0	0.0	0.0	0.0	0.0	0.0	0.0	0.0	1.0	0.0
AF276619	0.0	0.0	0.0	1.0	0.0	0.0	0.0	0.0	0.0	0.0
0.495744	1.1382798341515042e-08	4.7891690917593985e-08	2.2852863011303018e-08	1.2216770692312298e-07	1.0671638881875806e-08	3.206624607202515e-08	7.116579168807356e-08	6.433790378684961e-08	0.9999996066504795	1.0812881071964428e-08
JQ922549	0.0	0.0	0.0	0.0	0.0	0.0	0.0	0.0	1.0	0.0
0.336326	3.870571594794652e-05	0.009306583252557118	0.9803448899086842	0.00037040302271407427	3.628727490794184e-05	0.00010907420674016749	0.00938900198374904	0.00024482923768973466	0.00012345835564556097	3.676704136416258e-05
AF100469	0.0	0.0	1.0	0.0	0.0	0.0	0.0	0.0	0.0	0.0
AF208496_EU920828.1	3.3735998855339896e-08	0.9987766626605659	7.507425682707933e-08	3.2284043770579824e-07	3.1628286480674504e-08	9.503221094467006e-08	0.0012224887580424906	1.8786790440505255e-07	7.035584158284302e-08	3.2046454860575886e-08
EU482545_JN819419	2.2493923765449605e-05	0.9754818459945093	4.516062024952987e-05	0.00021525483668515013	2.1088578673294885e-05	6.336337898065496e-05	0.02395748859471234	0.00012502620943911702	4.6910465009264286e-05	2.1367397975871636e-05
AF100466_GQ398308	1.697225779369313e-08	0.9999916908161386	3.407462610647284e-08	1.6243358184271067e-07	1.5911887743972874e-08	4.781266805703361e-08	7.884820055248001e-06	9.564010945787439e-08	3.539641080059645e-08	1.6122264247395264e-08
0.980379	3.2975461734540355e-08	0.9999989699068436	6.620370717984387e-08	3.1556361987039883e-07	3.091526516384129e-08	9.289005056138615e-08	2.0773026165155978e-07	1.8372094606927183e-07	6.876983781345447e-08	3.132400644534202e-08
0.678925	2.9193235758139915e-07	1.2948954985210143e-06	5.861039387771363e-07	2.9921830553905973e-06	2.736933526277813e-07	8.232780302268899e-07	1.8251746314859188e-06	0.9999910262665787	6.091606108871911e-07	2.7731194593729913e-07
FJ639701_FJ639701.1	0.0	0.0	0.0	0.0	0.0	0.0	0.0	1.0	0.0	0.0
0.866645	4.116079344799295e-07	1.7324099678101868e-06	8.263711702794082e-07	3.940987726887024e-06	3.858920474700905e-07	1.1594726440812846e-06	2.573392272787462e-06	0.9999877204714411	8.584007372093411e-07	3.909940580518526e-07
FM210217_FM210234.2	2.8619302403818643e-08	1.204518143737124e-07	5.7457994391952554e-08	2.740083861056093e-07	2.6831264117317923e-08	8.061865509139863e-08	1.789292321529103e-07	0.999999146212334	5.968500796910181e-08	2.718600942587271e-08
EU482449_FM210220	5.7617744506137395e-08	2.426140500958095e-07	1.156771768925503e-07	5.519882628663302e-07	5.401798047027102e-08	1.6230692215992512e-07	3.602288631559067e-07	0.9999982806555335	1.201612956794254e-07	5.473217064281131e-08
FM210204	0.0	0.0	0.0	0.0	0.0	0.0	0.0	1.0	0.0	0.0
AF204177.1_AF204177.2	1.1702953595960213e-08	4.923611971456759e-08	2.3495619207301462e-08	0.9999991368013411	1.0971792213642222e-08	5.940560248844816e-07	7.316741944072808e-08	6.504568696006276e-08	2.4406188985428275e-08	1.1116854026503927e-08
AF204177	0.0	0.0	0.0	1.0	0.0	0.0	0.0	0.0	0.0	0.0
AF204178.1	0.0	0.0	0.0	1.0	0.0	0.0	0.0	0.0	0.0	0.0
AF204178	0.0	0.0	0.0	1.0	0.0	0.0	0.0	0.0	0.0	0.0
DQ181804	0.0	0.0	0.0	0.0	0.0	0.0	0.0	1.0	0.0	0.0
AF100460_EU726767.1	1.562047957516367e-11	6.5719307865896e-11	3.136070423857373e-11	1.4951024432142891e-10	1.464456419659682e-11	4.400819880248116e-11	9.76599766459872e-11	0.9999999995340616	3.257666267659676e-11	1.4838184982477364e-11
DQ181805	0.0	0.0	0.0	0.0	0.0	0.0	0.0	1.0	0.0	0.0
AJ487271.1	0.0	0.0	0.0	0.0	0.0	0.0	0.0	1.0	0.0	0.0
AJ487271	0.0	0.0	0.0	0.0	0.0	0.0	0.0	1.0	0.0	0.0
AY858036_JN851129.1	3.9317635961222414e-10	1.6557700466248402e-09	7.893722114915195e-10	6.646808281376707e-07	3.6861181915927557e-10	2.4450762111326764e-07	2.45815593813369e-09	0.9999990839171745	8.55804253455204e-10	3.734853619385517e-10
AY037116_FJ196854.2	0.00036626558620778165	0.0015409462048073023	0.0007353389124399212	0.3209755335345721	0.0003433825366057476	0.09627375029678037	0.0022899097612504005	0.576362875721987	0.0007640749309262962	0.0003479225144229607
JN851131_JN851131.2	0.0	0.0	0.0	0.0	0.0	0.0	0.0	1.0	0.0	0.0
DQ645550	0.0	0.0	0.0	1.0	0.0	0.0	0.0	0.0	0.0	0.0
GQ398263.2	0.0	0.0	0.0	0.0	0.0	0.0	0.0	1.0	0.0	0.0
GQ398263.1	0.0	0.0	0.0	0.0	0.0	0.0	0.0	1.0	0.0	0.0
FJ898454_KJ010186	1.2262912014196114e-08	5.159195490106628e-08	2.4619828564318204e-08	6.889283936428119e-07	1.1496766303018404e-08	3.4543528626630114e-08	7.666830595466774e-08	6.815979512425057e-08	0.999999019985721	1.1742794057492221e-08
JQ955623	0.0	0.0	0.0	0.0	0.0	0.0	0.0	0.0	1.0	0.0
AF100465_AF100465.1	3.4795218037694676e-09	2.2157724064482173e-08	8.130533213908193e-07	3.329716563852546e-08	3.262132728804443e-09	9.801537338604444e-09	0.9999990849879392	1.936380430891251e-08	7.2915910822257295e-09	3.305262499967682e-09
FJ898449	0.0	0.0	1.0	0.0	0.0	0.0	0.0	0.0	0.0	0.0
0.999973	5.791769444888134e-06	0.025317682013227878	6.141218762883752e-05	5.542412717915809e-05	5.429919069366914e-06	1.6314896061554183e-05	0.974488173805313	3.2190995738199205e-05	1.2078576452844823e-05	5.50170988426362e-06
AF208496_FJ898451.1	1.7449493586541353e-08	0.9999927328835635	3.505221238159148e-08	1.669823075388261e-07	1.635930761354341e-08	4.91536637720821e-08	6.832167167399241e-06	9.698624311077877e-08	3.639044154481102e-08	1.6575599607902553e-08
EU482546_EU677142	1.2413007624970952e-07	0.9999923914653506	2.492341652073451e-07	1.1878582653348599e-06	1.163748444276326e-07	3.496633153021931e-07	4.514567449425839e-06	6.899231846229531e-07	2.58869873068814e-07	1.1791347599989123e-07
EU920834_JN819419	4.68542312549747e-06	0.004665843126661607	9.40676519116811e-06	4.483698643167325e-05	4.392693566149894e-06	1.3198417543177205e-05	0.9952173726271705	2.6041867909010817e-05	9.771321532971755e-06	4.4507708683484656e-06
EU482545	0.0	1.0	0.0	0.0	0.0	0.0	0.0	0.0	0.0	0.0
AF100466_FJ898450.1	3.0251989758313824e-06	0.9950176747874857	6.073588397759298e-06	2.8949536704640894e-05	2.836194666159588e-06	8.521715637030404e-06	0.004906921716705142	1.681459856155733e-05	6.3089699015273035e-06	2.8736929646955597e-06
EU482576_GQ398308	6.957079192276678e-08	0.999997789469863	1.3967489675960025e-07	6.657552599701311e-07	6.522424162801641e-08	1.9597471057166488e-07	4.764702301371629e-07	3.866854260951721e-07	1.4508798642762068e-07	6.60865936074246e-08
EU529701_GQ398284	3.1232550731066087e-07	0.9999902624578638	6.270452266513034e-07	2.9887880436571117e-06	2.9281245465800367e-07	8.797930788619572e-07	1.9527914555607936e-06	1.7359562245388688e-06	6.513463169442498e-07	2.966838281468637e-07
EU482572_EU482572.1	3.81705427021569e-10	0.999999988099535	7.663369156554601e-10	3.6527162385396957e-09	3.578577491362293e-10	1.0752300239628452e-09	2.3864499690237902e-09	2.121543346235517e-09	7.960362093266615e-10	3.6258910868310117e-10
FJ639697_FJ639702	3.0250519757962536e-07	1.272794720716544e-06	6.073293291236767e-07	2.8951369417403204e-06	2.836056849458019e-07	8.52131581780523e-07	1.8912768035461266e-06	0.9999909769975475	6.308668605184877e-07	2.873553325872297e-07
JX649148	0.0	0.0	0.0	0.0	0.0	0.0	0.0	1.0	0.0	0.0
FJ639701	0.0	0.0	0.0	0.0	0.0	0.0	0.0	1.0	0.0	0.0
FJ639701.1	0.0	0.0	0.0	0.0	0.0	0.0	0.0	1.0	0.0	0.0
FM210237_FM210237.4	0.0	0.0	0.0	0.0	0.0	0.0	0.0	1.0	0.0	0.0
FM210208	0.0	0.0	0.0	0.0	0.0	0.0	0.0	1.0	0.0	0.0
FM210222_FM210234.2	7.554652301521824e-08	3.1784276833269027e-07	1.5167216756739514e-07	7.229604414518603e-07	7.082662903264774e-08	2.1280788950155484e-07	4.723204352713919e-07	0.9999977467098546	1.5755023916536447e-07	7.176305208972897e-08
FM210217	0.0	0.0	0.0	0.0	0.0	0.0	0.0	1.0	0.0	0.0
EU482449_FM210241	2.7107428663332488e-08	1.1404708897739245e-07	5.442265636674248e-08	2.5940945125619955e-07	2.541384722111254e-08	7.635922749647974e-08	1.6947692619734023e-07	0.9999991914817118	5.6531809763421175e-08	2.574985237668785e-08
EU482664_FM210220	1.360638726356866e-08	5.72444451373765e-08	2.7317077811027556e-08	1.3020668606760355e-07	1.2756305714424543e-08	3.832797887898068e-08	8.506777676330942e-08	0.9999995941726318	2.837574921767142e-08	1.2924961189876557e-08
AF204177.1	0.0	0.0	0.0	1.0	0.0	0.0	0.0	0.0	0.0	0.0
AF204177.2	0.0	0.0	0.0	1.0	0.0	0.0	0.0	0.0	0.0	0.0
EU726767_EU726767.1	0.0	0.0	0.0	0.0	0.0	0.0	0.0	1.0	0.0	0.0
DQ181803	0.0	0.0	0.0	0.0	0.0	0.0	0.0	1.0	0.0	0.0
AF100461_DQ181799	2.4313777029410936e-09	1.0229178703557197e-08	4.881393760050803e-09	2.32669805632077e-08	2.2794733595080607e-09	6.848973342966651e-09	1.520108840483834e-08	0.9999999274813516	5.070571564774991e-09	2.3096110554707176e-09
AF100460_EU687246	3.733893365927236e-09	1.5709061757467298e-08	7.496409856466047e-09	4.2966707389317935e-08	3.5006122021189247e-09	1.0518043354418648e-08	2.334447793982972e-08	0.9999998813969668	7.786932281628597e-09	3.546894991865323e-09
AY858036_HM488257.1	2.3240133592069386e-06	9.77748057051823e-06	4.665842043868208e-06	0.00022962530502235987	2.17881678071208e-06	0.0005037915685109104	1.4529841449301556e-05	0.9992260528397251	4.846668876211697e-06	2.2076236616618127e-06
EU179859_JN851130.2	2.404204437905066e-07	1.0114857069867534e-06	4.826838927855418e-07	2.3195404842272012e-06	2.2539977890930782e-07	6.841833120016972e-07	1.503119986615849e-06	0.9999928033952596	5.013912685272004e-07	2.2837986638367292e-07
JN851128_JN851129.1	2.144563881919684e-07	9.022509002732162e-07	4.3055674725762175e-07	2.052764830003139e-06	2.0105787063368738e-07	6.04300451851994e-07	1.3407914829287193e-06	0.9999936028622544	4.4724294890541737e-07	2.0371612542345382e-07
GU370051_JN851121	5.069280907360941e-07	2.132724187465225e-06	1.0177421697763518e-06	4.85231280162249e-06	4.752569198198184e-07	1.428443502026398e-06	3.169338401371607e-06	0.9999848785287636	1.0571847095992901e-06	4.815404539062925e-07
FJ196853_FJ196854.2	0.0001390273621328528	0.0005849108421451458	0.00027912047926343113	0.9079841251727865	0.00013034139756273427	0.012969797349688908	0.000869205643051692	0.07662143787090395	0.0002899691967596435	0.00013206468570501782
AY037116_AY037116.2	1.2597567514336914e-07	5.299993278388788e-07	2.5291705057869345e-07	1.1605517097059202e-05	1.1810513643509703e-07	0.9999666829612162	7.876058794694209e-07	1.951452535481388e-05	2.627266174803448e-07	1.1966664478906028e-07
JN851131	0.0	0.0	0.0	0.0	0.0	0.0	0.0	1.0	0.0	0.0
JN851131.2	0.0	0.0	0.0	0.0	0.0	0.0	0.0	1.0	0.0	0.0
JN851131.1	0.0	0.0	0.0	0.0	0.0	0.0	0.0	1.0	0.0	0.0
0.391797	4.74439824542552e-08	1.9960410931024457e-07	9.52516590261759e-08	4.281944936130853e-06	4.447984117889126e-08	1.336454532087387e-07	2.966220224392546e-07	2.6369742957267464e-07	0.9999945921883344	4.512223226758752e-08
KF041233_KJ010186	3.3863679640393816e-09	1.4246969118580656e-08	6.7986950069039726e-09	3.243772832582416e-08	3.1747990245129167e-09	9.539095402047375e-09	2.1171732689006043e-08	1.8821627370529853e-08	0.9999994234750981	4.669478871014056e-07
AF100465.1	0.0	0.0	0.0	0.0	0.0	0.0	1.0	0.0	0.0	0.0
AF100465	0.0	0.0	0.0	0.0	0.0	0.0	1.0	0.0	0.0	0.0
EU482444_GQ868558	2.1386473471569065e-07	0.00034268799661533225	0.00013646996638116773	2.046570802163047e-06	2.005031816870635e-07	6.024378125118351e-07	0.9995159408247476	1.1886725790160086e-06	4.460090430466461e-07	2.0315410274478283e-07
EU920828_EU920828.1	1.446518485696382e-08	3.2584260663900366e-06	3.533495747992166e-08	1.3842406039537336e-07	1.3561448507948847e-08	4.0747130799566176e-08	0.9999963747353284	8.039832781073762e-08	3.016674657779052e-08	1.374074905131383e-08
0.387813	2.6354502952265402e-08	0.9999882741122099	5.2911482756875976e-08	2.5219845777658724e-07	2.4707961790590827e-08	7.423827557761722e-08	1.1069001021078287e-05	1.4647986030397293e-07	5.496159363872536e-08	2.5034634193756128e-08
EU482726_FJ898451.1	6.24016604049948e-08	0.9999979707646063	1.25281836456072e-07	5.971504197604308e-07	5.8503013460311054e-08	1.7577989108891364e-07	4.7387310449792464e-07	3.4683201356774044e-07	1.3013695256051937e-07	5.927650178611744e-08
EU677142	0.0	1.0	0.0	0.0	0.0	0.0	0.0	0.0	0.0	0.0
EU482546	0.0	1.0	0.0	0.0	0.0	0.0	0.0	0.0	0.0	0.0
EU920834_EU920835.1	2.826901701523715e-07	8.718443508565122e-05	5.675474048169761e-07	2.705193306149177e-06	2.650286342091574e-07	7.963129032940537e-07	0.9999057695087286	1.57120849644441e-06	5.895426025643475e-07	2.6853266831680655e-07
EU920840_JN819419	1.5613424343045947e-07	6.141501499709415e-05	3.1346539541871415e-07	1.4941209669879268e-06	1.4637949832973973e-07	4.398161869545556e-07	0.9999346933368889	8.67803305367077e-07	3.256136857718444e-07	1.4831483168093975e-07
0.999994	3.9088499126052713e-07	0.9997895508811403	7.847664125051542e-07	3.740559915338334e-06	3.6646380491495673e-07	1.1010880659898634e-06	0.00020070629060562107	2.172576165463769e-06	8.15179950536492e-07	3.7130894806513975e-07
AF100466_FJ898465	7.637037115002182e-07	0.0012325505631377391	1.5332617911795869e-06	7.308234897078246e-06	7.159900589761805e-07	2.1512849885373257e-06	0.9987484141123826	4.244709464149282e-06	1.5926831601907668e-06	7.254564081307788e-07
EU482587_GQ398308	2.7334339830713957e-09	0.9999999147504621	5.487821810807152e-09	2.6157497151999275e-08	2.562658173942759e-09	7.699838841609386e-09	1.7118658615179723e-08	1.5192587663155766e-08	5.700501661991824e-09	2.596539953074047e-09
EU482576	0.0	1.0	0.0	0.0	0.0	0.0	0.0	0.0	0.0	0.0
GQ398284	0.0	1.0	0.0	0.0	0.0	0.0	0.0	0.0	0.0	0.0
EU529701	0.0	1.0	0.0	0.0	0.0	0.0	0.0	0.0	0.0	0.0
EU482572	0.0	1.0	0.0	0.0	0.0	0.0	0.0	0.0	0.0	0.0
EU482572.1	0.0	1.0	0.0	0.0	0.0	0.0	0.0	0.0	0.0	0.0
FJ639697	0.0	0.0	0.0	0.0	0.0	0.0	0.0	1.0	0.0	0.0
FJ639702	0.0	0.0	0.0	0.0	0.0	0.0	0.0	1.0	0.0	0.0
FM210237	0.0	0.0	0.0	0.0	0.0	0.0	0.0	1.0	0.0	0.0
FM210237.1	0.0	0.0	0.0	0.0	0.0	0.0	0.0	1.0	0.0	0.0
FM210237.2	0.0	0.0	0.0	0.0	0.0	0.0	0.0	1.0	0.0	0.0
FM210237.4	0.0	0.0	0.0	0.0	0.0	0.0	0.0	1.0	0.0	0.0
FM210237.3	0.0	0.0	0.0	0.0	0.0	0.0	0.0	1.0	0.0	0.0
FM210234_FM210234.2	1.4079894914557508e-09	5.923627832977741e-09	2.826772290252948e-09	1.3473704862531106e-08	1.3200230191953505e-09	3.9661803550302956e-09	8.802816899575803e-09	0.9999999580050861	2.936323497229332e-09	1.3374754944569186e-09
FM210222_FM210222.1	3.398889770943184e-15	1.4299650738722464e-14	6.823834609867035e-15	3.2525553410240355e-14	3.186538510819327e-15	9.574368217350094e-15	2.1250019618058074e-14	0.9999999999998986	7.0882914674302505e-15	3.2286688250043094e-15
FM210221_FM210241	2.7837693754971996e-08	1.17117485539386e-07	5.588878454680437e-08	2.66391919062495e-07	2.6098487794709154e-08	7.841629180278407e-08	1.7404257810042854e-07	0.9999991697084669	5.805474759731478e-08	2.6443544817183773e-08
EU482449	0.0	0.0	0.0	0.0	0.0	0.0	0.0	1.0	0.0	0.0
0.999801	1.509685152297059e-08	6.351477730663916e-08	3.030943186320006e-08	1.4446879766051825e-07	1.4153650754228851e-08	4.252647936931315e-08	9.43862298143657e-08	0.9999995497189303	3.148407014194957e-08	1.4340781005790397e-08
FM210220	0.0	0.0	0.0	0.0	0.0	0.0	0.0	1.0	0.0	0.0
EU726767.1	0.0	0.0	0.0	0.0	0.0	0.0	0.0	1.0	0.0	0.0
EU726767	0.0	0.0	0.0	0.0	0.0	0.0	0.0	1.0	0.0	0.0
DQ181799	0.0	0.0	0.0	0.0	0.0	0.0	0.0	1.0	0.0	0.0
AF100461_FJ906957.1	2.062111487136279e-07	8.675619125798262e-07	4.14003062282337e-07	1.9733300875662773e-06	1.933277661293474e-07	5.808783455896898e-07	1.2892418557049247e-06	0.9999938495143038	4.300476990821294e-07	1.9588381856682946e-07
AF169679_AF169680	3.952655060324363e-08	1.662942573810617e-07	7.935610219564793e-08	3.782478883880083e-07	3.705706397831966e-08	1.113427545721288e-07	2.4712186400798936e-07	0.9999988210749728	8.243153799207307e-08	3.7547008080008285e-08
0.999919	4.077646682661224e-08	1.7155284653151857e-07	8.186551619823241e-08	3.906520654021367e-07	3.8228889618301234e-08	1.1486365667933783e-07	2.549363993584971e-07	0.9999987833516285	8.503820401990494e-08	3.873432682707607e-08
DQ181798_EU687246	5.334078048121784e-08	2.2441284004999942e-07	1.0709045850096994e-07	2.1945582707401066e-06	5.000822699625567e-08	1.5025620346780392e-07	3.3348908262887507e-07	0.9999967249339983	1.112407358006303e-07	5.0669402848370006e-08
0.999125	1.6575958211366965e-05	6.973759720425656e-05	3.327898371472554e-05	0.002084937447013955	1.5540347805854836e-05	0.00466969265876998	0.0001036336747930771	0.9929562888117985	3.456870863555728e-05	1.5745812052836808e-05
AY858036_AY858036.1	7.562293932022042e-12	3.181572979628049e-11	1.518255858265226e-11	8.305448715590367e-11	7.089827110761651e-12	4.692726691177368e-11	4.727981936536709e-11	0.9999999997381332	1.5770956877571454e-11	7.183564136904414e-12
EU179859_EU482640	8.792105185719727e-07	3.698973432675884e-06	1.7651608526289604e-06	8.416667058751227e-06	8.242803872297188e-07	2.4777967593565145e-06	5.496865749445741e-06	0.9999737722971537	1.8335696080581492e-06	8.351784798065373e-07
JN851130_JN851130.2	2.344481550043358e-09	9.863593265225603e-09	4.7069353293340815e-09	2.243563459796462e-08	2.19800618748692e-09	6.604269653554739e-09	1.4657809546666964e-08	0.9999999300728513	4.8893520292379566e-09	2.227066778138796e-09
JN851129_JN851129.1	0.0	0.0	0.0	0.0	0.0	0.0	0.0	1.0	0.0	0.0
JN851128	0.0	0.0	0.0	0.0	0.0	0.0	0.0	1.0	0.0	0.0
JN851121	0.0	0.0	0.0	0.0	0.0	0.0	0.0	1.0	0.0	0.0
GU370051	0.0	0.0	0.0	0.0	0.0	0.0	0.0	1.0	0.0	0.0
FJ196854_FJ196854.2	0.0	0.0	0.0	1.0	0.0	0.0	0.0	0.0	0.0	0.0
FJ196853	0.0	0.0	0.0	1.0	0.0	0.0	0.0	0.0	0.0	0.0
AY037116.1_AY037116.2	2.2503233494906347e-11	9.46745891073035e-11	4.5178971465449555e-11	1.288204155596424e-09	2.1097306758068693e-11	0.9999999962533876	1.4069128020228234e-10	2.0659558732248126e-09	4.6930681313188744e-11	2.1376241457635767e-11
AY037116	0.0	0.0	0.0	0.0	0.0	1.0	0.0	0.0	0.0	0.0
JQ955624_KF479233.1	3.073051580031804e-05	0.0001292879906292904	6.169660431171192e-05	0.005195190359727993	2.8810575998141663e-05	8.656511196771786e-05	0.00019212863836082702	0.00017080196898385913	0.9940755967162818	2.9191517938343366e-05
FJ898454_FJ898454.1	2.210555300619827e-10	9.300145004005946e-10	4.4380561842077265e-10	2.1232193283040235e-09	2.0724472020070502e-10	6.226936389596207e-10	1.38204963004559e-09	1.2286393102891787e-09	0.9999999926312927	2.0998488462024495e-10
KJ010185_KJ010186	1.836206958800169e-08	7.725204146363664e-08	3.686489836604881e-08	1.7571586042678605e-07	1.7214868920059463e-08	5.1724306228875064e-08	1.1480052760432431e-07	1.0205743538098362e-07	0.9999993783739445	2.7634047470463522e-08
0.579647	2.7857358414788028e-08	1.1720017708324616e-07	5.5928264610150854e-08	2.665962679949821e-07	2.6116923872407606e-08	7.847168482125543e-08	1.741655224839208e-07	1.5483279504906205e-07	0.9999915777512539	7.521079751620948e-06
EU482444_FJ898461.1	5.064767466976998e-12	2.2409401819087206e-11	0.9999999966096902	4.846710806591956e-11	4.748337742471179e-12	1.4266996548751795e-11	3.2518293070103752e-09	2.8150267920474236e-11	1.056243374398783e-11	4.811117137814273e-12
0.973632	1.8324603704329078e-08	6.490032780852738e-06	2.5893057626476946e-06	1.7535662870150247e-07	1.7179743779436684e-08	5.1618768194490146e-08	0.9999905007101703	1.0184920016930628e-07	3.8215458811261736e-08	1.7406883040609166e-08
FJ639732_GQ868558	1.3835343406530948e-07	1.7166794510373172e-06	7.293698579238494e-07	1.323968155277408e-06	1.2970957443874886e-07	3.8972923815218056e-07	0.9999943832571673	7.68976318078494e-07	2.8853229493715753e-07	1.3142450903167794e-07
EU920828	0.0	0.0	0.0	0.0	0.0	0.0	1.0	0.0	0.0	0.0
EU920828.1	0.0	0.0	0.0	0.0	0.0	0.0	1.0	0.0	0.0	0.0
EU677145_EU920833	3.253642874899866e-06	0.9987663982776128	6.5322277566333894e-06	3.11356171542177e-05	3.0503661548415987e-06	9.165220707556694e-06	0.0011525046349746837	1.808393363232978e-05	6.785383044115349e-06	3.0906960877912145e-06
AF208496_AY702039	4.0500840045200367e-08	0.9999986098666681	8.131215500147881e-08	3.87571315770763e-07	3.797048307593827e-08	1.1408724071089663e-07	3.806494105590437e-07	2.2510599094696126e-07	8.44633919214913e-08	3.847250380354388e-08
EU687216_FJ898451.1	2.3724620754126814e-08	0.9999984437524898	4.763111059407759e-08	2.2703189542597126e-07	2.2242385832547233e-08	6.683013280030562e-08	9.649110562235688e-07	1.3186280226136553e-07	4.947704637004857e-08	2.25364600137213e-08
EU482726_EU482726.2	0.0	1.0	0.0	0.0	0.0	0.0	0.0	0.0	0.0	0.0
EU920835_EU920835.1	5.614715922651378e-11	4.60786324403784e-10	1.1272472909135119e-10	5.372981981164153e-10	5.263927258775461e-11	1.581615211637631e-10	0.9999999981397452	3.12069130475935e-10	1.170933617612255e-10	5.3335234392409147e-11
EU920834	0.0	0.0	0.0	0.0	0.0	0.0	1.0	0.0	0.0	0.0
EU920840_FJ850088.2	1.458209677270005e-07	1.941992452414542e-06	2.9275976423180256e-07	1.3954284471174716e-06	1.3671056158379984e-07	4.10764611983927e-07	0.9999944234182017	8.104813028654933e-07	3.041056317327621e-07	1.3851805861933696e-07
JN819419	0.0	0.0	0.0	0.0	0.0	0.0	1.0	0.0	0.0	0.0
FJ898450_FJ898450.1	1.3998144046472137e-09	0.9999999493727144	2.810359448392975e-09	1.3395473040327739e-08	1.3123586844566623e-09	3.943151865713501e-09	1.5736894259459747e-08	7.780249233269526e-09	2.9192745771425374e-09	1.3297098269304854e-09
EU482551_EU569714	7.326579091148409e-08	0.9999972344521278	1.4709321967865837e-07	7.011143219022533e-07	6.8688389444387e-08	2.0638317422490178e-07	9.393971328287303e-07	4.0721550221889423e-07	1.527937990090732e-07	6.959654210544125e-08
AF100466	0.0	0.0	0.0	0.0	0.0	0.0	1.0	0.0	0.0	0.0
AF489932_KC294222.1	1.7524246767720866e-08	2.3604176270573937e-06	3.518283017812906e-08	1.676976420857445e-07	1.642939046621484e-08	4.9364234349485284e-08	0.9999972027903147	9.740076896384728e-08	3.65463363536942e-08	1.6646609049909724e-08
FJ898465	0.0	0.0	0.0	0.0	0.0	0.0	1.0	0.0	0.0	0.0
0.879170	1.8398109922394552e-11	0.9999999994263886	3.693725531134074e-11	1.7606004377854174e-10	1.7248657574950986e-11	5.1825828629792577e-11	1.1503825999544233e-10	1.0225775170840827e-10	3.8368754014255686e-11	1.7476707968955175e-11
GQ398302_GQ398308	6.057471107716864e-08	0.9999981114584949	1.2161377325744118e-07	5.796674945064874e-07	5.679020581347315e-08	1.706335383637484e-07	3.787161172502322e-07	3.3667771664867095e-07	1.2632689980055296e-07	5.754104852427918e-08
FM210234.1_FM210234.2	7.994300267756143e-12	3.3633246693992964e-11	1.604988291031685e-11	7.650116573608637e-11	7.494843136143181e-12	2.251922819267868e-11	4.998074341061634e-11	0.9999999997615607	1.667189411142637e-11	7.593935017512499e-12
FM210234	0.0	0.0	0.0	0.0	0.0	0.0	0.0	1.0	0.0	0.0
FM210222	0.0	0.0	0.0	0.0	0.0	0.0	0.0	1.0	0.0	0.0
FM210222.1	0.0	0.0	0.0	0.0	0.0	0.0	0.0	1.0	0.0	0.0
FM210241	0.0	0.0	0.0	0.0	0.0	0.0	0.0	1.0	0.0	0.0
FM210221	0.0	0.0	0.0	0.0	0.0	0.0	0.0	1.0	0.0	0.0
EU482664	0.0	0.0	0.0	0.0	0.0	0.0	0.0	1.0	0.0	0.0
FM210202	0.0	0.0	0.0	0.0	0.0	0.0	0.0	1.0	0.0	0.0
EU482451_FJ906957.1	1.885414513351433e-07	7.932227871346861e-07	3.785282158934356e-07	1.8042405611602706e-06	1.76762012319848e-07	5.311043898922619e-07	1.1787700719042437e-06	0.9999943765334376	3.931980294667561e-07	1.7909904326729134e-07
AF100461	0.0	0.0	0.0	0.0	0.0	0.0	0.0	1.0	0.0	0.0
AF169679_AF169679.1	0.0	0.0	0.0	0.0	0.0	0.0	0.0	1.0	0.0	0.0
AF169680	0.0	0.0	0.0	0.0	0.0	0.0	0.0	1.0	0.0	0.0
AF100460_GQ868544	1.7933299025866308e-07	7.544813798283297e-07	3.600407039021959e-07	1.7161431744376646e-06	1.681288650796993e-07	5.051649793953364e-07	1.1211983376867366e-06	0.9999946511637788	3.7399403626497976e-07	1.7035175423836536e-07
FJ639828_FJ687434	4.042088931247204e-07	1.7005687742324744e-06	8.115163539861934e-07	3.868063636422389e-06	3.7895527397473805e-07	1.1386202665345293e-06	2.5271331192100022e-06	0.9999879440015429	8.429665685932574e-07	3.8396557110449294e-07
DQ181798_FJ639831.1	6.991148079299411e-07	2.9412831637090196e-06	1.4035888611040715e-06	0.00013675873510123448	6.55436453985046e-07	1.9693438281127444e-06	4.370898847850814e-06	0.9998490795119612	1.4579847715314829e-06	6.641022032427196e-07
EU687246	0.0	0.0	0.0	0.0	0.0	0.0	0.0	1.0	0.0	0.0
EU179858_KC131142.1	3.5937583708763614e-05	0.0001511949235652579	7.21506562536022e-05	0.006961788849590985	3.369232372663202e-05	0.0030183539250419767	0.0002246834732227356	0.9893931136362359	7.494684720616648e-05	3.4137781448045265e-05
HM488257_HM488257.1	3.635195950454624e-08	1.5293826599926944e-07	7.298258434972634e-08	3.6739802798270556e-07	3.4080810709212393e-08	0.9999887307750066	2.272741702983106e-07	1.0267856754477049e-05	7.581101528176105e-08	3.4531404749730934e-08
AY858036	0.0	0.0	0.0	0.0	0.0	0.0	0.0	1.0	0.0	0.0
AY858036.1	0.0	0.0	0.0	0.0	0.0	0.0	0.0	1.0	0.0	0.0
EU482640	0.0	0.0	0.0	0.0	0.0	0.0	0.0	1.0	0.0	0.0
EU179859	0.0	0.0	0.0	0.0	0.0	0.0	0.0	1.0	0.0	0.0
JN851130.1_JN851130.2	6.0564913363841064e-12	2.5480587446926178e-11	1.2159410272388437e-11	5.795739920119598e-11	5.678102022849083e-12	1.7060603349611233e-11	3.786547031181253e-11	0.9999999998193583	1.263064669518103e-11	5.753174149354e-12
JN851130	0.0	0.0	0.0	0.0	0.0	0.0	0.0	1.0	0.0	0.0
JN851129	0.0	0.0	0.0	0.0	0.0	0.0	0.0	1.0	0.0	0.0
JN851129.1	0.0	0.0	0.0	0.0	0.0	0.0	0.0	1.0	0.0	0.0
FJ196854	0.0	0.0	0.0	1.0	0.0	0.0	0.0	0.0	0.0	0.0
FJ196854.2	0.0	0.0	0.0	1.0	0.0	0.0	0.0	0.0	0.0	0.0
FJ196854.1	0.0	0.0	0.0	1.0	0.0	0.0	0.0	0.0	0.0	0.0
AY037116.1	0.0	0.0	0.0	0.0	0.0	1.0	0.0	0.0	0.0	0.0
AY037116.2	0.0	0.0	0.0	0.0	0.0	1.0	0.0	0.0	0.0	0.0
KF479233_KF479233.1	1.40388368992787e-09	5.906353883730787e-09	2.8185292131101658e-09	0.9999997411987612	1.3161737344089768e-09	3.954614676713741e-09	8.77714723421678e-09	7.802866026599208e-09	2.2548809512207268e-07	1.33357532311272e-09
JQ955624	0.0	0.0	0.0	0.0	0.0	0.0	0.0	0.0	1.0	0.0
FJ898454	0.0	0.0	0.0	0.0	0.0	0.0	0.0	0.0	1.0	0.0
FJ898454.1	0.0	0.0	0.0	0.0	0.0	0.0	0.0	0.0	1.0	0.0
KJ010185_KJ010185.2	0.0	0.0	0.0	0.0	0.0	0.0	0.0	0.0	1.0	0.0
KJ010186	0.0	0.0	0.0	0.0	0.0	0.0	0.0	0.0	1.0	0.0
0.347096	6.3904971585590315e-09	2.688580114025236e-08	1.2829982324690748e-08	6.11555797004043e-08	5.9912402788458495e-09	1.800145840860062e-08	3.995369051078472e-08	3.551874954979099e-08	0.9999988902462941	9.030267070323185e-07
KJ830750	0.0	0.0	0.0	0.0	0.0	0.0	0.0	0.0	0.0	1.0
0.958304	1.885951482574205e-10	7.934493315918309e-10	0.9999999937034928	1.8047544119049657e-09	1.7681235443809252e-10	5.312556493152776e-10	1.1809577137800081e-09	1.048222645262252e-09	3.933100129265109e-10	1.7915005097587826e-10
EU482693_KJ189370.1	1.5124700330739678e-10	6.363194162047646e-10	0.9999999949516378	1.4473526971852479e-09	1.417975966167761e-10	4.260492684540708e-10	9.458629822162666e-10	8.406395146415443e-10	3.15421480221391e-10	1.4367235108023435e-10
FJ898439_GQ868515	3.1992633434065593e-08	1.3459798352008603e-07	0.9999989319900296	3.061523420516539e-07	2.9993840745208065e-08	9.012038435432782e-08	2.0022573620996963e-07	1.7781689060944498e-07	6.671976021530748e-08	3.039039955970832e-08
FJ898461_FJ898461.1	8.525497661120355e-12	3.586807600739658e-11	0.9999999997154471	8.15844397894633e-11	7.992853093768972e-12	2.4015563695797076e-11	5.3303219418779246e-11	4.738520472604522e-11	1.7779691716795003e-11	8.098529334910116e-12
FJ898466_GQ868553	1.089457619789224e-07	7.033168382044173e-07	3.1622923659436715e-07	1.0425525068209414e-06	1.0213919530555774e-07	3.068904585037515e-07	0.9999964837061989	6.055267905009646e-07	2.2720340076695656e-07	1.0348961249782258e-07
EU482607_KJ189305	5.574282647231259e-07	2.6546619350275365e-06	1.2423090398422227e-06	5.334289505193043e-06	5.226020119112913e-07	1.5702255198952327e-06	0.999983328252593	3.098218250108904e-06	1.1625013688296128e-06	5.295115116335667e-07
GQ868555_GQ868558	1.6510120107985835e-07	7.136284787270713e-07	3.3903944449357726e-07	1.5799299388815397e-06	1.547862304688854e-07	4.6507530333015644e-07	0.9999951636507207	9.176419400619043e-07	3.4431402997848753e-07	1.5683271209746813e-07
FJ639732_FJ639733.1	6.019096876062932e-10	2.6224627464333603e-09	1.2443101082355275e-09	5.759952863650304e-09	5.643043843286041e-10	1.6955257061119616e-09	0.9999999823390546	3.3454485483189963e-09	1.2552661571648593e-09	5.717652453622948e-10
EU920833	0.0	0.0	0.0	0.0	0.0	0.0	1.0	0.0	0.0	0.0
EU677145	0.0	1.0	0.0	0.0	0.0	0.0	0.0	0.0	0.0	0.0
AF208496_AF208496.2	0.0	1.0	0.0	0.0	0.0	0.0	0.0	0.0	0.0	0.0
AY702039	0.0	1.0	0.0	0.0	0.0	0.0	0.0	0.0	0.0	0.0
EU687216_FJ898453	5.77768444242863e-08	0.9999029156996827	1.1599659222065916e-07	5.52893411331857e-07	5.416714050733535e-08	1.627521984718141e-07	9.564421178848049e-05	3.211270133790893e-07	1.2049202557614197e-07	5.4883302775680056e-08
FJ898451_FJ898451.1	4.2557173330917975e-11	0.9999999986716674	8.544057967626984e-11	4.072493223544896e-10	3.989834353850374e-11	1.1987974749000553e-10	2.675944035672314e-10	2.3653520897028836e-10	8.875181863137117e-11	4.0425853167849254e-11
EU482726	0.0	1.0	0.0	0.0	0.0	0.0	0.0	0.0	0.0	0.0
EU482726.1	0.0	1.0	0.0	0.0	0.0	0.0	0.0	0.0	0.0	0.0
EU482726.2	0.0	1.0	0.0	0.0	0.0	0.0	0.0	0.0	0.0	0.0
EU920835.1	0.0	0.0	0.0	0.0	0.0	0.0	1.0	0.0	0.0	0.0
EU920835	0.0	0.0	0.0	0.0	0.0	0.0	1.0	0.0	0.0	0.0
FJ850088_FJ850088.2	0.0	0.0	0.0	0.0	0.0	0.0	1.0	0.0	0.0	0.0
EU920840	0.0	0.0	0.0	0.0	0.0	0.0	1.0	0.0	0.0	0.0
FJ898450	0.0	1.0	0.0	0.0	0.0	0.0	0.0	0.0	0.0	0.0
FJ898450.1	0.0	1.0	0.0	0.0	0.0	0.0	0.0	0.0	0.0	0.0
EU482551_EU569719	1.2026163441852481e-12	0.9999999999622193	2.4144516547693124e-12	1.150839336593978e-11	1.1274808989830853e-12	3.3876625815721923e-12	7.805449535992608e-12	6.684210602810953e-12	2.5080234261136234e-12	1.1423877091002205e-12
EU569714	0.0	1.0	0.0	0.0	0.0	0.0	0.0	0.0	0.0	0.0
AF489932_JX669488.2	4.2006075197770513e-07	2.06924014245004e-06	8.433415882130637e-07	4.019756088133334e-06	3.9381676172728035e-07	1.183273533841044e-06	0.9999874607406607	2.3347217396549873e-06	8.760251857846535e-07	3.9902354766335135e-07
JX669483_KC294222.1	1.6556330222668376e-09	1.028159455973753e-08	3.3239577273589647e-09	1.5843519990007422e-08	1.5521946108225849e-09	4.663770008930595e-09	0.9999999484517328	9.202103248421588e-09	3.452777292556495e-09	1.572716706007738e-09
EU482587	0.0	1.0	0.0	0.0	0.0	0.0	0.0	0.0	0.0	0.0
0.999997	4.4287661028293885e-08	0.999998619240974	8.891482056820554e-08	4.238091614354164e-07	4.152071615480008e-08	1.247543764176103e-07	2.7688855253089143e-07	2.46153358792778e-07	9.236070329734939e-08	4.20696757267142e-08
GQ398285_GQ398285.1	0.0	1.0	0.0	0.0	0.0	0.0	0.0	0.0	0.0	0.0
GQ398302_GQ398302.4	0.0	1.0	0.0	0.0	0.0	0.0	0.0	0.0	0.0	0.0
GQ398308	0.0	1.0	0.0	0.0	0.0	0.0	0.0	0.0	0.0	0.0
FM210234.2	0.0	0.0	0.0	0.0	0.0	0.0	0.0	1.0	0.0	0.0
FM210234.1	0.0	0.0	0.0	0.0	0.0	0.0	0.0	1.0	0.0	0.0
EU482451_GQ868620	4.296329381154775e-09	1.807531628740039e-08	8.625593385553481e-09	4.111356775229732e-08	4.027909097039244e-09	1.2102375252741317e-08	2.686085451069269e-08	0.999999871857014	8.959877176331584e-09	4.081163459159969e-09
FJ906957_FJ906957.1	3.704378089379699e-09	1.558488646316428e-08	7.4371530463882935e-09	3.5448911395360096e-08	3.4729409412913487e-09	1.043490145619516e-08	2.315994703475955e-08	0.9999998895126446	7.725378980746324e-09	3.51885787984574e-09
AF169679.1	0.0	0.0	0.0	0.0	0.0	0.0	0.0	1.0	0.0	0.0
AF169679	0.0	0.0	0.0	0.0	0.0	0.0	0.0	1.0	0.0	0.0
AF100464_GQ868544	3.604338592366976e-07	1.5164004964257557e-06	7.236307173743607e-07	3.449159110941592e-06	3.379151577317474e-07	1.0153099148798974e-06	2.253449536749018e-06	0.999989249643422	7.516749351475427e-07	3.4238284946519704e-07
AF100460_AF100460.1	3.7887648940799774e-11	1.5939914686123905e-10	7.606573544649781e-11	3.6256448832321637e-10	3.552055540794184e-11	1.0672611530600133e-10	2.368753732930702e-10	0.9999999988699572	7.901365349187736e-11	3.5990184804944433e-11
FJ687434	0.0	0.0	0.0	0.0	0.0	0.0	0.0	1.0	0.0	0.0
FJ639828	0.0	0.0	0.0	0.0	0.0	0.0	0.0	1.0	0.0	0.0
FJ196851_FJ639831.1	1.0057138241428877e-05	4.231192223233965e-05	2.0191372075282877e-05	0.0022368080650880737	9.428801895525171e-06	2.8330058095720896e-05	6.287770399585498e-05	0.9975594675888998	2.0973886169865787e-05	9.553463306299802e-06
DQ181798_DQ181798.2	5.070776020249791e-09	2.13335320123768e-08	1.018042338460877e-08	5.3160378693994835e-08	4.753970901440248e-09	1.4283922105425367e-08	3.170273153024162e-08	0.999999844122476	1.0574964417163447e-08	4.816824774702379e-09
KC131142_KC131142.1	0.0	0.0	0.0	1.0	0.0	0.0	0.0	0.0	0.0	0.0
EU179858	0.0	0.0	0.0	0.0	0.0	0.0	0.0	1.0	0.0	0.0
HM488257	0.0	0.0	0.0	0.0	0.0	1.0	0.0	0.0	0.0	0.0
HM488257.1	0.0	0.0	0.0	0.0	0.0	1.0	0.0	0.0	0.0	0.0
JN851130.1	0.0	0.0	0.0	0.0	0.0	0.0	0.0	1.0	0.0	0.0
JN851130.2	0.0	0.0	0.0	0.0	0.0	0.0	0.0	1.0	0.0	0.0
KF479233	0.0	0.0	0.0	1.0	0.0	0.0	0.0	0.0	0.0	0.0
KF479233.1	0.0	0.0	0.0	1.0	0.0	0.0	0.0	0.0	0.0	0.0
KJ010185	0.0	0.0	0.0	0.0	0.0	0.0	0.0	0.0	1.0	0.0
KJ010185.2	0.0	0.0	0.0	0.0	0.0	0.0	0.0	0.0	1.0	0.0
KJ010185.1	0.0	0.0	0.0	0.0	0.0	0.0	0.0	0.0	1.0	0.0
KF041233_KF041233.1	2.699843608874769e-10	1.1358655919395844e-09	5.420383566699376e-10	2.5836055583640762e-09	2.531166413932401e-10	7.60521775207456e-10	1.6879549947382428e-09	1.5005885547100564e-09	0.9999999909931228	2.7320150535534535e-10
KF360005	0.0	0.0	0.0	0.0	0.0	0.0	0.0	0.0	1.0	0.0
FJ850061_GQ199894.1	1.0638933703826983e-10	4.4759624958556274e-10	0.9999999964490905	1.0180888913291917e-09	9.974248724133923e-11	2.996892383007742e-10	6.651521309932315e-10	5.913180340447309e-10	2.2187204661622783e-10	1.0106121673756261e-10
EU482444_FJ850066	4.284358866954342e-10	1.802495450945524e-09	0.9999999857002868	4.099901635203267e-09	4.016686460512433e-10	1.2068655385857422e-09	2.678604425448353e-09	2.381271218410023e-09	8.934912997038472e-10	4.069792444321942e-10
KJ189370_KJ189370.1	0.0	0.0	1.0	0.0	0.0	0.0	0.0	0.0	0.0	0.0
FJ205885_GQ868604	3.678504785485535e-09	1.547603350766864e-08	0.9999998772242135	3.5201317754776e-08	3.4486841148518105e-09	1.0362018675343006e-08	2.299818616385034e-08	2.0445340468612962e-08	7.671420914576055e-09	3.4942803456176204e-09
EU482693_EU482693.1	0.0	0.0	1.0	0.0	0.0	0.0	0.0	0.0	0.0	0.0
FJ898439	0.0	0.0	1.0	0.0	0.0	0.0	0.0	0.0	0.0	0.0
GQ868515	0.0	0.0	1.0	0.0	0.0	0.0	0.0	0.0	0.0	0.0
FJ898461	0.0	0.0	1.0	0.0	0.0	0.0	0.0	0.0	0.0	0.0
FJ898461.1	0.0	0.0	1.0	0.0	0.0	0.0	0.0	0.0	0.0	0.0
FJ898466_JN819408	1.911629729970354e-07	8.079226101879443e-07	3.852523810059977e-07	1.8293271173570523e-06	1.7921975007997818e-07	5.384889817311815e-07	0.9999944258770077	1.0624947623673299e-06	3.9866514104546265e-07	1.8158927561792064e-07
GQ868553	0.0	0.0	0.0	0.0	0.0	0.0	1.0	0.0	0.0	0.0
KJ189305	0.0	0.0	0.0	0.0	0.0	0.0	1.0	0.0	0.0	0.0
EU482607	0.0	0.0	0.0	0.0	0.0	0.0	1.0	0.0	0.0	0.0
GQ868555	0.0	0.0	0.0	0.0	0.0	0.0	1.0	0.0	0.0	0.0
GQ868558	0.0	0.0	0.0	0.0	0.0	0.0	1.0	0.0	0.0	0.0
FJ639733_FJ639733.1	1.6650491973537863e-10	7.00512540928071e-10	3.342865524249094e-10	1.5933627735011643e-09	1.5610224947968437e-10	4.690294531197004e-10	0.99999999514935	9.254438888108053e-10	3.472414467633195e-10	1.581661306451659e-10
HQ332186_JN819407	6.383949420952065e-08	2.6858421964007336e-07	1.2816903587983505e-07	6.109097179485932e-07	5.985101621975685e-08	1.798301401791409e-07	0.9999981402149649	3.548235684258918e-07	1.3313551554622534e-07	6.064232695052861e-08
FJ639732	0.0	0.0	0.0	0.0	0.0	0.0	1.0	0.0	0.0	0.0
AF208496	0.0	1.0	0.0	0.0	0.0	0.0	0.0	0.0	0.0	0.0
AF208496.2	0.0	1.0	0.0	0.0	0.0	0.0	0.0	0.0	0.0	0.0
AF208496.1	0.0	1.0	0.0	0.0	0.0	0.0	0.0	0.0	0.0	0.0
EU687216	0.0	1.0	0.0	0.0	0.0	0.0	0.0	0.0	0.0	0.0
EU920842_JX669478	2.328155379369463e-06	0.003981703689292541	4.6741578355039995e-06	2.227919822615053e-05	2.1827000213290404e-06	6.5582052836564174e-06	0.9959602670104205	1.2940021060420787e-05	4.8553042366968765e-06	2.2115582439294996e-06
FJ898453	0.0	1.0	0.0	0.0	0.0	0.0	0.0	0.0	0.0	0.0
FJ898451.1	0.0	1.0	0.0	0.0	0.0	0.0	0.0	0.0	0.0	0.0
FJ898451	0.0	1.0	0.0	0.0	0.0	0.0	0.0	0.0	0.0	0.0
FJ850088	0.0	0.0	0.0	0.0	0.0	0.0	1.0	0.0	0.0	0.0
FJ850088.1	0.0	0.0	0.0	0.0	0.0	0.0	1.0	0.0	0.0	0.0
FJ850088.2	0.0	0.0	0.0	0.0	0.0	0.0	1.0	0.0	0.0	0.0
0.373512	4.04009383210611e-09	0.9999998740417194	8.111158047631653e-09	3.8661530985151756e-08	3.787682287724974e-09	1.1380582649669152e-08	2.5258894206745943e-08	2.2455073117883708e-08	8.425504961352848e-09	3.837760529137383e-09
EU482551_EU482565.1	8.162884120326664e-10	0.999999974550525	1.6388342938549171e-09	7.811442269935957e-09	7.652894433690645e-10	2.299411381309956e-09	5.103476476320106e-09	4.5369777879435794e-09	1.7023471115498161e-09	7.754075965255749e-10
EU482728_EU482728.2	1.341558767195063e-10	0.9999999958174144	2.6934015998416633e-10	1.2837997829192892e-09	1.2577426643078604e-10	3.779050948797534e-10	8.387488900210035e-10	7.456460533144411e-10	2.797784041331525e-10	1.2743717097222586e-10
AF489932_AF489932.2	0.0	0.0	0.0	0.0	0.0	0.0	1.0	0.0	0.0	0.0
JX669488_JX669488.2	0.0	0.0	0.0	0.0	0.0	0.0	1.0	0.0	0.0	0.0
JX669483_JX669483.1	9.862951044549835e-10	4.1495378942708626e-09	1.9801509089380053e-09	9.43831512980273e-09	9.246746864952212e-10	2.7783050146047193e-09	0.9999999712670452	5.4818847300878895e-09	2.05689140927983e-09	9.369001263976962e-10
JX669484_KC294201	5.484159408121758e-07	2.3076329922246848e-06	1.1010359057550062e-06	5.2480463993105086e-06	5.141527478428499e-07	1.54483861023481e-06	0.9999840230932155	3.0481272370670987e-06	1.143706414310977e-06	5.209505369585764e-07
KC294222_KC294222.1	0.0	0.0	0.0	0.0	0.0	0.0	1.0	0.0	0.0	0.0
GQ398291	0.0	1.0	0.0	0.0	0.0	0.0	0.0	0.0	0.0	0.0
GQ398286	0.0	1.0	0.0	0.0	0.0	0.0	0.0	0.0	0.0	0.0
GQ398285	0.0	1.0	0.0	0.0	0.0	0.0	0.0	0.0	0.0	0.0
GQ398285.1	0.0	1.0	0.0	0.0	0.0	0.0	0.0	0.0	0.0	0.0
GQ398302	0.0	1.0	0.0	0.0	0.0	0.0	0.0	0.0	0.0	0.0
GQ398302.1	0.0	1.0	0.0	0.0	0.0	0.0	0.0	0.0	0.0	0.0
GQ398302.2	0.0	1.0	0.0	0.0	0.0	0.0	0.0	0.0	0.0	0.0
GQ398302.3	0.0	1.0	0.0	0.0	0.0	0.0	0.0	0.0	0.0	0.0
GQ398302.4	0.0	1.0	0.0	0.0	0.0	0.0	0.0	0.0	0.0	0.0
FJ639706_GQ868620	3.296434033577663e-08	1.386860328698825e-07	6.618137734192627e-08	3.154510559058822e-07	3.090483865105432e-08	9.285759570776106e-08	2.060946150181488e-07	0.9999990168004739	6.874622832757883e-08	3.131344208006805e-08
EU482451_GU131927.3	1.0856121345797978e-10	4.567336662789919e-10	2.1795463095502267e-10	1.038872583734862e-09	1.017786720894953e-10	3.0580721974540133e-10	6.787298415689135e-10	0.9999999967620365	2.2640143536564032e-10	1.0312432268116448e-10
FJ906957.1	0.0	0.0	0.0	0.0	0.0	0.0	0.0	1.0	0.0	0.0
FJ906957	0.0	0.0	0.0	0.0	0.0	0.0	0.0	1.0	0.0	0.0
AF100464_AF100464.2	0.0	0.0	0.0	0.0	0.0	0.0	0.0	1.0	0.0	0.0
GQ868544	0.0	0.0	0.0	0.0	0.0	0.0	0.0	1.0	0.0	0.0
AF100460.1	0.0	0.0	0.0	0.0	0.0	0.0	0.0	1.0	0.0	0.0
AF100460	0.0	0.0	0.0	0.0	0.0	0.0	0.0	1.0	0.0	0.0
FJ639831_FJ639831.1	6.326733638148348e-09	2.6617538235611133e-08	1.2701966488124143e-08	1.377475707040786e-07	5.93146048983619e-09	1.7821842279800332e-08	3.9555037965113146e-08	0.9999997340937381	1.3194229607679263e-08	6.009882355181339e-09
FJ196851_FJ196851.1	0.0	0.0	0.0	1.0	0.0	0.0	0.0	0.0	0.0	0.0
DQ181798.1_DQ181798.2	2.4486154905702678e-11	1.0301700715132206e-10	4.9160014760204015e-11	2.352074718051989e-10	2.2956341878443805e-11	6.897530633135848e-11	1.5308859868457777e-10	0.999999999268784	5.106520497196056e-11	2.3259855516390713e-11
DQ181798	0.0	0.0	0.0	0.0	0.0	0.0	0.0	1.0	0.0	0.0
KC131142	0.0	0.0	0.0	1.0	0.0	0.0	0.0	0.0	0.0	0.0
KC131142.1	0.0	0.0	0.0	1.0	0.0	0.0	0.0	0.0	0.0	0.0
KF041233.1	0.0	0.0	0.0	0.0	0.0	0.0	0.0	0.0	1.0	0.0
KF041233	0.0	0.0	0.0	0.0	0.0	0.0	0.0	0.0	1.0	0.0
FJ850065_GQ199894.1	4.3764989768536703e-10	1.841260206567248e-09	0.9999999853927576	4.188074778251063e-09	4.1030699646482215e-10	1.2328205826920382e-09	2.736207871411185e-09	2.4324832196867456e-09	9.127068670980253e-10	4.1573180542748384e-10
FJ850061_FJ850121.1	4.150792304961993e-09	1.7463019498597903e-08	0.999999861460887	3.972085599496111e-08	3.8914646903965125e-09	1.1692410337807712e-08	2.595094983257486e-08	2.3070341575821885e-08	8.656363592617653e-09	3.942915074407095e-09
FJ744704_FJ850066	1.5146374019647807e-10	6.372311727634858e-10	0.9999999949446633	1.4494267529624318e-09	1.4200079251023433e-10	4.266597968679953e-10	9.469584731635117e-10	8.418441506955356e-10	3.158734790635344e-10	1.4387823349601248e-10
EU482444_EU482635	4.104003498191368e-09	1.7266171816294187e-08	0.9999998630225357	3.927311221031296e-08	3.847599091716469e-09	1.1560610457740343e-08	2.5658423996387593e-08	2.28102867056148e-08	8.55878681842274e-09	3.898469513662252e-09
KJ189370	0.0	0.0	1.0	0.0	0.0	0.0	0.0	0.0	0.0	0.0
KJ189370.1	0.0	0.0	1.0	0.0	0.0	0.0	0.0	0.0	0.0	0.0
0.999201	3.053277306015132e-10	1.28456056608337e-09	0.9999999898092147	2.9218226129967815e-09	2.862518756272886e-10	8.600808836994292e-10	1.9089234141360728e-09	1.697029029644964e-09	6.367526141541574e-10	2.900365094596653e-10
GQ868604	0.0	0.0	1.0	0.0	0.0	0.0	0.0	0.0	0.0	0.0
EU482693	0.0	0.0	1.0	0.0	0.0	0.0	0.0	0.0	0.0	0.0
EU482693.1	0.0	0.0	1.0	0.0	0.0	0.0	0.0	0.0	0.0	0.0
JN819408	0.0	0.0	0.0	0.0	0.0	0.0	1.0	0.0	0.0	0.0
FJ898466	0.0	0.0	0.0	0.0	0.0	0.0	1.0	0.0	0.0	0.0
FJ639733.1	0.0	0.0	0.0	0.0	0.0	0.0	1.0	0.0	0.0	0.0
FJ639733	0.0	0.0	0.0	0.0	0.0	0.0	1.0	0.0	0.0	0.0
JN819407	0.0	0.0	0.0	0.0	0.0	0.0	1.0	0.0	0.0	0.0
HQ332186	0.0	0.0	0.0	0.0	0.0	0.0	1.0	0.0	0.0	0.0
0.988538	7.745857070655112e-09	0.00012579344932091063	1.55510920105778e-08	7.412369751510856e-08	7.26192183870027e-09	2.181938594707357e-08	0.9998740134851001	4.305191763121594e-08	1.6153772632729426e-08	7.357934188029309e-09
EU920842	0.0	0.0	0.0	0.0	0.0	0.0	1.0	0.0	0.0	0.0
EU482729_EU482729.1	5.364936057028492e-11	0.9999999983273707	1.0770998417952826e-10	5.133956047105913e-10	5.029752803387407e-11	1.5112544595374946e-10	3.3541834006686966e-10	2.9818622150795294e-10	1.1188427111919388e-10	5.096252883383307e-11
EU569719	0.0	1.0	0.0	0.0	0.0	0.0	0.0	0.0	0.0	0.0
EU482551_EU677143	5.076136721789904e-09	0.9999998417409854	1.0191185881532107e-08	4.857590573633796e-08	4.758996684285166e-09	1.4299022721765663e-08	3.173624697325745e-08	2.8213458890070423e-08	1.0586144013306394e-08	4.821917005139117e-09
EU482565_EU482565.1	3.274706414381261e-11	0.9999999989790429	6.574515937119438e-11	3.1337183928937756e-10	3.0701137148552964e-11	9.224554812589513e-11	2.0473619399671322e-10	1.8201005974208186e-10	6.8293104784054e-11	3.110704737041694e-11
EU482728.1_EU482728.2	6.935641749603851e-13	0.9999999999783767	1.3924450453533878e-12	6.6370371468436344e-12	6.502326059908797e-13	1.953708191938584e-12	4.336196028145765e-12	3.8548694431088114e-12	1.4464090785978152e-12	6.588295533965685e-13
EU482728	0.0	1.0	0.0	0.0	0.0	0.0	0.0	0.0	0.0	0.0
AF489932	0.0	0.0	0.0	0.0	0.0	0.0	1.0	0.0	0.0	0.0
AF489932.2	0.0	0.0	0.0	0.0	0.0	0.0	1.0	0.0	0.0	0.0
AF489932.1	0.0	0.0	0.0	0.0	0.0	0.0	1.0	0.0	0.0	0.0
JX669488	0.0	0.0	0.0	0.0	0.0	0.0	1.0	0.0	0.0	0.0
JX669488.2	0.0	0.0	0.0	0.0	0.0	0.0	1.0	0.0	0.0	0.0
JX669488.1	0.0	0.0	0.0	0.0	0.0	0.0	1.0	0.0	0.0	0.0
JX669483.1	0.0	0.0	0.0	0.0	0.0	0.0	1.0	0.0	0.0	0.0
JX669483	0.0	0.0	0.0	0.0	0.0	0.0	1.0	0.0	0.0	0.0
JX669484	0.0	0.0	0.0	0.0	0.0	0.0	1.0	0.0	0.0	0.0
KC294201	0.0	0.0	0.0	0.0	0.0	0.0	1.0	0.0	0.0	0.0
KC294222.1	0.0	0.0	0.0	0.0	0.0	0.0	1.0	0.0	0.0	0.0
KC294222	0.0	0.0	0.0	0.0	0.0	0.0	1.0	0.0	0.0	0.0
FJ639706_FJ687442.1	5.7069318267595756e-08	2.400993700617641e-07	1.1457611614375587e-07	5.461227655086274e-07	5.350381821751572e-08	1.6075916062723482e-07	3.5680007723204e-07	0.9999982978416643	1.1901649916729546e-07	5.421121047527333e-08
GQ868620	0.0	0.0	0.0	0.0	0.0	0.0	0.0	1.0	0.0	0.0
FJ639704_GU131927.3	1.0563313342787566e-08	4.444147847493062e-08	2.1207602494059064e-08	1.0108524283832072e-07	9.903352870224748e-09	2.9755908042679673e-08	6.604233467202453e-08	0.9999996849369783	2.2029500471177114e-08	1.0034288481544265e-08
EU482451_GU131924	2.231585304633184e-09	9.3886214545119e-09	4.48027740316517e-09	2.1355074408286433e-08	2.0921633217365464e-09	6.286176028224985e-09	1.3951976880282955e-08	0.9999999334403907	4.653909992498204e-09	2.119824527704019e-09
FJ810411	0.0	0.0	0.0	0.0	0.0	0.0	0.0	1.0	0.0	0.0
AF100464	0.0	0.0	0.0	0.0	0.0	0.0	0.0	1.0	0.0	0.0
AF100464.2	0.0	0.0	0.0	0.0	0.0	0.0	0.0	1.0	0.0	0.0
AF100464.1	0.0	0.0	0.0	0.0	0.0	0.0	0.0	1.0	0.0	0.0
FJ639831	0.0	0.0	0.0	0.0	0.0	0.0	0.0	1.0	0.0	0.0
FJ639831.1	0.0	0.0	0.0	0.0	0.0	0.0	0.0	1.0	0.0	0.0
FJ196851.1	0.0	0.0	0.0	1.0	0.0	0.0	0.0	0.0	0.0	0.0
FJ196851	0.0	0.0	0.0	1.0	0.0	0.0	0.0	0.0	0.0	0.0
DQ181798.1	0.0	0.0	0.0	0.0	0.0	0.0	0.0	1.0	0.0	0.0
DQ181798.2	0.0	0.0	0.0	0.0	0.0	0.0	0.0	1.0	0.0	0.0
0.654425	2.3724094591680256e-09	9.981090259461652e-09	0.9999999208171649	2.2702686033229398e-08	2.2241892542969797e-09	6.6828650647561165e-09	1.4832416155714125e-08	1.31859877728135e-08	4.9475949072599705e-09	2.253596020219385e-09
GQ199894_GQ199894.1	0.0	0.0	1.0	0.0	0.0	0.0	0.0	0.0	0.0	0.0
FJ850121_FJ850121.1	2.70172006431216e-11	1.1366550455061296e-10	0.9999999990982591	2.585401189188698e-10	2.532925634712728e-11	7.61050355905853e-11	1.689128163553881e-10	1.5016314993988532e-10	5.6343631489821196e-11	2.5664143097861085e-11
FJ850061	0.0	0.0	1.0	0.0	0.0	0.0	0.0	0.0	0.0	0.0
FJ744744_FJ850066	8.59923477609702e-11	3.617829887283729e-10	0.9999999971298724	8.229006442935932e-10	8.061983360528014e-11	2.422327454762713e-10	5.376282257281737e-10	4.779503983807763e-10	1.7933468449190317e-10	8.168573596541136e-11
FJ744704_FJ744704.2	1.1726342299502861e-11	4.9334519575607113e-11	0.9999999996086152	1.1221480613938815e-10	1.0993719669246676e-11	3.3032056497617154e-11	7.331364672158987e-11	6.5175682715114e-11	2.4454965485660072e-11	1.1139071392489431e-11
EU482444_EU482762	1.9391870683681772e-14	8.158457253054087e-14	0.9999999999993526	1.855698012108762e-13	1.8180331489020108e-14	5.462516372603404e-14	1.212388927650549e-13	1.0778112890204021e-13	4.044121484428489e-14	1.8420699862105478e-14
EU482635	0.0	0.0	1.0	0.0	0.0	0.0	0.0	0.0	0.0	0.0
FJ205885_JF357906.1	2.8359570568567264e-09	1.1931306059777123e-08	0.9999999053455471	2.713858790974394e-08	2.658775949123239e-09	7.988637149955866e-09	1.7730537662437978e-08	1.5762411893708636e-08	5.914310717945321e-09	2.6939285341943784e-09
0.999942	4.7982132049627644e-12	2.0186818467529105e-11	0.9999999998398521	4.5916326750343605e-11	4.498436898850771e-12	1.3516137055001551e-11	2.999865591664048e-11	2.6668744051534427e-11	1.0006542135920541e-11	4.5579122697733e-12
0.999945	1.3614814661986563e-08	0.0001287181280303281	2.7333997204470234e-08	1.3028647372704554e-07	1.2764206597395282e-08	3.835171408380198e-08	0.9998709425225537	7.56719203627834e-08	2.8393322840887506e-08	1.2932966533120016e-08
HM181971_JX669478	2.4258123128489685e-09	1.8203849481757282e-07	4.870220316925573e-09	2.3213722699228066e-08	2.27425567636714e-09	6.8332961228702634e-09	0.9999997574981048	1.3482803894899443e-08	5.058965095017375e-09	2.304324387558611e-09
EU482729.1	0.0	1.0	0.0	0.0	0.0	0.0	0.0	0.0	0.0	0.0
EU482729	0.0	1.0	0.0	0.0	0.0	0.0	0.0	0.0	0.0	0.0
EU482551_EU677146	1.2799112319202186e-10	0.9999999960096133	2.569633954177716e-10	1.2248063982546528e-09	1.199946660762887e-10	3.605395360709863e-10	8.002065562793152e-10	7.113819998131851e-10	2.6692197960692804e-10	1.2158115654710882e-10
EU677143	0.0	1.0	0.0	0.0	0.0	0.0	0.0	0.0	0.0	0.0
EU482565.1	0.0	1.0	0.0	0.0	0.0	0.0	0.0	0.0	0.0	0.0
EU482565	0.0	1.0	0.0	0.0	0.0	0.0	0.0	0.0	0.0	0.0
EU482728.2	0.0	1.0	0.0	0.0	0.0	0.0	0.0	0.0	0.0	0.0
EU482728.1	0.0	1.0	0.0	0.0	0.0	0.0	0.0	0.0	0.0	0.0
FJ639706_JF730047	3.1509914747692565e-09	1.3256704147308186e-08	6.326137689052099e-09	3.015329831392414e-08	2.9541280707171564e-09	8.87606090285295e-09	1.9700147744598846e-08	0.9999999060180397	6.571306362458661e-09	2.9931856070812744e-09
FJ687442_FJ687442.1	2.9721074575753005e-10	1.2504111665985805e-09	5.966998372998381e-10	2.8441474217530005e-09	2.7864201283673556e-10	8.372160640388158e-10	1.8581756407749432e-09	0.9999999911353462	6.198248647215275e-10	2.8232603407360084e-10
0.999478	2.0235289403522193e-08	8.513296437188804e-08	4.062569764771339e-08	1.9364086597462922e-07	1.8971056229343746e-08	5.700099875569182e-08	1.265119864957091e-07	0.9999993964591208	4.220014146921649e-08	1.922187904433546e-08
FJ639704_FJ639704.1	5.872668082437131e-10	2.4707214839389484e-09	1.1790354619832604e-09	5.6198283621619455e-09	5.505763430731796e-10	1.654278025800427e-09	3.671619863315355e-09	0.9999999824840892	1.2247288335666793e-09	5.578557009838823e-10
0.999982	4.570924661778399e-10	1.923058072547413e-09	9.176888927892627e-10	4.37412973029925e-09	4.2853485833317617e-10	1.2875885576068915e-09	2.8577637193721404e-09	0.9999999863666892	9.53253810833086e-10	4.3420066408430504e-10
FJ639718_GU131924	2.979157991140411e-08	1.2533774341464857e-07	5.981153487815832e-08	2.8508944042048235e-07	2.793030168186569e-08	8.392021362266536e-08	1.8625836677094213e-07	0.9999991114317183	6.212952341733692e-08	2.829957774149687e-08
GQ199898_GQ199898.1	1.1371721874697387e-11	4.784257708897021e-11	0.9999999996204513	1.0882127888201817e-10	1.066125474201478e-11	3.2033122507102484e-11	7.109654305187589e-11	6.320468206537175e-11	2.3715414308691984e-11	1.080221083288334e-11
FJ850065	0.0	0.0	1.0	0.0	0.0	0.0	0.0	0.0	0.0	0.0
GQ199894.1	0.0	0.0	1.0	0.0	0.0	0.0	0.0	0.0	0.0	0.0
GQ199894	0.0	0.0	1.0	0.0	0.0	0.0	0.0	0.0	0.0	0.0
FJ850121.1	0.0	0.0	1.0	0.0	0.0	0.0	0.0	0.0	0.0	0.0
FJ850121	0.0	0.0	1.0	0.0	0.0	0.0	0.0	0.0	0.0	0.0
0.992540	1.19309319867766e-09	5.019525975135666e-09	0.9999999601786693	1.1417261971067662e-08	1.1185527277421452e-09	3.360836733148583e-09	7.459275112367335e-09	6.6312803925118516e-09	2.488163167134811e-09	1.1333414954574076e-09
FJ850066	0.0	0.0	1.0	0.0	0.0	0.0	0.0	0.0	0.0	0.0
FJ744704.1_FJ744704.2	3.51769112674142e-14	1.4799465794250384e-13	0.9999999999988259	3.366241729633538e-13	3.297917555419747e-14	9.909020994945311e-14	2.1992771313906868e-13	1.9551528934644057e-13	7.336048436631526e-14	3.341520450000889e-14
FJ744704	0.0	0.0	1.0	0.0	0.0	0.0	0.0	0.0	0.0	0.0
EU482762	0.0	0.0	1.0	0.0	0.0	0.0	0.0	0.0	0.0	0.0
EU482444	0.0	0.0	1.0	0.0	0.0	0.0	0.0	0.0	0.0	0.0
EU482639	0.0	0.0	1.0	0.0	0.0	0.0	0.0	0.0	0.0	0.0
FJ906961	0.0	0.0	1.0	0.0	0.0	0.0	0.0	0.0	0.0	0.0
JF357906_JF357906.1	0.0	0.0	1.0	0.0	0.0	0.0	0.0	0.0	0.0	0.0
FJ205885	0.0	0.0	1.0	0.0	0.0	0.0	0.0	0.0	0.0	0.0
HQ705625_HQ705625.3	2.098271657813528e-11	8.827750506799695e-11	0.9999999992996694	2.0079334313761239e-10	1.967178665499589e-11	5.910643419575402e-11	1.3118493654527538e-10	1.166231415789121e-10	4.375888035738473e-11	1.993187406631727e-11
FJ850050_FJ850050.1	0.0	0.0	1.0	0.0	0.0	0.0	0.0	0.0	0.0	0.0
FJ744708	0.0	0.0	1.0	0.0	0.0	0.0	0.0	0.0	0.0	0.0
0.547805	4.98904677972567e-07	0.0005540131822123282	1.0016338386944626e-06	4.774250170327959e-06	4.6773478303961145e-07	1.405369815139542e-06	0.9994335516128054	2.7729407999632328e-06	1.0404520325976432e-06	4.739188643861244e-07
GQ199890_GQ199890.1	0.0	0.0	0.0	0.0	0.0	0.0	1.0	0.0	0.0	0.0
0.997104	2.1019948908212284e-09	1.5906183482341485e-08	4.220103166731953e-09	2.0114963656611705e-08	1.970669283366993e-09	5.921131433648587e-09	0.9999999317015691	1.168300810038295e-08	4.383652736134629e-09	1.9967241751503655e-09
HM181971_HM181971.1	1.4248833570827807e-10	6.018842397554245e-10	2.860689525795859e-10	1.363536946154672e-09	1.3358614126254283e-10	4.013768859166616e-10	0.9999999958465924	7.919583380335996e-10	2.971555189893111e-10	1.3535232926969895e-10
EU677146	0.0	1.0	0.0	0.0	0.0	0.0	0.0	0.0	0.0	0.0
EU482551_EU482721.1	3.291600379671808e-08	0.9999989737758045	6.608433372757658e-08	3.149885011533969e-07	3.085952201722095e-08	9.272143600439395e-08	2.0579241268959902e-07	1.8294903601742355e-07	6.864542380011562e-08	3.126752629953844e-08
EU482556_EU482556.1	2.56251813006661e-10	0.999999992010822	5.144679905133919e-10	2.4521924045001044e-09	2.402420571545898e-10	7.218384171858693e-10	1.6020984558272126e-09	1.4242622663678272e-09	5.344061330174018e-10	2.434183794598133e-10
0.508729	1.0342050024382477e-08	4.3510589777123946e-08	2.0763379706096853e-08	9.896787156035306e-08	9.69591334360135e-09	2.9132629082562926e-08	6.465898593942928e-08	0.9999996915364123	2.156806188473329e-08	9.824106326077264e-09
GQ868638_JF730047	8.619410646664936e-08	3.6263181853058773e-07	1.73048956133012e-07	8.248313668894773e-07	8.080898710211783e-08	2.4280108168842183e-07	5.388896306776014e-07	0.9999974291612153	1.7975544674306356e-07	8.187739032524632e-08
FJ687442	0.0	0.0	0.0	0.0	0.0	0.0	0.0	1.0	0.0	0.0
FJ687442.1	0.0	0.0	0.0	0.0	0.0	0.0	0.0	1.0	0.0	0.0
GU131927_GU131927.3	0.0	0.0	0.0	0.0	0.0	0.0	0.0	1.0	0.0	0.0
FJ639710	0.0	0.0	0.0	0.0	0.0	0.0	0.0	1.0	0.0	0.0
FJ639704.1	0.0	0.0	0.0	0.0	0.0	0.0	0.0	1.0	0.0	0.0
FJ639704	0.0	0.0	0.0	0.0	0.0	0.0	0.0	1.0	0.0	0.0
0.998142	1.8068208168794215e-08	7.601572142724443e-08	3.627492285697736e-08	1.7290306091724007e-07	1.693936697905686e-08	5.089652491788689e-08	1.1296329211156604e-07	0.9999994610948217	3.768075294666405e-08	1.716332813643791e-08
EU482451_FM210214	3.8840262759949363e-16	1.6340693922380905e-15	7.797826559222771e-16	3.716804818323776e-15	3.6413653103139177e-16	1.0940954315510086e-15	2.428311599497662e-15	0.9999999999999883	8.100030350374454e-16	3.6895090449855484e-16
0.999896	7.757141856157947e-09	3.263548487490509e-08	1.557374808802296e-08	7.423168685954197e-08	7.272501588564044e-09	2.1851174177603805e-08	4.8498017803527665e-08	0.9999997686342842	1.6177306743617234e-08	7.3686538163801135e-09
GU131924	0.0	0.0	0.0	0.0	0.0	0.0	0.0	1.0	0.0	0.0
GQ199898	0.0	0.0	1.0	0.0	0.0	0.0	0.0	0.0	0.0	0.0
GQ199898.1	0.0	0.0	1.0	0.0	0.0	0.0	0.0	0.0	0.0	0.0
FJ850120_FJ850120.1	0.0	0.0	1.0	0.0	0.0	0.0	0.0	0.0	0.0	0.0
FJ744744	0.0	0.0	1.0	0.0	0.0	0.0	0.0	0.0	0.0	0.0
FJ744704.2	0.0	0.0	1.0	0.0	0.0	0.0	0.0	0.0	0.0	0.0
FJ744704.1	0.0	0.0	1.0	0.0	0.0	0.0	0.0	0.0	0.0	0.0
JF357906	0.0	0.0	1.0	0.0	0.0	0.0	0.0	0.0	0.0	0.0
JF357906.1	0.0	0.0	1.0	0.0	0.0	0.0	0.0	0.0	0.0	0.0
HQ705625.1_HQ705625.3	8.673975199718769e-14	3.6492743291912787e-13	0.999999999997105	8.300529019484341e-13	8.132054252565088e-14	2.4433811630092654e-13	5.42301032343984e-13	4.821045139707422e-13	1.8089337554267608e-13	8.239570919778312e-14
HQ705625	0.0	0.0	1.0	0.0	0.0	0.0	0.0	0.0	0.0	0.0
FJ850050	0.0	0.0	1.0	0.0	0.0	0.0	0.0	0.0	0.0	0.0
FJ850050.1	0.0	0.0	1.0	0.0	0.0	0.0	0.0	0.0	0.0	0.0
EU920846	0.0	0.0	0.0	0.0	0.0	0.0	1.0	0.0	0.0	0.0
EU920850	0.0	1.0	0.0	0.0	0.0	0.0	0.0	0.0	0.0	0.0
GQ199890.1	0.0	0.0	0.0	0.0	0.0	0.0	1.0	0.0	0.0	0.0
GQ199890	0.0	0.0	0.0	0.0	0.0	0.0	1.0	0.0	0.0	0.0
JX286520_JX286525	2.5615689481342367e-10	1.0801335523640054e-09	5.142774265069757e-10	2.451284088302164e-09	2.401530691324674e-10	7.215710411327413e-10	0.9999999925351528	1.423734705608613e-09	5.342081837267966e-10	2.4332821489665183e-10
JX669478	0.0	0.0	0.0	0.0	0.0	0.0	1.0	0.0	0.0	0.0
HM181971	0.0	0.0	0.0	0.0	0.0	0.0	1.0	0.0	0.0	0.0
HM181971.1	0.0	0.0	0.0	0.0	0.0	0.0	1.0	0.0	0.0	0.0
EU482721_EU482721.1	0.0	1.0	0.0	0.0	0.0	0.0	0.0	0.0	0.0	0.0
EU482551	0.0	1.0	0.0	0.0	0.0	0.0	0.0	0.0	0.0	0.0
EU482556	0.0	1.0	0.0	0.0	0.0	0.0	0.0	0.0	0.0	0.0
EU482556.1	0.0	1.0	0.0	0.0	0.0	0.0	0.0	0.0	0.0	0.0
GQ868622	0.0	0.0	0.0	0.0	0.0	0.0	0.0	1.0	0.0	0.0
FJ639706	0.0	0.0	0.0	0.0	0.0	0.0	0.0	1.0	0.0	0.0
GQ868638	0.0	0.0	0.0	0.0	0.0	0.0	0.0	1.0	0.0	0.0
JF730047	0.0	0.0	0.0	0.0	0.0	0.0	0.0	1.0	0.0	0.0
GU131927	0.0	0.0	0.0	0.0	0.0	0.0	0.0	1.0	0.0	0.0
GU131927.1	0.0	0.0	0.0	0.0	0.0	0.0	0.0	1.0	0.0	0.0
GU131927.2	0.0	0.0	0.0	0.0	0.0	0.0	0.0	1.0	0.0	0.0
GU131927.3	0.0	0.0	0.0	0.0	0.0	0.0	0.0	1.0	0.0	0.0
EU687249_FJ639707	1.5640028520731777e-07	6.579999743413657e-07	3.1399949722204943e-07	1.4966668408978846e-06	1.466289187065923e-07	4.405656022364775e-07	9.778219809709845e-07	0.9999953351808426	3.261685083893977e-07	1.485675497297977e-07
FJ744724_FJ744724.1	0.0	0.0	0.0	0.0	0.0	0.0	0.0	1.0	0.0	0.0
EU482649_FM210214	2.4431626886649982e-08	1.0278759941661109e-07	4.905054072347597e-08	2.3379756489553616e-07	2.290522058756948e-08	6.88217057831186e-08	1.5274768693024267e-07	0.9999992712985082	5.095148828265739e-08	2.3208058333466515e-08
EU482451_EU482676	3.948492205558146e-10	1.6611911969983924e-09	7.927252598593272e-10	3.778495255151957e-09	3.7018036243025324e-10	1.1122549068001117e-09	2.4686160035894287e-09	0.9999999882231659	8.234472279682294e-10	3.7507464345693597e-10
EU482469_EU660413	7.436191059413487e-09	3.128519567471113e-08	1.4929386163252877e-08	7.116035988331265e-08	6.9716027236912735e-09	2.0947084515180446e-08	4.649141824105959e-08	0.9999997782070125	1.5507972653198123e-08	7.063776664826686e-09
EU482468_EU482468.2	5.990771096301008e-12	2.5204092322631013e-11	1.202746599673648e-11	5.7328466117296244e-11	5.616487763464917e-12	1.6875465875296533e-11	3.7454584262194696e-11	0.9999999998213183	1.249358893426999e-11	5.690745266798854e-12
EU482784	0.0	0.0	0.0	0.0	0.0	0.0	0.0	1.0	0.0	0.0
GU131932_GU131932.1	0.0	0.0	0.0	0.0	0.0	0.0	0.0	1.0	0.0	0.0
FJ639718	0.0	0.0	0.0	0.0	0.0	0.0	0.0	1.0	0.0	0.0
FJ850120.1	0.0	0.0	1.0	0.0	0.0	0.0	0.0	0.0	0.0	0.0
FJ850120	0.0	0.0	1.0	0.0	0.0	0.0	0.0	0.0	0.0	0.0
HQ705625.2_HQ705625.3	5.5889146001897395e-15	2.3513420443231173e-14	0.9999999999998135	5.348291499357613e-14	5.239737916609405e-15	1.574347210055872e-14	3.494215844038299e-14	3.106350773329187e-14	1.1655528225176923e-14	5.309014281518912e-15
HQ705625.1	0.0	0.0	1.0	0.0	0.0	0.0	0.0	0.0	0.0	0.0
JX286525	0.0	0.0	0.0	0.0	0.0	0.0	1.0	0.0	0.0	0.0
KC294211_KC294211.1	0.0	0.0	0.0	0.0	0.0	0.0	1.0	0.0	0.0	0.0
JX286520	0.0	0.0	0.0	0.0	0.0	0.0	1.0	0.0	0.0	0.0
EU482721.1	0.0	1.0	0.0	0.0	0.0	0.0	0.0	0.0	0.0	0.0
EU482721	0.0	1.0	0.0	0.0	0.0	0.0	0.0	0.0	0.0	0.0
EU687249_EU687249.2	0.0	0.0	0.0	0.0	0.0	0.0	0.0	1.0	0.0	0.0
FJ639707	0.0	0.0	0.0	0.0	0.0	0.0	0.0	1.0	0.0	0.0
FJ744724	0.0	0.0	0.0	0.0	0.0	0.0	0.0	1.0	0.0	0.0
FJ744724.1	0.0	0.0	0.0	0.0	0.0	0.0	0.0	1.0	0.0	0.0
0.999999	5.747240150878006e-08	2.417952030457329e-07	1.1538537256488538e-07	5.499800559247064e-07	5.388171816651681e-08	1.6189461003302322e-07	3.593201727220743e-07	0.999998285819241	1.1985711821961734e-07	5.4594106768592204e-08
FM210214	0.0	0.0	0.0	0.0	0.0	0.0	0.0	1.0	0.0	0.0
EU482464_EU482676	2.3026220820666667e-09	9.687484066345152e-09	4.622895508808781e-09	2.2034858266276235e-08	2.1587619590067105e-09	6.486280270934233e-09	1.4396102172891772e-08	0.9999999313216369	4.80205524495446e-09	2.187303688307875e-09
EU482451_FJ410221.1	2.667069745414821e-08	1.1220771251940616e-07	5.354584603258828e-08	2.5522426925456517e-07	2.500440151799314e-08	7.512896712674225e-08	1.6674646202801668e-07	0.9999992045156423	5.5621008585714556e-08	2.533499325205934e-08
0.794485	2.3569870403429217e-08	9.916205779374174e-08	4.7320421739994083e-08	2.255510175720729e-07	2.209730376596292e-08	6.6394214915643e-08	1.4735994463539623e-07	0.9999992970013906	4.915431875477306e-08	2.2389459767574097e-08
EU660413	0.0	0.0	0.0	0.0	0.0	0.0	0.0	1.0	0.0	0.0
EU482468.1_EU482468.2	2.0499279438364563e-15	8.624361091529042e-15	4.1155701401237596e-15	1.9616710901154124e-14	1.921855305012602e-15	5.774463505105144e-15	1.2816246468047705e-14	0.9999999999999388	4.275068545179339e-15	1.9472648105131133e-15
EU482468	0.0	0.0	0.0	0.0	0.0	0.0	0.0	1.0	0.0	0.0
GU131932.1	0.0	0.0	0.0	0.0	0.0	0.0	0.0	1.0	0.0	0.0
GU131932	0.0	0.0	0.0	0.0	0.0	0.0	0.0	1.0	0.0	0.0
HQ705625.3	0.0	0.0	1.0	0.0	0.0	0.0	0.0	0.0	0.0	0.0
HQ705625.2	0.0	0.0	1.0	0.0	0.0	0.0	0.0	0.0	0.0	0.0
KC294211	0.0	0.0	0.0	0.0	0.0	0.0	1.0	0.0	0.0	0.0
KC294211.1	0.0	0.0	0.0	0.0	0.0	0.0	1.0	0.0	0.0	0.0
EU687249	0.0	0.0	0.0	0.0	0.0	0.0	0.0	1.0	0.0	0.0
EU687249.2	0.0	0.0	0.0	0.0	0.0	0.0	0.0	1.0	0.0	0.0
EU687249.1	0.0	0.0	0.0	0.0	0.0	0.0	0.0	1.0	0.0	0.0
EU482649_EU482649.2	0.0	0.0	0.0	0.0	0.0	0.0	0.0	1.0	0.0	0.0
EU482669_EU482669.2	1.8953731714668158e-10	7.974125472592966e-10	3.805275815832689e-10	1.8137704628233734e-09	1.7769565976767182e-10	5.339096547319274e-10	1.184996272063207e-09	0.9999999943468305	3.952748803233563e-10	1.800450347869603e-10
EU482467_EU482676	5.610558902537422e-12	2.360448134104561e-11	1.126412699437338e-11	5.369003935767308e-11	5.260029955368749e-12	1.580444216264112e-11	3.507747964245301e-11	0.9999999998326585	1.1700666824524842e-11	5.329574608254528e-12
EU482464_EU482658.1	9.514010251945634e-08	4.002689952493007e-07	1.9100952608343297e-07	9.104397507443496e-07	8.919606725505833e-08	2.6800115170994147e-07	5.948204211523046e-07	0.9999971623365499	1.9841207633126175e-07	9.037535892994669e-08
EU482451_FJ410224.1	1.0568305780224233e-08	4.446248242451342e-08	2.1217625639751847e-08	1.0113301778679231e-07	9.908033396875184e-09	2.9769971292008142e-08	6.607354762702473e-08	0.999999684788073	2.203991206262521e-08	1.0039030891036432e-08
FJ410221_FJ410221.1	3.110875625074483e-10	1.3087930618315875e-09	6.245598471248903e-10	2.9769411149313e-09	2.916518525082737e-10	8.76305814549494e-10	1.9449341554796306e-09	0.9999999907214544	6.487645857361926e-10	2.955078812796461e-10
EU482469_FJ432726	3.9013643714159413e-10	1.6413637947559805e-09	7.832635659716206e-10	3.733396445676978e-09	3.6576201795466926e-10	1.0989794178178262e-09	2.4391514587654107e-09	0.9999999883637302	8.136188473195563e-10	3.7059788253971746e-10
EU482776	0.0	0.0	0.0	0.0	0.0	0.0	0.0	1.0	0.0	0.0
EU482468.1	0.0	0.0	0.0	0.0	0.0	0.0	0.0	1.0	0.0	0.0
EU482468.2	0.0	0.0	0.0	0.0	0.0	0.0	0.0	1.0	0.0	0.0
EU482649	0.0	0.0	0.0	0.0	0.0	0.0	0.0	1.0	0.0	0.0
EU482649.1	0.0	0.0	0.0	0.0	0.0	0.0	0.0	1.0	0.0	0.0
EU482649.2	0.0	0.0	0.0	0.0	0.0	0.0	0.0	1.0	0.0	0.0
EU482669.1_EU482669.2	8.158846611849524e-13	3.432551835909912e-12	1.6380236971030182e-12	7.807578590883473e-12	7.649109175233558e-13	2.2982740513163376e-12	5.1009494937058e-12	0.9999999999756656	1.701505100222373e-12	7.750240660603544e-13
EU482669	0.0	0.0	0.0	0.0	0.0	0.0	0.0	1.0	0.0	0.0
EU482676	0.0	0.0	0.0	0.0	0.0	0.0	0.0	1.0	0.0	0.0
0.999633	8.63818890556633e-09	3.634218486676116e-08	1.7342596080700772e-08	8.26628345545255e-08	8.098503766329511e-09	2.433300484310897e-08	5.400636563063786e-08	0.9999997423560384	1.8014706218595723e-08	8.205576851103245e-09
EU482467_FJ410195	3.330948701378297e-10	1.4013811785151238e-09	6.687431650900125e-10	3.1875392448782504e-09	3.12284217194877e-10	9.382984300164683e-10	2.0825248837475e-09	0.9999999900650608	6.946602226524109e-10	3.1641303350786365e-10
EU482658_EU482658.1	2.5409076379248203e-11	1.0689987926441998e-10	5.101293260037665e-11	2.431512322643971e-10	2.3821602306439132e-11	7.157509350099554e-11	1.5885874739208616e-10	0.999999999242145	5.298993241083867e-11	2.413655584808075e-11
EU482464	0.0	0.0	0.0	0.0	0.0	0.0	0.0	1.0	0.0	0.0
0.999849	3.682968526000276e-08	1.5494813148172264e-07	7.39416979908813e-08	3.524403335728229e-07	3.4528689757949706e-08	1.0374592632772159e-07	2.3026093431822437e-07	0.9999989015120967	7.680729923083303e-08	3.498520536036876e-08
EU482451_EU482451.1	0.0	0.0	0.0	0.0	0.0	0.0	0.0	1.0	0.0	0.0
FJ410221	0.0	0.0	0.0	0.0	0.0	0.0	0.0	1.0	0.0	0.0
FJ410221.1	0.0	0.0	0.0	0.0	0.0	0.0	0.0	1.0	0.0	0.0
0.560155	4.3756928438609305e-09	1.840921054056668e-08	8.784928692100398e-09	4.187303352215627e-08	4.102314196147528e-09	1.2325935022446092e-08	2.735703863348493e-08	0.9999998694899068	9.125387502717312e-09	4.156552293500624e-09
0.968124	7.629686012342094e-09	3.209925860236781e-08	1.5317859354679922e-08	7.301200279780906e-08	7.15300875939956e-09	2.1492142475616458e-08	4.770115783923066e-08	0.999999772435802	1.5911501074479084e-08	7.2475811317020504e-09
EU482669.1	0.0	0.0	0.0	0.0	0.0	0.0	0.0	1.0	0.0	0.0
EU482669.2	0.0	0.0	0.0	0.0	0.0	0.0	0.0	1.0	0.0	0.0
EU482474_EU482699	1.0091630510603204e-09	4.245703649604828e-09	2.02606210230353e-09	9.657149113118442e-09	9.461139203133429e-10	2.842721973018427e-09	6.309335129424396e-09	0.9999999699005464	2.104581885191072e-09	9.586228156498494e-10
EU482670	0.0	0.0	0.0	0.0	0.0	0.0	0.0	1.0	0.0	0.0
0.942092	9.140549007268605e-11	3.845569082099939e-10	1.8351167255298296e-10	8.74701512765586e-10	8.569478089786128e-11	2.574810827756029e-10	5.714714474850306e-10	0.9999999972737257	1.9062364442680032e-10	8.682778086976866e-11
FJ024452_FJ410195	3.69914765577152e-10	1.55628812272057e-09	7.426652083931324e-10	3.5398858951181345e-09	3.4680372876738555e-10	1.0420167792957333e-09	2.312724611643765e-09	0.9999999889668649	7.714471054805214e-10	3.513889393348662e-10
EU482658.1	0.0	0.0	0.0	0.0	0.0	0.0	0.0	1.0	0.0	0.0
EU482658	0.0	0.0	0.0	0.0	0.0	0.0	0.0	1.0	0.0	0.0
FJ410224_FJ410224.1	0.0	0.0	0.0	0.0	0.0	0.0	0.0	1.0	0.0	0.0
FJ410215	0.0	0.0	0.0	0.0	0.0	0.0	0.0	1.0	0.0	0.0
EU482451	0.0	0.0	0.0	0.0	0.0	0.0	0.0	1.0	0.0	0.0
EU482451.1	0.0	0.0	0.0	0.0	0.0	0.0	0.0	1.0	0.0	0.0
FJ410259_FJ410259.1	1.332430970244934e-12	5.6057413390943485e-12	2.6750760344548344e-12	1.2750649708263332e-11	1.2491851415693523e-12	3.753338761923353e-12	8.330421450989986e-12	0.9999999999602589	2.778748270954519e-12	1.2657010450523441e-12
EU482469	0.0	0.0	0.0	0.0	0.0	0.0	0.0	1.0	0.0	0.0
FJ432726	0.0	0.0	0.0	0.0	0.0	0.0	0.0	1.0	0.0	0.0
FJ410228	0.0	0.0	0.0	0.0	0.0	0.0	0.0	1.0	0.0	0.0
EU482474_FJ410217.1	1.8447068298519054e-09	7.7609644068162e-09	3.7035547366666637e-09	1.7652854914922002e-08	1.7294557195551384e-09	5.196373998718397e-09	1.1533194356298378e-08	0.9999999449794881	3.847085536391196e-09	1.7523214444119008e-09
EU482699	0.0	0.0	0.0	0.0	0.0	0.0	0.0	1.0	0.0	0.0
EU677148_FJ461311	2.162618207396264e-14	9.0984663045252e-14	4.341814523583133e-14	2.0695096279661833e-13	2.0275050579694624e-14	6.091901889348521e-14	1.3520791326160519e-13	0.999999999999355	4.510081001368841e-14	2.054311394944166e-14
0.992324	7.15776000223582e-10	3.011379353669143e-09	1.4370389663669123e-09	6.849592400839357e-09	6.71056710732921e-10	2.016276915268469e-09	4.4750654101579795e-09	0.9999999786511543	1.492731231432124e-09	6.799289807409961e-10
0.497776	1.8154342707008678e-08	7.63781026330069e-08	3.644785221997016e-08	1.7372732224790678e-07	1.702012011953187e-08	5.113915820114153e-08	1.1350180931871334e-07	0.9999994585257597	3.786038416544973e-08	1.724514894176871e-08
FJ205877_FJ410195	1.2073357753315347e-08	5.0794466783516614e-08	2.4239266950809715e-08	1.1553555790343918e-07	1.131905475862682e-08	3.400956796565322e-08	7.54832037529164e-08	0.9999996398981595	2.5178656704049186e-08	1.1468707848221946e-08
FJ410224	0.0	0.0	0.0	0.0	0.0	0.0	0.0	1.0	0.0	0.0
FJ410224.1	0.0	0.0	0.0	0.0	0.0	0.0	0.0	1.0	0.0	0.0
FJ410259.1	0.0	0.0	0.0	0.0	0.0	0.0	0.0	1.0	0.0	0.0
FJ410259	0.0	0.0	0.0	0.0	0.0	0.0	0.0	1.0	0.0	0.0
FJ410217_FJ410217.1	0.0	0.0	0.0	0.0	0.0	0.0	0.0	1.0	0.0	0.0
EU482474	0.0	0.0	0.0	0.0	0.0	0.0	0.0	1.0	0.0	0.0
FJ410237_FJ461311	7.092274191958012e-09	2.9838284694585403e-08	1.4238916044710228e-08	6.786925992870725e-08	6.649172631360502e-09	1.9978301487521915e-08	4.4341233718193325e-08	0.9999997884647303	1.4790743451734637e-08	6.737083614101888e-09
FJ547067	0.0	0.0	0.0	0.0	0.0	0.0	0.0	1.0	0.0	0.0
EU677148	0.0	0.0	0.0	0.0	0.0	0.0	0.0	1.0	0.0	0.0
FJ410223_FJ410223.1	0.0	0.0	0.0	0.0	0.0	0.0	0.0	1.0	0.0	0.0
FJ461309	0.0	0.0	0.0	0.0	0.0	0.0	0.0	1.0	0.0	0.0
0.999988	4.2325647252747565e-08	1.7807048605680234e-07	8.497575269344022e-08	4.0503374197020947e-07	3.968128243500572e-08	1.1922755925436736e-07	2.646219486601312e-07	0.9999987375886819	8.826897734070465e-08	4.020592222535301e-08
0.999975	3.7228291936000237e-08	1.5662513086974135e-07	7.474196696536974e-08	3.5625478566116244e-07	3.4902392822578156e-08	1.0486876565012768e-07	2.3275304211096564e-07	0.9999988896231922	7.763858252914551e-08	3.536384928087302e-08
FM210206_FM210206.1	1.0207721656068814e-10	4.294544974054061e-10	2.0493693240645477e-10	9.768242112539712e-10	9.569977362274048e-11	2.8754238094304145e-10	6.381915862689621e-10	0.999999996955429	2.1287923754107937e-10	9.696505302120631e-11
FJ024452_FJ024452.2	3.802202013735621e-11	1.5996446708280487e-10	7.63355078967457e-11	3.6385033881555926e-10	3.5646531541746615e-11	1.0710462693758597e-10	2.377154683698029e-10	0.9999999988659493	7.929388093962926e-11	3.611782651224817e-11
FJ410195	0.0	0.0	0.0	0.0	0.0	0.0	0.0	1.0	0.0	0.0
FJ205877	0.0	0.0	0.0	0.0	0.0	0.0	0.0	1.0	0.0	0.0
FJ410217	0.0	0.0	0.0	0.0	0.0	0.0	0.0	1.0	0.0	0.0
FJ410217.1	0.0	0.0	0.0	0.0	0.0	0.0	0.0	1.0	0.0	0.0
0.602326	9.665812056853417e-09	4.066555298775395e-08	1.940571989412708e-08	9.249663692535656e-08	9.061924461575382e-09	2.722772726588982e-08	6.043111417985708e-08	0.9999997117059909	2.0157786136879908e-08	9.181735260469064e-09
FJ461311	0.0	0.0	0.0	0.0	0.0	0.0	0.0	1.0	0.0	0.0
FJ410223	0.0	0.0	0.0	0.0	0.0	0.0	0.0	1.0	0.0	0.0
FJ410223.1	0.0	0.0	0.0	0.0	0.0	0.0	0.0	1.0	0.0	0.0
FJ410202	0.0	0.0	0.0	0.0	0.0	0.0	0.0	1.0	0.0	0.0
FJ205879	0.0	0.0	0.0	0.0	0.0	0.0	0.0	1.0	0.0	0.0
EU482467	0.0	0.0	0.0	0.0	0.0	0.0	0.0	1.0	0.0	0.0
EU482679	0.0	0.0	0.0	0.0	0.0	0.0	0.0	1.0	0.0	0.0
FM210206.1	0.0	0.0	0.0	0.0	0.0	0.0	0.0	1.0	0.0	0.0
FM210206	0.0	0.0	0.0	0.0	0.0	0.0	0.0	1.0	0.0	0.0
FJ024452.1_FJ024452.2	7.239396660315338e-14	3.0457251471249753e-13	1.4534288786729406e-13	6.927714303870015e-13	6.787103380170095e-14	2.0392732310256303e-13	4.5261050349370214e-13	0.9999999999978406	1.5097563327357409e-13	6.876837992459152e-14
FJ024452	0.0	0.0	0.0	0.0	0.0	0.0	0.0	1.0	0.0	0.0
FJ547064	0.0	0.0	0.0	0.0	0.0	0.0	0.0	1.0	0.0	0.0
FJ410237	0.0	0.0	0.0	0.0	0.0	0.0	0.0	1.0	0.0	0.0
FJ024452.1	0.0	0.0	0.0	0.0	0.0	0.0	0.0	1.0	0.0	0.0
FJ024452.2	0.0	0.0	0.0	0.0	0.0	0.0	0.0	1.0	0.0	0.0
