node	Africa	Caribbean	Central America	Eastern Asia	Europe	Oceania	South America	South-eastern Asia	Southern Asia	Western Asia
root	0.05848610528813967	0.1535076862238886	0.047114731899156145	0.24139261604463164	0.021445809971117332	0.08647591182485936	0.1652439267221907	0.15173146226405207	0.05317733462801168	0.021424415133952792
n0	0.19848016537010837	0.10835178433295631	0.033260384327175097	0.170404182894188	0.015139869576884608	0.06101284769360034	0.11665480057574272	0.2472722567691784	0.03429895891399324	0.015124749546172801
n12	0.00880309986907141	0.03016977794271996	0.009078143141690876	0.04671745623738449	0.004121108160986242	0.01792306939695574	0.03177468695185299	0.7180629059928677	0.12923275520820332	0.004116997098267339
n1	0.003925052981735567	0.00694940062895101	0.002133256814536286	0.010929369634682879	0.0009710424701269057	0.0039130894778432014	0.007482021665741651	0.9605416163124851	0.002185076409401697	0.0009700736044956095
n2	0.999552791703744	7.367324378531874e-05	2.2615470881731945e-05	0.00011586642204391512	1.0397159513973493e-05	4.148413905272438e-05	7.93197724528355e-05	7.040485426972318e-05	2.316311302506288e-05	1.0284121230816469e-05
n13	0.0004778547057726062	0.0018599414344309926	0.0004927054101040684	0.0032124534264898496	0.00022398263529373557	0.00311204689830553	0.0017263673361675193	0.9612163314301919	0.02745455752430887	0.0002237591989350423
n340	0.004834974885484861	0.018279003431027657	0.005100183618775136	0.025750864674760638	0.0022831152513084346	0.010232271299074945	0.017663698954790138	0.5523324016360265	0.3612426485432027	0.0022808377055489513
EF105379	0.0	0.0	0.0	0.0	0.0	0.0	0.0	1.0	0.0	0.0
FJ467493	0.0	0.0	0.0	0.0	0.0	0.0	0.0	1.0	0.0	0.0
n3	0.9999565190801644	7.242106970210942e-06	2.2231102884856997e-06	1.138971662726754e-05	1.019538566089724e-06	4.077900105110911e-06	7.797167375431818e-06	6.444275731905272e-06	2.2761706615922193e-06	1.0109335094525784e-06
n7	0.9999825297828208	2.9017402562047258e-06	8.907484968892561e-07	4.563592948743447e-06	8.635501486955695e-07	1.6339125843142275e-06	3.124143661567919e-06	2.176121513029309e-06	9.113500048332203e-07	4.0505756514474603e-07
n14	0.0003681040508872946	0.001229728285708168	0.0003677438000979893	0.0019699826873090273	0.000167357709072321	0.0009496539338579473	0.0012895836991865836	0.9483551638052706	0.045135491268896974	0.0001671907597130544
n56	0.000210985271506621	0.0011552718685202848	0.000218491831612907	0.0023803923985684836	9.93845624820744e-05	0.0044093918766239665	0.0007659058571426595	0.9838844679737664	0.006776422939408501	9.928542036802363e-05
n341	4.143695472628171e-05	0.005684007882536834	0.000287038644297523	0.0002209054132028424	1.961260753959666e-05	0.0025391487476634214	0.00035895728971052177	0.0017062396515276817	0.98912305976601	1.9593042785409036e-05
GQ398257	0.0	0.0	0.0	0.0	0.0	0.0	0.0	1.0	0.0	0.0
n4	0.9999963103890941	6.355616822252247e-07	1.9509874253454392e-07	9.995539232746635e-07	8.881457287108969e-08	3.578717599754851e-07	6.842745518929342e-07	4.401648835296139e-07	1.99551889694527e-07	8.871889967023856e-08
n5	0.9999999130353742	1.497997270416275e-08	4.5984110068016964e-09	2.3559146019689803e-08	2.0933384269552056e-09	8.434915697305337e-09	1.6128118458999543e-08	1.0376276382752097e-08	4.703372993151204e-09	2.0910742909139276e-09
n8	0.9999143551900009	3.238256302051002e-06	9.94049450939127e-07	5.092836646091679e-06	6.730390787239055e-05	1.8233956985549347e-06	3.4864537552568687e-06	2.237148031327654e-06	1.0167297356249247e-06	4.5203250683688363e-07
n10	0.999995210887662	8.246953220613084e-07	2.53157209036002e-07	1.297006212067001e-06	1.1762197620362717e-07	4.6436902631207445e-07	8.879044204345538e-07	5.70303684113608e-07	2.589341710143629e-07	1.1512031683290139e-07
n15	4.471546970132111e-05	6.031221622801778e-05	1.825409113708225e-05	9.615705191635925e-05	8.308151751336785e-06	4.0842376736793684e-05	6.401733365055209e-05	0.9984464922858028	0.0012126011592035032	8.299863872140378e-06
n41	9.58080577333546e-06	3.248097655390433e-05	9.964212028598461e-06	5.114670713986808e-05	4.535610576411771e-06	1.8460714401021033e-05	3.494758067255352e-05	0.0006535941327910073	0.9991807581740296	4.531086033580683e-06
n57	3.568319417775142e-05	0.0043698734598181105	3.713597839770274e-05	0.00022714421000892253	1.6903186066167113e-05	0.00011501481360797835	0.00013024320757507404	0.9949364708865079	0.00011464473971396418	1.6886324126341012e-05
n232	0.00043953194328521795	0.002119796050171296	0.00045700548780628687	0.007548652100459998	0.0002079894081431336	0.017361312972664134	0.0016026559850476207	0.9662715394615559	0.003783734664632037	0.00020778192623444676
n342	0.0008096011131860919	0.7845557484928418	0.03526083737949625	0.004318288155133609	0.0003836655122472453	0.0018871833668912142	0.03227918286248756	0.0021189225721969145	0.13800328776256696	0.00038328278295246375
n351	5.217458181757457e-05	0.0001941024025110845	5.507332189086587e-05	0.00027829188100228036	2.4725389211246814e-05	0.995936839762746	0.0001911557560114842	0.00012715317294664495	0.00311578300770602	2.4700724156759867e-05
n353	1.4956903211600843e-05	0.0013607492620263987	7.320924520416979e-05	7.975123664247008e-05	7.082311552611809e-06	0.0006099093834746867	0.00010368640738610986	0.0004153088211464885	0.9973282711828335	7.075246522040299e-06
JQ922552	0.0	0.0	0.0	0.0	0.0	0.0	0.0	0.0	1.0	0.0
EF105384	1.0	0.0	0.0	0.0	0.0	0.0	0.0	0.0	0.0	0.0
EF105385	1.0	0.0	0.0	0.0	0.0	0.0	0.0	0.0	0.0	0.0
n6	0.9999999858336167	2.4409906456389418e-09	7.49312341272561e-10	3.838969326221333e-09	3.4108642909469226e-10	1.3744717609886511e-09	2.6280813531491774e-09	1.6863217738550666e-09	7.664086333959258e-10	3.407411328627612e-10
EU003591	1.0	0.0	0.0	0.0	0.0	0.0	0.0	0.0	0.0	0.0
n9	0.9988477635843112	3.4859108440439394e-05	1.070072115336763e-05	5.4823253250824215e-05	0.0009548139183849249	1.9628448743991377e-05	3.7530898916012584e-05	2.406918950364173e-05	1.09448479395886e-05	4.866029356322048e-06
EF457904	1.0	0.0	0.0	0.0	0.0	0.0	0.0	0.0	0.0	0.0
n11	0.9999996842368226	5.441207370627491e-08	1.670290647812439e-08	8.557438874646694e-08	7.604594687182672e-09	3.0638322296541526e-08	5.858250912799689e-08	3.7568962623397295e-08	1.708396583884704e-08	7.595453810554965e-09
EF105378	1.0	0.0	0.0	0.0	0.0	0.0	0.0	0.0	0.0	0.0
n16	5.836465426103679e-06	1.59129418987468e-05	4.873757169011626e-06	2.721505201397956e-05	2.218456468282219e-06	9.363674882767374e-06	1.7093605263020226e-05	0.9998595490541609	5.572074929185162e-05	2.216243425237401e-06
n39	0.0003651664587589397	2.175739407561396e-05	6.671685228611671e-06	3.4254133867566054e-05	3.0368743329580774e-06	1.2441591145016311e-05	2.33996061927612e-05	0.9994903733576928	3.986505383665484e-05	3.0338448691607547e-06
n42	2.6430717818745898e-08	8.960754448496914e-08	2.748989204365753e-08	1.8273836969492493e-07	1.2513129910266634e-08	5.090451805521595e-08	9.641559394719927e-08	1.7134282900739709e-06	0.9999977879712966	1.2500647315080572e-08
JX475906	0.0	0.0	0.0	0.0	0.0	0.0	0.0	0.0	1.0	0.0
n58	0.00012324570401900988	0.0915439766728196	0.00012830831285486587	0.0006632458176238803	5.840485287055451e-05	0.000242834381601786	0.0004500214326777141	0.9065881578361971	0.00014345839879882928	5.834659053671238e-05
n209	3.250434162338351e-06	0.00019256688275753113	3.3834289143448146e-06	6.342995014340557e-05	1.5400759414179828e-06	8.21000545741825e-06	1.1866581053191267e-05	0.9997074779257528	6.736176194085032e-06	1.5385396235256947e-06
n233	1.8481441154037063e-05	6.946728073174795e-05	1.9234581068270864e-05	0.00015472343984687236	8.755048446508234e-06	0.0002135404596897671	6.745964240593027e-05	0.9993841405338798	5.545125801521028e-05	8.746314761698709e-06
n336	0.0041700575612886774	0.021932962002560338	0.00434110585037989	0.11322970150180109	0.0019760193560361826	0.2965087465377171	0.015225551485780314	0.534399166891455	0.0062426406544502915	0.001974048158531222
n343	0.0008049385032924909	0.7962629202240682	0.06113653725858988	0.0042934252398815235	0.00038145736546010893	0.001730758403542029	0.05431154957935765	0.0020115043209869552	0.07868583226589693	0.00038107683892412103
EU056812	0.0	1.0	0.0	0.0	0.0	0.0	0.0	0.0	0.0	0.0
HM582107	0.0	0.0	0.0	0.0	0.0	1.0	0.0	0.0	0.0	0.0
HM582115	0.0	0.0	0.0	0.0	0.0	1.0	0.0	0.0	0.0	0.0
JQ922553	0.0	0.0	0.0	0.0	0.0	0.0	0.0	0.0	1.0	0.0
JQ922550	0.0	0.0	0.0	0.0	0.0	0.0	0.0	0.0	1.0	0.0
EF105388	1.0	0.0	0.0	0.0	0.0	0.0	0.0	0.0	0.0	0.0
EF105387	1.0	0.0	0.0	0.0	0.0	0.0	0.0	0.0	0.0	0.0
JF260983	0.0	0.0	0.0	0.0	1.0	0.0	0.0	0.0	0.0	0.0
EF105389	1.0	0.0	0.0	0.0	0.0	0.0	0.0	0.0	0.0	0.0
EF105380	1.0	0.0	0.0	0.0	0.0	0.0	0.0	0.0	0.0	0.0
EF105383	1.0	0.0	0.0	0.0	0.0	0.0	0.0	0.0	0.0	0.0
n17	3.438412581932875e-07	1.159129998540927e-06	3.557988624922987e-07	8.829546639755948e-05	1.6195691040493171e-07	5.0253483976723e-06	1.2479015463422293e-06	0.9999027931857615	4.5557551856549423e-07	1.6179534870069606e-07
GQ398263	0.0	0.0	0.0	0.0	0.0	0.0	0.0	1.0	0.0	0.0
n40	0.004844202222454649	0.0001628119776779249	4.997445802047469e-05	0.00025607616498066356	2.2747984989630662e-05	9.178278863890135e-05	0.00017527654095346663	0.9943047757308501	6.962683892012337e-05	2.272529251411736e-05
GQ398259	0.0	0.0	0.0	0.0	0.0	0.0	0.0	1.0	0.0	0.0
FJ882602	0.0	0.0	0.0	0.0	0.0	0.0	0.0	0.0	1.0	0.0
n44	1.4857070109234056e-07	5.038790098075768e-07	1.5467574400547202e-07	1.435458452617425e-05	7.040724249316955e-08	2.8373168946710955e-07	5.424979831925231e-07	3.7647520489406473e-07	0.9999834948408918	7.033700716350343e-08
JQ922551	0.0	0.0	0.0	0.0	0.0	0.0	0.0	0.0	1.0	0.0
n59	9.639143084368837e-06	0.9933331283966288	1.0035247908933551e-05	5.145599629683047e-05	4.567968953384022e-06	1.846138946408005e-05	3.5233392226193256e-05	0.006522563199674801	1.0351853631373886e-05	4.563412131159042e-06
JN819418	0.0	0.0	0.0	0.0	0.0	0.0	0.0	1.0	0.0	0.0
n210	4.54430284333065e-06	3.254605380894134e-05	4.730995970374704e-06	0.0006759218709118463	2.1535106727999565e-06	8.867230191619111e-06	1.659311795265152e-05	0.9992473434803356	5.148074895673391e-06	2.1513624171071948e-06
DQ181801	0.0	0.0	0.0	0.0	0.0	0.0	0.0	1.0	0.0	0.0
n234	8.395995490368676e-07	2.9031280076824556e-06	8.740508065485488e-07	4.938372199512883e-06	3.978582107133656e-07	3.0639324228753654e-06	3.065560995616716e-06	0.9999823328806984	1.1871557863181944e-06	3.9746132335068063e-07
n335	7.318509624098101e-07	2.4919367870492744e-06	7.619171371365909e-07	3.985111874005858e-06	3.468184259388179e-07	1.6564015676581732e-06	2.672287163954387e-06	0.9999861759592087	8.312444192558632e-07	3.4647245381648895e-07
n337	0.000307706672242586	0.02644987202394839	0.0003203447300320838	0.0036710140673024707	0.0001458180914272107	0.9550440404713746	0.0011235502919801047	0.012424117752178176	0.00036786327035449466	0.00014567262915975564
KJ734727	0.0	0.0	0.0	1.0	0.0	0.0	0.0	0.0	0.0	0.0
n344	0.0009877784860011958	0.13329772357433883	0.45288633264974143	0.005268676709714852	0.00046810658795722634	0.0019180518270019967	0.38857499739130585	0.0023337607858637402	0.013796932364435029	0.0004676396236399761
GQ868600	0.0	1.0	0.0	0.0	0.0	0.0	0.0	0.0	0.0	0.0
n18	1.858765342390075e-06	6.303427877391888e-06	1.934965278689881e-06	0.0005940657335618417	8.807817386593291e-07	3.923668458455097e-06	6.786550629784397e-06	0.9993813792477916	1.9869562153066423e-06	8.799031061987646e-07
n21	8.35891368773688e-07	2.8342766840039538e-06	8.700377120409905e-07	0.0004401604951570332	3.960346622712844e-07	0.00011502891859730109	3.051504334785524e-06	0.9994355286833435	8.985185463519663e-07	3.956395940103171e-07
GU131843	1.0	0.0	0.0	0.0	0.0	0.0	0.0	0.0	0.0	0.0
GQ398262	0.0	0.0	0.0	0.0	0.0	0.0	0.0	1.0	0.0	0.0
n45	1.8936663971628836e-09	6.422395420800312e-09	1.971486430514963e-09	1.4456886663183128e-08	8.974059002902165e-10	3.6163215716245016e-09	6.914642186932542e-09	4.44343915863647e-09	0.9999999584872414	8.965148852048017e-10
n55	2.409165138604071e-05	8.170716621220448e-05	2.508169695798227e-05	0.002965738197861034	1.1417001151089011e-05	4.600763485751063e-05	8.796964425567746e-05	5.643620152581507e-05	0.996690145193783	1.1405612009714652e-05
n60	3.1169469186847e-11	0.9999999331701214	3.2452158455299487e-11	1.6635064533977018e-10	1.47711511877058e-11	5.964741061016453e-11	5.144734872255786e-08	1.5029990266980205e-08	3.339237955025757e-11	1.4756416080986893e-11
M20558	0.0	1.0	0.0	0.0	0.0	0.0	0.0	0.0	0.0	0.0
n211	1.6354047910547955e-09	1.0785239567798116e-08	1.7025949302344766e-09	2.0797610331804693e-07	7.750074694465965e-10	3.1809099083146833e-09	5.971546698480463e-09	0.9999997653629993	1.8359597373559006e-09	7.742343531445418e-10
AF119661	0.0	0.0	0.0	1.0	0.0	0.0	0.0	0.0	0.0	0.0
n235	4.65149786506877e-09	1.578985862054781e-08	4.842637745267913e-09	2.4928261880153604e-08	2.204331721552187e-09	9.256891921979405e-09	1.698469609028532e-08	0.9999999141115117	5.0281797891928454e-09	2.2021327688263497e-09
AJ487271	0.0	0.0	0.0	0.0	0.0	0.0	0.0	1.0	0.0	0.0
M84727	0.0	0.0	0.0	0.0	0.0	0.0	0.0	1.0	0.0	0.0
M84728	0.0	0.0	0.0	0.0	0.0	0.0	0.0	1.0	0.0	0.0
n338	0.0	0.0	0.0	0.0	0.0	1.0	0.0	0.0	0.0	0.0
KF704355	0.0	1.0	0.0	0.0	0.0	0.0	0.0	0.0	0.0	0.0
n345	5.826271479886504e-05	0.004667255934869525	0.7749281921379406	0.00031076546863158797	2.7610611715241803e-05	0.00011235415410008172	0.21923041309649804	0.00013714372268037558	0.0005004190902868845	2.7583068478766626e-05
n348	6.238411031022546e-05	0.0020422236284638714	0.006430529541135545	0.0003327484701807152	2.9563741888321722e-05	0.00011958099080836823	0.9905610848028219	0.00014637344879422475	0.0002459770153090844	2.9534250287690874e-05
AB189123	0.0	0.0	0.0	0.0	0.0	0.0	0.0	1.0	0.0	0.0
n19	2.6958670556027966e-05	9.143038312328822e-05	2.8066437931176896e-05	0.014398255484963865	1.2775632950306209e-05	5.168113406020048e-05	9.843809867046453e-05	0.9852509203642349	2.871090501733768e-05	1.276288849237568e-05
n38	0.0001919449261689032	0.0006509837916555008	0.00019983287975336198	0.9025965405007159	9.096243456515402e-05	0.0003772750773554331	0.0007008787074031729	0.09489631732582694	0.00020439266245901285	9.08716940965539e-05
n23	1.0017026649342366e-12	3.3966538289822416e-12	1.0426710307778766e-12	4.300725157674827e-10	4.746160600571456e-13	1.1648918391721051e-10	3.6569853635457e-12	0.9999999994423169	1.0747523349246771e-12	4.741426021522293e-13
AY037116	0.0	0.0	0.0	0.0	0.0	1.0	0.0	0.0	0.0	0.0
n46	1.7238444060658493e-09	5.846441873124968e-09	1.7946856645230772e-09	1.191682118856999e-08	8.169275120441379e-10	3.292013008720546e-09	6.294544571691569e-09	4.042323284093045e-09	0.9999999634562797	8.161187212967903e-10
JQ955623	0.0	0.0	0.0	0.0	0.0	0.0	0.0	0.0	1.0	0.0
AF276619	0.0	0.0	0.0	1.0	0.0	0.0	0.0	0.0	0.0	0.0
KF041236	0.0	0.0	0.0	0.0	0.0	0.0	0.0	0.0	1.0	0.0
n61	5.999950645742491e-10	0.9999997702084173	6.246522235818613e-10	3.2003136670936886e-09	2.843368534162845e-10	1.1458315444177903e-09	2.1846868543092223e-07	4.544769766114096e-09	6.389449309408074e-10	2.840532103998827e-10
n113	6.811872193130359e-08	0.999998819345712	7.09180595302067e-08	3.6333614554076824e-07	3.228137106515836e-08	1.3008577004194608e-07	2.509680037431407e-07	1.601610620125987e-07	7.253598562891552e-08	3.2249168466893375e-08
n115	3.1840173512329167e-07	0.9960120885123499	3.340002612777669e-07	1.6983122201770066e-06	1.508901557183955e-07	6.080491834533395e-07	0.003983566351849123	7.456936636878111e-07	3.390489476809355e-07	1.5073963376389323e-07
n229	2.9961095633148525e-08	1.0171355505070955e-07	3.119234594085657e-08	1.636152569293834e-07	1.4198522916627375e-08	5.7217562746559496e-08	1.0940167158092435e-07	0.9999994466098594	3.190577081634296e-08	1.4184359040857725e-08
n213	3.3247943253898784e-07	1.1276363988471326e-06	3.4614266810954713e-07	1.7744594921757787e-06	1.575615576181545e-07	6.349335529230611e-07	1.2140345777747346e-06	0.9999939013079057	3.540400339634706e-07	1.5740438054126573e-07
n221	3.363575219556974e-08	1.140782721217386e-07	3.501801275537114e-08	1.7949061810565735e-07	1.5939937900771353e-08	6.423394393003824e-08	1.2281952572450805e-07	0.9999993830429513	3.581694904468085e-08	1.5924036859407552e-08
DQ181804	0.0	0.0	0.0	0.0	0.0	0.0	0.0	1.0	0.0	0.0
n237	2.619928451811823e-15	8.885525734159149e-15	2.7275943571260663e-15	1.3974384601279683e-14	1.2415805822892178e-15	5.0033188298804336e-15	9.566557863513459e-15	0.9999999999999519	2.7898340526881207e-15	1.2403420314041156e-15
DQ181805	0.0	0.0	0.0	0.0	0.0	0.0	0.0	1.0	0.0	0.0
AF204177	0.0	0.0	0.0	1.0	0.0	0.0	0.0	0.0	0.0	0.0
M29095	0.0	0.0	0.0	0.0	0.0	1.0	0.0	0.0	0.0	0.0
AF204178	0.0	0.0	0.0	1.0	0.0	0.0	0.0	0.0	0.0	0.0
n346	1.3250156283559858e-05	0.0008666376017452684	0.9585730421799695	7.067455008125974e-05	6.279229331022761e-06	2.550415967479317e-05	0.04031248028133655	3.115825876554694e-05	9.470061738820142e-05	6.272965424227536e-06
AF100465	0.0	0.0	0.0	0.0	0.0	0.0	1.0	0.0	0.0	0.0
n349	2.8494172769773643e-07	3.3094934931411045e-06	8.444183897385883e-06	1.5198409938965043e-06	1.3503349737696046e-07	5.447224574962155e-07	0.9999844260510035	6.676057595576085e-07	5.332283764619488e-07	1.3489879338747968e-07
GQ868592	0.0	0.0	0.0	0.0	0.0	0.0	1.0	0.0	0.0	0.0
n20	0.0001408137271049494	0.0004775716642647665	0.00014660045644623458	0.9182468291203595	6.673143300148395e-05	0.0002689268469377354	0.0005141753376412158	0.0799217412292315	0.0001499453206064984	6.666486440610873e-05
JN851131	0.0	0.0	0.0	0.0	0.0	0.0	0.0	1.0	0.0	0.0
FJ196854	0.0	0.0	0.0	1.0	0.0	0.0	0.0	0.0	0.0	0.0
FJ196853	0.0	0.0	0.0	1.0	0.0	0.0	0.0	0.0	0.0	0.0
n24	1.8164698494069577e-08	6.160582449048946e-08	1.8911176416771983e-08	9.118752449209946e-07	8.608226281362743e-09	1.6653247423312754e-06	6.63276278603043e-08	0.9999972212402061	1.934261408057615e-08	8.599639060821417e-09
EU081180	0.0	0.0	0.0	0.0	0.0	0.0	0.0	1.0	0.0	0.0
n31	2.5243521497874695e-07	8.56137499581107e-07	2.6280903511149887e-07	1.3464561440033937e-06	1.196287101959442e-07	4.820735974796285e-07	9.217565049914859e-07	0.9999953703891864	2.68804733712656e-07	1.1950937340298015e-07
n33	8.354526057478351e-09	2.8334489898911354e-08	8.697855139334519e-09	4.373732091575407e-07	3.959198706194809e-09	1.5954638757987646e-08	3.050619835331692e-08	0.9999994539683479	8.896287126626019e-09	3.955249168700581e-09
n37	1.0929328861187853e-07	3.7066968980952766e-07	1.1378469413100608e-07	5.82955977595128e-07	5.1793943055105825e-08	2.0871655395806176e-07	3.990798183145586e-07	0.9999979955831925	1.1638056657160036e-07	5.1742275499307274e-08
n47	5.59020796224875e-09	1.8959267102744154e-08	5.8199374470726716e-09	9.347725549901863e-08	2.6491920641881822e-09	1.0675574304687433e-08	2.0412407808607346e-08	1.3090276915120457e-08	0.9999998266531527	2.672728251885511e-09
JQ922549	0.0	0.0	0.0	0.0	0.0	0.0	0.0	0.0	1.0	0.0
n62	2.55447140475236e-06	0.9973154242796655	2.6594473563671703e-06	1.362520842118642e-05	1.2105605765371593e-06	4.878253101023261e-06	0.0026497357902009163	5.98251657460235e-06	2.7201197292442296e-06	1.209352969962985e-06
n96	1.3601681953346744e-07	0.9999976329836711	1.4160642804984481e-07	7.254955034336013e-07	6.445818855764402e-08	2.5975020667538637e-07	5.117365287328858e-07	3.187217406474733e-07	1.448370256183238e-07	6.439388765955577e-08
n114	6.170833206709118e-07	0.9999893304126108	6.424423474534089e-07	3.291439802104874e-06	2.924349589717674e-07	1.1784389576441868e-06	2.253457442917886e-06	1.4450483591822477e-06	6.570989626054117e-07	2.921432376107571e-07
EU482572	0.0	1.0	0.0	0.0	0.0	0.0	0.0	0.0	0.0	0.0
n116	5.945814731553298e-08	0.9958616516263267	7.350220797132787e-08	3.1714179604785355e-07	2.817713635794235e-08	1.1354673638465557e-07	0.004137525850591051	1.3923423499681952e-07	6.331379507480442e-08	2.8149027979256668e-08
n203	3.503429733523115e-05	0.9677973795234304	3.647475077740086e-05	0.0001868682507075969	1.6602706572423022e-05	6.690471032606249e-05	0.031724805614068416	8.203785648110205e-05	3.730614592170513e-05	1.658614437967154e-05
n230	1.7560224610384704e-07	5.955828371317081e-07	1.8281861682942168e-07	9.376052109941301e-07	8.321766913576985e-08	3.35346449651415e-07	6.412041702339849e-07	0.9999967784982647	1.869898805713652e-07	8.313465453387085e-08
FJ639701	0.0	0.0	0.0	0.0	0.0	0.0	0.0	1.0	0.0	0.0
n214	1.5953927247897683e-08	5.4107986883700315e-08	1.6609553570395644e-08	8.509700337187929e-08	7.560544749584691e-09	3.046708429534809e-08	5.825509021032911e-08	0.9999997074073242	1.6988482658872335e-08	7.553002654029212e-09
n220	1.0135552385525086e-07	3.43748718428254e-07	1.0552072708964741e-07	5.406193344417527e-07	4.8032246970937504e-08	1.935578134877716e-07	3.7009540621398003e-07	0.9999981411578303	1.0792806742873225e-07	4.798433193195581e-08
n222	2.0510881546255848e-08	6.956296433761589e-08	2.13537758148915e-08	1.0940335273949029e-07	9.720079286709478e-09	3.9169462598024716e-08	7.489461599045613e-08	0.9999996238335457	2.184093918545409e-08	9.71038292629957e-09
n226	1.1811387489398264e-08	4.005848956607816e-08	1.2296776223062046e-08	6.30006114185299e-08	5.597400707736783e-09	2.2556109903524458e-08	4.312878158553923e-08	0.9999997833813127	1.2577313744470386e-08	5.5918169657713135e-09
n334	4.3697859733061044e-07	1.4820189161045473e-06	4.5493622408666633e-07	2.3307853244033786e-06	2.070835718635448e-07	8.344944439225154e-07	1.5956088561804601e-06	0.9999919859019796	4.653150928218555e-07	2.0687699361572072e-07
DQ181803	0.0	0.0	0.0	0.0	0.0	0.0	0.0	1.0	0.0	0.0
n250	4.0575233496504994e-12	1.3761146183020908e-11	4.224267190909796e-12	2.1642286223082e-11	1.9228548796170088e-12	7.74861906751091e-12	1.481587480579297e-11	0.9999999999255857	4.320639192864646e-12	1.9209367168758664e-12
n241	1.1126480686815532e-11	3.773561210609306e-11	1.1583723189086482e-11	6.854385526777179e-11	5.2728242915596544e-12	2.124814892600809e-11	4.062787337973836e-11	0.9999999997867459	1.1847993071498475e-11	5.267564333981021e-12
DQ181802	0.0	0.0	0.0	0.0	0.0	0.0	0.0	1.0	0.0	0.0
n347	3.0341020077592944e-06	3.683554949987571e-05	0.9986105008618137	1.6183493527559126e-05	1.4378568127615257e-06	5.800675180005283e-06	0.0013118276317439905	7.109020290791653e-06	5.834386658833849e-06	1.4364224645979698e-06
FJ898449	0.0	0.0	1.0	0.0	0.0	0.0	0.0	0.0	0.0	0.0
AF100467	0.0	0.0	0.0	0.0	0.0	0.0	1.0	0.0	0.0	0.0
AF100468	0.0	0.0	0.0	0.0	0.0	0.0	1.0	0.0	0.0	0.0
FJ196852	0.0	0.0	0.0	1.0	0.0	0.0	0.0	0.0	0.0	0.0
DQ645550	0.0	0.0	0.0	1.0	0.0	0.0	0.0	0.0	0.0	0.0
n25	2.564354356269157e-08	8.697043028610358e-08	2.669736447463776e-08	1.8565201604270376e-06	1.215244094015623e-08	3.489852276278244e-06	9.363631414036282e-08	0.9999943690807165	2.7306435437756414e-08	1.21403181535266e-08
AY858036	0.0	0.0	0.0	0.0	0.0	0.0	0.0	1.0	0.0	0.0
GU370051	0.0	0.0	0.0	0.0	0.0	0.0	0.0	1.0	0.0	0.0
JN851121	0.0	0.0	0.0	0.0	0.0	0.0	0.0	1.0	0.0	0.0
n34	2.718794117459798e-07	9.220827600443168e-07	2.830522907579275e-07	1.4867742499181286e-06	1.288432889950392e-07	5.192058895077801e-07	9.927561666522233e-07	0.9999949771813653	2.8950981692454607e-07	1.2871476010863372e-07
n35	1.6601644495745962e-07	5.630470538243766e-07	1.7283888745716474e-07	1.8048484928441702e-05	7.86749708564259e-08	3.1704027484957974e-07	6.062020233114975e-07	0.9999797923169123	1.767820162548037e-07	7.859648786774223e-08
JN851129	0.0	0.0	0.0	0.0	0.0	0.0	0.0	1.0	0.0	0.0
JN851128	0.0	0.0	0.0	0.0	0.0	0.0	0.0	1.0	0.0	0.0
n48	1.1830301196829459e-08	4.012262903494855e-08	1.231646718893095e-08	7.544507037789552e-07	5.6063638883547694e-09	2.2592229182590566e-08	4.3197844187871025e-08	2.7702345450067955e-08	0.9999990765752441	5.605872100090364e-09
n51	2.334671547499058e-09	7.918070627305534e-09	2.430614828254867e-09	1.245535198110512e-08	1.106397718647322e-09	4.458503109015959e-09	8.524954357532513e-09	5.466967803764835e-09	0.9999996787234355	2.7658103244088763e-07
n63	1.4471542186557104e-09	6.284302416020987e-05	1.5066249924553618e-09	7.718926820671795e-09	6.858044454975608e-10	2.7636185441323773e-09	0.9999371372388732	3.3887201469413313e-09	1.5409969817798558e-09	6.851203145477901e-10
n76	1.1902420423648208e-07	0.9999459873099702	1.239155015415405e-07	6.348591675325378e-07	5.640541093331729e-08	2.2729954692307186e-07	5.2389365495266806e-05	2.7872906290149885e-07	1.2674249741270628e-07	5.6349143162515665e-08
n97	2.7637878243463004e-08	0.9999995221264776	2.8773656299573034e-08	1.4741674169329908e-07	1.3097553473667629e-08	5.277982944182415e-08	1.0093499085661588e-07	6.471828902783808e-08	2.9430095570408904e-08	1.3084487880762193e-08
GQ868603	0.0	1.0	0.0	0.0	0.0	0.0	0.0	0.0	0.0	0.0
GQ398284	0.0	1.0	0.0	0.0	0.0	0.0	0.0	0.0	0.0	0.0
EU529701	0.0	1.0	0.0	0.0	0.0	0.0	0.0	0.0	0.0	0.0
n117	5.832104790526768e-06	0.028859324580348764	4.536394482737376e-05	3.110766600282318e-05	2.763826647077235e-06	1.1137522692871723e-05	0.9710218422804683	1.365670877909407e-05	6.210295878400477e-06	2.76106956470269e-06
n179	7.110329546839801e-10	0.9999909486460832	7.407243163649052e-10	3.7925545691915166e-09	3.369575646682e-10	1.3578538028060975e-09	9.041656045795114e-06	1.6649856801519647e-09	7.57140892781358e-10	3.3662142934527784e-10
n202	2.9821443478566055e-07	0.9999794161870422	3.10512808782887e-07	1.590635862648055e-06	1.4132342113304862e-07	5.694976606323459e-07	1.6516581929000734e-05	6.983118264229851e-07	3.175525717984276e-07	1.4118244256844568e-07
n204	5.215596240736576e-06	0.004044732801864118	5.4299340594253675e-06	2.7819291952015805e-05	2.4716640712557576e-06	9.960181370954775e-06	0.9958841344573288	1.2213065714650972e-05	5.5538089593076475e-06	2.46919843852374e-06
EU482545	0.0	1.0	0.0	0.0	0.0	0.0	0.0	0.0	0.0	0.0
n231	1.7127038248740963e-07	5.808658822017306e-07	1.783087354452571e-07	9.135343155853099e-07	8.116480481325451e-08	3.270736452489477e-07	6.253865538668939e-07	0.9999968589351891	1.823766532845106e-07	8.108383806629132e-08
JX649148	0.0	0.0	0.0	0.0	0.0	0.0	0.0	1.0	0.0	0.0
n215	1.1748953370942515e-08	3.984673687759296e-08	1.2231776375772447e-08	6.266734828127932e-08	5.567813262653121e-09	2.2436879907591312e-08	4.290080604415298e-08	0.9999997845265958	1.251083087967346e-08	5.562259035933638e-09
n218	1.2733946075427999e-08	4.3187353183835066e-08	1.3257247335835241e-08	6.792116811960092e-08	6.0345999857338615e-09	2.4317912398200063e-08	4.6497465221858644e-08	0.9999997664620308	1.355969683020449e-08	6.028580111341345e-09
FM210204	0.0	0.0	0.0	0.0	0.0	0.0	0.0	1.0	0.0	0.0
FM210227	0.0	0.0	0.0	0.0	0.0	0.0	0.0	1.0	0.0	0.0
n223	2.2815090292761505e-08	7.737769253210131e-08	2.3752675974040618e-08	1.216926505601117e-07	1.081204072482182e-08	4.356979084325664e-08	8.33083367196186e-08	0.9999995815759001	2.4294567113970068e-08	1.0801255067571286e-08
FM210243	0.0	0.0	0.0	0.0	0.0	0.0	0.0	1.0	0.0	0.0
n227	2.547643634096e-10	8.640368448158183e-10	2.652338998509548e-10	1.3588792409821245e-09	1.2073249051710913e-10	4.86521415703215e-10	9.302612919230612e-10	0.9999999953276736	2.7128491917389913e-10	1.2061205263726179e-10
FM210213	0.0	0.0	0.0	0.0	0.0	0.0	0.0	1.0	0.0	0.0
EU726767	0.0	0.0	0.0	0.0	0.0	0.0	0.0	1.0	0.0	0.0
AF100462	0.0	0.0	0.0	0.0	0.0	0.0	0.0	1.0	0.0	0.0
GQ868542	0.0	0.0	0.0	0.0	0.0	0.0	0.0	1.0	0.0	0.0
DQ181799	0.0	0.0	0.0	0.0	0.0	0.0	0.0	1.0	0.0	0.0
n253	1.7721298096111888e-08	6.010202595001458e-08	1.844955448849994e-08	9.452303106860128e-08	8.398099426881053e-09	3.384221765239315e-08	6.470857007162922e-08	0.9999996749950206	1.8870460747708647e-08	8.389721820443972e-09
n254	7.491534444051813e-08	2.5407641986487314e-07	7.7993989028565e-08	3.995884156826922e-07	3.550228136778247e-08	1.430652189421874e-07	2.735502099720956e-07	0.999998626067919	7.977333595985488e-08	3.546686571886007e-08
AF022434	0.0	0.0	0.0	0.0	0.0	0.0	0.0	1.0	0.0	0.0
n243	1.619604621934538e-08	5.492911325589078e-08	1.6861622416228974e-08	3.590832287669502e-07	7.675284605830645e-09	3.092945665100926e-08	5.913917738891803e-08	0.999999430272141	1.7246301754682835e-08	7.6676280504064e-09
n246	1.51521906155942e-08	5.138886263517093e-08	1.57748695872272e-08	8.082011788400012e-08	7.180602833645305e-09	2.8936014164560244e-08	5.532758282549178e-08	0.9999997221115637	1.6134755857196687e-08	7.173439752873873e-09
JX966379	0.0	0.0	1.0	0.0	0.0	0.0	0.0	0.0	0.0	0.0
AF100469	0.0	0.0	1.0	0.0	0.0	0.0	0.0	0.0	0.0	0.0
n26	2.1519707347163037e-07	7.298438310789886e-07	2.2404059292087941e-07	1.1554515247655479e-06	1.0198160482301744e-07	4.2620458709109586e-07	7.857830071152469e-07	0.9999960304660744	2.2915183221592547e-07	1.0187987207306995e-07
n27	1.2403625978182663e-05	4.20670679073202e-05	1.2913352740771344e-05	0.0011082137446306436	5.878061734172646e-06	0.0021086454142309453	4.529131536518784e-05	0.9966455072627405	1.3207956656515547e-05	5.8721980160480275e-06
AY858035	0.0	0.0	0.0	0.0	0.0	0.0	0.0	1.0	0.0	0.0
JN851130	0.0	0.0	0.0	0.0	0.0	0.0	0.0	1.0	0.0	0.0
n36	1.373598075712118e-07	4.6585767444109346e-07	1.4300460612816858e-07	1.1440530214480169e-05	6.509462878981257e-08	2.623149176509292e-07	5.015635245814931e-07	0.9999867729778347	1.46267098665787e-07	6.502969300452958e-08
JX470186	0.0	0.0	0.0	1.0	0.0	0.0	0.0	0.0	0.0	0.0
n49	1.3334559076082765e-07	4.522434029810523e-07	1.3882542515792734e-07	7.210233642910674e-07	6.319229682115215e-08	2.5464898118863167e-07	4.869057817713107e-07	3.1224779873181774e-07	0.9999973744380274	6.312933085359655e-08
n50	3.128332139602243e-05	0.00010609781428815907	3.2568908865869335e-05	0.0037673802971087632	1.4825124099939017e-05	5.9741502334202165e-05	0.00011422972423628227	7.325437749293151e-05	0.9957858085924359	1.481033774197356e-05
n52	2.5338792165805246e-08	8.593686173731174e-08	2.6380089325305585e-08	1.3515529853590045e-07	1.2008019661505255e-08	4.8389283610780144e-08	9.25235273115348e-08	5.933441091575807e-08	0.9999947040944057	4.810839311126199e-06
n54	1.4352670450911028e-08	4.867727901275612e-08	1.494249315729665e-08	7.655526666027776e-08	6.8017112987030206e-09	2.740917706245079e-08	5.2408168778084455e-08	3.36088334715732e-08	0.9999997136113107	1.1633089447623247e-08
n64	3.21190271146023e-08	3.893197934181789e-05	3.3438957894313514e-08	1.7131858972074943e-07	1.5221163920395884e-08	6.133744269185847e-08	0.9999606299663628	7.521130291462589e-08	3.420183087794578e-08	1.5205979899064676e-08
n74	1.221989559294267e-07	2.3582674935633975e-05	1.2722071959008525e-07	6.517928678374941e-07	5.790992150747364e-08	2.333623440579821e-07	0.9999747507186252	2.861463572966437e-07	1.3012312014452663e-07	5.785215289739516e-08
n67	1.754992439228812e-08	1.7421520001719462e-07	1.827113818572998e-08	9.360894668025563e-08	8.316885658224872e-09	3.351494669553403e-08	0.9999995864307336	4.109566149309599e-08	1.8687974073557794e-08	8.308589067379115e-09
EU569708	0.0	1.0	0.0	0.0	0.0	0.0	0.0	0.0	0.0	0.0
n77	2.3012049750990337e-08	0.9999989513190914	2.3957729477309748e-08	1.2274319193730576e-07	1.0905379548214192e-08	4.394592270316863e-08	7.348316145109993e-07	5.3886221279089784e-08	2.4504298683179937e-08	1.089450077990508e-08
FJ898450	0.0	1.0	0.0	0.0	0.0	0.0	0.0	0.0	0.0	0.0
n98	1.1261573666095007e-09	0.9999999805287599	1.172436781166052e-09	6.0067725950405286e-09	5.336844673458842e-10	2.1506134880796265e-09	4.1121788501806585e-09	2.6370596767370213e-09	1.1991846346305876e-09	5.331520851720443e-10
EU482576	0.0	1.0	0.0	0.0	0.0	0.0	0.0	0.0	0.0	0.0
n118	2.5015937843502726e-07	0.0004416860494229085	0.00011051770746473512	1.3343166269012912e-06	1.1855019430687526e-07	4.777273135901555e-07	0.9994446448923336	5.857840147806144e-07	2.663813173181465e-07	1.1843193339801252e-07
EU920828	0.0	0.0	0.0	0.0	0.0	0.0	1.0	0.0	0.0	0.0
n201	2.174854544336735e-07	0.9999960970835843	2.2642302229147808e-07	1.1600382914902462e-06	1.0306606549523206e-07	4.153301888640349e-07	9.367481956754979e-07	5.092733401488535e-07	2.3158860647960413e-07	1.0296325093090651e-07
EU920833	0.0	0.0	0.0	0.0	0.0	0.0	1.0	0.0	0.0	0.0
n182	1.3746548624129571e-07	0.999997497490363	1.4311463421980568e-07	7.332224962514019e-07	6.514470977000498e-08	2.6251671180288313e-07	6.276911205227746e-07	3.2189512404746427e-07	1.463796302173933e-07	6.507972402594913e-08
n183	4.7698795792663974e-08	0.9999991341864696	4.965897894640359e-08	2.5441898963564376e-07	2.26043954250268e-08	9.108999917599477e-08	2.1527507161395422e-07	1.1169356184164839e-07	5.079189170210509e-08	2.258184618870639e-08
EU482546	0.0	1.0	0.0	0.0	0.0	0.0	0.0	0.0	0.0	0.0
EU677142	0.0	1.0	0.0	0.0	0.0	0.0	0.0	0.0	0.0	0.0
n205	2.8300950149924687e-09	9.121212343489553e-07	2.9463983845125522e-09	1.5095347845196655e-08	1.3411782361836026e-09	5.404609242217197e-09	0.9999990492806073	6.627072837491374e-09	3.013616530971037e-09	1.3398403306821796e-09
n208	3.3210590511408046e-07	7.073034905554397e-05	3.4575384243828587e-07	1.7714084271316372e-06	1.573845435179662e-07	6.342199235947615e-07	0.9999247402354334	7.77673543798637e-07	3.536417824782853e-07	1.572275430232289e-07
FJ639697	0.0	0.0	0.0	0.0	0.0	0.0	0.0	1.0	0.0	0.0
FJ639702	0.0	0.0	0.0	0.0	0.0	0.0	0.0	1.0	0.0	0.0
n216	2.5321897431927784e-09	8.587956301667846e-09	2.6362500302675832e-09	1.3506361021894278e-08	1.2000013269754254e-09	4.835701987605351e-09	9.246183690572918e-09	0.9999999535601584	2.6963931702722635e-09	1.198804253884198e-09
FM210218	0.0	0.0	0.0	0.0	0.0	0.0	0.0	1.0	0.0	0.0
n219	1.547851123553657e-08	5.2495583502633015e-08	1.6114600346548308e-08	8.256030634767061e-08	7.335245738270825e-09	2.9559185976525196e-08	5.651912876004106e-08	0.9999997161272726	1.6482237199534077e-08	7.327928391953416e-09
EU482449	0.0	0.0	0.0	0.0	0.0	0.0	0.0	1.0	0.0	0.0
n224	1.3429075221798743e-08	4.5544893106244286e-08	1.3980942800634887e-08	7.162888906441726e-08	6.364020756948642e-09	2.5645394827282576e-08	4.903569988349779e-08	0.9999997537135094	1.4299902607419584e-08	6.357672265635423e-09
FM210237	0.0	0.0	0.0	0.0	0.0	0.0	0.0	1.0	0.0	0.0
FM210222	0.0	0.0	0.0	0.0	0.0	0.0	0.0	1.0	0.0	0.0
FM210217	0.0	0.0	0.0	0.0	0.0	0.0	0.0	1.0	0.0	0.0
FM210234	0.0	0.0	0.0	0.0	0.0	0.0	0.0	1.0	0.0	0.0
AF169680	0.0	0.0	0.0	0.0	0.0	0.0	0.0	1.0	0.0	0.0
AF169679	0.0	0.0	0.0	0.0	0.0	0.0	0.0	1.0	0.0	0.0
n255	8.895663356732555e-08	3.0169764483914256e-07	9.261230465244432e-08	4.744827716817953e-07	4.215642947414408e-08	1.6987975364344925e-07	3.2482138302218793e-07	0.9999983685535508	9.472515234924128e-08	4.2114375914525994e-08
AF100461	0.0	0.0	0.0	0.0	0.0	0.0	0.0	1.0	0.0	0.0
n244	3.477303908927764e-07	1.1793323978694168e-06	3.62020364382406e-07	4.744734213699686e-05	1.6478896639668106e-07	6.640578759592685e-07	1.2697228071603323e-06	0.9999480301010206	3.702794601467265e-07	1.6462457954729153e-07
EU687246	0.0	0.0	0.0	0.0	0.0	0.0	0.0	1.0	0.0	0.0
n247	8.743250613905823e-08	2.965285457275515e-07	9.102554323786122e-08	4.663532925628876e-07	4.1434147527731036e-08	1.6696913999214332e-07	3.1925609621558734e-07	0.9999983965057234	9.310219072116876e-08	4.1392814487551475e-08
n249	1.978973877995632e-07	6.711717094572794e-07	2.0602997701059566e-07	1.055558167703445e-06	9.37833069590658e-08	3.7792301864287686e-07	7.226139369683093e-07	0.999996370602419	2.1073032394647638e-07	9.368975250154696e-08
JN851126	0.0	0.0	0.0	0.0	0.0	0.0	0.0	1.0	0.0	0.0
JN851127	0.0	0.0	0.0	0.0	0.0	0.0	0.0	1.0	0.0	0.0
n28	3.08106041772053e-05	0.00010449458734630184	3.207676534235773e-05	0.004183556972120118	1.4601104043231288e-05	0.0014015970870687045	0.00011250361731612331	0.9940729641626136	3.28085614036794e-05	1.4586538568711005e-05
HM488257	0.0	0.0	0.0	0.0	0.0	1.0	0.0	0.0	0.0	0.0
EU482640	0.0	0.0	0.0	0.0	0.0	0.0	0.0	1.0	0.0	0.0
EU179859	0.0	0.0	0.0	0.0	0.0	0.0	0.0	1.0	0.0	0.0
FJ898454	0.0	0.0	0.0	0.0	0.0	0.0	0.0	0.0	1.0	0.0
DQ448231	0.0	0.0	0.0	0.0	0.0	0.0	0.0	0.0	1.0	0.0
JQ955624	0.0	0.0	0.0	0.0	0.0	0.0	0.0	0.0	1.0	0.0
KF479233	0.0	0.0	0.0	1.0	0.0	0.0	0.0	0.0	0.0	0.0
n53	5.468917647930784e-09	1.8547909335521247e-08	5.6936627097738135e-09	2.9170609225029425e-08	2.5917127467555023e-09	1.0443947184935336e-08	1.99695213588638e-08	1.2806253939140771e-08	0.9999994817445734	4.1356289249652273e-07
KJ830750	0.0	0.0	0.0	0.0	0.0	0.0	0.0	0.0	0.0	1.0
KJ010186	0.0	0.0	0.0	0.0	0.0	0.0	0.0	0.0	1.0	0.0
KJ010185	0.0	0.0	0.0	0.0	0.0	0.0	0.0	0.0	1.0	0.0
AF100466	0.0	0.0	0.0	0.0	0.0	0.0	1.0	0.0	0.0	0.0
GQ868595	0.0	0.0	0.0	0.0	0.0	0.0	1.0	0.0	0.0	0.0
n75	3.622496756047771e-07	1.3240949015607712e-06	3.7713631881053397e-07	1.9321912625178202e-06	1.7166963597050473e-07	6.917852349098184e-07	0.9999937353748194	8.482594973666673e-07	3.857402684214165e-07	1.7149838524170835e-07
GQ868552	0.0	0.0	0.0	0.0	0.0	0.0	1.0	0.0	0.0	0.0
n68	4.789536906125593e-10	1.6476382049837454e-09	4.986362829912166e-10	2.5546748512810725e-09	2.2697551233667282e-10	9.146539353504517e-10	0.9999999918201677	1.1215386630281408e-09	5.100121204246024e-10	2.2674909068856455e-10
n73	4.051637786588682e-07	1.3881795403502634e-06	4.2181397607511484e-07	2.16108934178172e-06	1.920065719166784e-07	7.7373794559936e-07	0.9999930860075988	9.487490158876877e-07	4.3143719721372807e-07	1.91815033878e-07
n78	3.570141945918414e-08	0.9999993819534799	3.7168568580962245e-08	1.9042659078535885e-07	1.69188548532343e-08	6.817870797524797e-08	1.3113388548189348e-07	8.359998712410253e-08	3.8016528523375395e-08	1.690197728366507e-08
n95	2.66465971882295e-07	0.9999953198398472	2.774163856908525e-07	1.4212938128095745e-06	1.262778670959204e-07	5.088678813759751e-07	1.0459727411841076e-06	6.239682604729618e-07	2.837453348924688e-07	1.2615189737128752e-07
n99	4.824775667290603e-10	0.9999999916579985	5.02304972726558e-10	2.5734707346208033e-09	2.2864547250741668e-10	9.213834526730212e-10	1.7617471279670869e-09	1.1297903339630386e-09	5.137645072744841e-10	2.2841738497416408e-10
EU482575	0.0	1.0	0.0	0.0	0.0	0.0	0.0	0.0	0.0	0.0
n137	2.6691499666862705e-11	9.571070202760383e-11	0.9999999877129001	1.4236888508929096e-10	1.2649065934061372e-11	5.097253803280551e-11	1.18551464059863e-08	6.250196926617599e-11	2.8422347732614486e-11	1.2636447734299041e-11
n120	2.0264260095609084e-08	7.921296604328249e-06	1.985092067100664e-06	1.08086849857784e-07	9.603205711687774e-09	3.869849132952498e-08	0.9999898383349035	4.745166732649882e-08	2.157832471648662e-08	9.593625939658717e-09
n124	1.1794218481621799e-07	1.5085613421037378e-06	4.0004906934962645e-07	6.290878207239259e-07	5.589264337963462e-08	2.2523322317031398e-07	0.999996605627999	2.761785176068884e-07	1.255903126849241e-07	5.583688712513447e-08
EU677145	0.0	1.0	0.0	0.0	0.0	0.0	0.0	0.0	0.0	0.0
FJ898460	0.0	1.0	0.0	0.0	0.0	0.0	0.0	0.0	0.0	0.0
AF208496	0.0	1.0	0.0	0.0	0.0	0.0	0.0	0.0	0.0	0.0
AY702039	0.0	1.0	0.0	0.0	0.0	0.0	0.0	0.0	0.0	0.0
n184	4.209925226379644e-09	0.999999913593739	4.382932031413704e-09	2.2455177426132212e-08	1.995077924829223e-09	8.03965968174191e-09	2.8989334254959726e-08	9.858142869311084e-09	4.48292378494641e-09	1.9930877152810934e-09
EU482726	0.0	1.0	0.0	0.0	0.0	0.0	0.0	0.0	0.0	0.0
JN819419	0.0	0.0	0.0	0.0	0.0	0.0	1.0	0.0	0.0	0.0
n207	1.5756182078063308e-07	5.539905355711871e-07	1.6403682068278628e-07	8.404136536781575e-07	7.466833578554208e-08	3.0089451707465263e-07	0.9999972971077572	3.689535695962945e-07	1.6777914000728794e-07	7.459384965496344e-08
FJ850085	0.0	0.0	0.0	0.0	0.0	0.0	1.0	0.0	0.0	0.0
EU920835	0.0	0.0	0.0	0.0	0.0	0.0	1.0	0.0	0.0	0.0
EU920834	0.0	0.0	0.0	0.0	0.0	0.0	1.0	0.0	0.0	0.0
n217	5.8362181541833495e-09	1.9793614048493458e-08	6.0760574230170345e-09	3.112960613390837e-08	2.7657759646034985e-09	1.114537794971444e-08	2.131070361409621e-08	0.9999998929649538	6.214675978942316e-09	2.76301693766814e-09
FM210220	0.0	0.0	0.0	0.0	0.0	0.0	0.0	1.0	0.0	0.0
FM210241	0.0	0.0	0.0	0.0	0.0	0.0	0.0	1.0	0.0	0.0
FM210221	0.0	0.0	0.0	0.0	0.0	0.0	0.0	1.0	0.0	0.0
n225	1.817382525245825e-08	6.163677801766089e-08	1.8920678239325507e-08	9.69367503259808e-08	8.612551440032072e-09	3.470640505196398e-08	6.636095383307491e-08	0.9999996666957653	1.9352332667858232e-08	8.603959904886306e-09
FM210235	0.0	0.0	0.0	0.0	0.0	0.0	0.0	1.0	0.0	0.0
n256	1.3771234698536832e-09	4.6705331670753704e-09	1.4337163314256357e-09	7.345392184043188e-09	6.526169674590663e-10	2.629881397414815e-09	5.028508073337112e-09	0.9999999747438374	1.4664249899573604e-09	6.519659430034577e-10
FJ906957	0.0	0.0	0.0	0.0	0.0	0.0	0.0	1.0	0.0	0.0
n245	7.854550272228265e-06	2.663881515489725e-05	8.177332859263386e-06	0.0012015798169274414	3.722260851426069e-06	1.4999770244411927e-05	2.868055793176518e-05	0.9986962644583859	8.363889699226238e-06	3.718547673612339e-06
DQ181798	0.0	0.0	0.0	0.0	0.0	0.0	0.0	1.0	0.0	0.0
n248	1.9372573408596292e-07	6.57023488576988e-07	2.0168688927070217e-07	1.0333071248527861e-06	9.180636585287113e-08	3.69956445755248e-07	7.073813199682996e-07	0.9999964471096947	2.062881534447117e-07	9.171478351233916e-08
AF100460	0.0	0.0	0.0	0.0	0.0	0.0	0.0	1.0	0.0	0.0
FJ687434	0.0	0.0	0.0	0.0	0.0	0.0	0.0	1.0	0.0	0.0
FJ639828	0.0	0.0	0.0	0.0	0.0	0.0	0.0	1.0	0.0	0.0
KC131142	0.0	0.0	0.0	1.0	0.0	0.0	0.0	0.0	0.0	0.0
EU179858	0.0	0.0	0.0	0.0	0.0	0.0	0.0	1.0	0.0	0.0
KF041233	0.0	0.0	0.0	0.0	0.0	0.0	0.0	0.0	1.0	0.0
KF360005	0.0	0.0	0.0	0.0	0.0	0.0	0.0	0.0	1.0	0.0
EU687220	0.0	0.0	0.0	0.0	0.0	0.0	1.0	0.0	0.0	0.0
FJ898465	0.0	0.0	0.0	0.0	0.0	0.0	1.0	0.0	0.0	0.0
JX669483	0.0	0.0	0.0	0.0	0.0	0.0	1.0	0.0	0.0	0.0
n70	4.307162142129808e-07	1.460782532838955e-06	4.4841648845951607e-07	2.297382611420344e-06	2.0411583689368875e-07	8.225352222368291e-07	0.9999926649085549	1.0085837033950969e-06	4.586466166093663e-07	2.0391221913898612e-07
n71	5.4612563371066947e-08	1.8521932978917166e-07	5.6856865575339616e-08	2.9129610010859805e-07	2.58808206181967e-08	1.042931644248039e-07	0.999999069949022	1.2788313882572682e-07	5.8153992322468695e-08	2.5855002951795424e-08
JX669488	0.0	0.0	0.0	0.0	0.0	0.0	1.0	0.0	0.0	0.0
AF489932	0.0	0.0	0.0	0.0	0.0	0.0	1.0	0.0	0.0	0.0
n79	3.862908847724433e-09	0.9999999332032221	4.021655009902299e-09	2.060423852972391e-08	1.8306273278753767e-09	7.37696534909755e-09	1.4112622522012255e-08	9.045554320875157e-09	4.113404638171191e-09	1.8288011676328804e-09
GQ398270	0.0	1.0	0.0	0.0	0.0	0.0	0.0	0.0	0.0	0.0
GQ398282	0.0	1.0	0.0	0.0	0.0	0.0	0.0	0.0	0.0	0.0
GQ398269	0.0	1.0	0.0	0.0	0.0	0.0	0.0	0.0	0.0	0.0
n100	2.125664009890726e-09	0.9999999632474292	2.2130181300503426e-09	1.1338007191041617e-08	1.0073493265779258e-09	4.0593631283909174e-09	7.761772180238336e-09	4.977546719935627e-09	2.2635057005367278e-09	1.006344435378887e-09
n111	5.90356455847141e-08	0.9999989792781291	6.146171426448291e-08	3.14888228361961e-07	2.7976913353729874e-08	1.127398882571578e-07	2.1556616162089698e-07	1.3824041930977044e-07	6.286389556115017e-08	2.7949004709465478e-08
n173	1.2025691486277036e-10	4.083765212767483e-10	0.9999999964506417	6.414342808375731e-10	5.6989590847698535e-11	2.2965364415850028e-10	1.6260606807951487e-09	2.815987895249926e-10	1.280551446768079e-10	5.693274032249468e-11
n139	9.479218871459121e-11	3.214906425115881e-10	0.9999999981345469	5.056088414254418e-10	4.4921891240657495e-11	1.8102386545428983e-10	3.498301507704432e-10	2.21969486153159e-10	1.0093912232764408e-10	4.4877078967535453e-11
n161	3.613973955113911e-11	1.2256852981701833e-10	0.9999999992899613	1.9276453146245362e-10	1.7126574157603158e-11	6.901576426045177e-11	1.3220449318828326e-10	8.462637614612377e-11	3.848327210193544e-11	1.7109489375604905e-11
n121	6.122277127500479e-07	2.4230233404055415e-06	7.24085992835316e-07	3.265540639262102e-06	2.9013389288310363e-07	1.169166242525981e-06	0.9999891404303536	1.4336188735673866e-06	6.519284851172385e-07	2.89844466973135e-07
n122	1.3472988550354157e-07	7.257159921455057e-07	2.0749022134265942e-07	7.186311682277087e-07	6.384831224521255e-08	2.572925575070173e-07	0.9999973695512844	3.1548932312189557e-07	1.4346663557878282e-07	6.378461973522033e-08
n125	5.791785944339845e-12	2.058615930903994e-11	6.265711104029935e-12	3.089261067616921e-11	2.7447195998835984e-12	1.1060526122938195e-11	0.9999999999001867	1.3562296296854207e-11	6.167362499577563e-12	2.74198157793135e-12
n135	7.505959077066155e-08	2.6152867596383535e-07	7.988567978377542e-08	4.003578062923266e-07	3.5570639510393535e-08	1.4334068497598453e-07	0.999998713032049	1.7576278193551735e-07	7.99269361473925e-08	3.553515567013564e-08
n185	6.815362433492803e-09	0.9999996094451432	7.0954396179040625e-09	3.635223060697568e-08	3.229791126828365e-09	1.3015241750535874e-08	2.9760376054456516e-07	1.5959147244345793e-08	7.257314254583377e-09	3.226569217017685e-09
EU920849	0.0	1.0	0.0	0.0	0.0	0.0	0.0	0.0	0.0	0.0
FJ850088	0.0	0.0	0.0	0.0	0.0	0.0	1.0	0.0	0.0	0.0
EU920840	0.0	0.0	0.0	0.0	0.0	0.0	1.0	0.0	0.0	0.0
EU482664	0.0	0.0	0.0	0.0	0.0	0.0	0.0	1.0	0.0	0.0
FM210202	0.0	0.0	0.0	0.0	0.0	0.0	0.0	1.0	0.0	0.0
FM210208	0.0	0.0	0.0	0.0	0.0	0.0	0.0	1.0	0.0	0.0
FM210236	0.0	0.0	0.0	0.0	0.0	0.0	0.0	1.0	0.0	0.0
n257	2.7995712788103292e-11	9.49478445288896e-11	2.914619604767158e-11	1.493253832369153e-10	1.3267130784989218e-11	5.346318313536799e-11	1.0222516052882441e-10	0.9999999994865643	2.9811134399231013e-11	1.3253896028573957e-11
n327	1.3716351909228457e-08	4.6519195936828836e-08	1.4280025117814194e-08	7.316118439135836e-08	6.500160794262791e-09	2.6194004761466825e-08	5.008467855073041e-08	0.9999997484449139	1.4605808158130536e-08	6.493676495120325e-09
FJ196851	0.0	0.0	0.0	1.0	0.0	0.0	0.0	0.0	0.0	0.0
FJ639831	0.0	0.0	0.0	0.0	0.0	0.0	0.0	1.0	0.0	0.0
AF100464	0.0	0.0	0.0	0.0	0.0	0.0	0.0	1.0	0.0	0.0
GQ868544	0.0	0.0	0.0	0.0	0.0	0.0	0.0	1.0	0.0	0.0
JX669484	0.0	0.0	0.0	0.0	0.0	0.0	1.0	0.0	0.0	0.0
KC294201	0.0	0.0	0.0	0.0	0.0	0.0	1.0	0.0	0.0	0.0
n72	8.320803644195429e-08	2.822012041164091e-07	8.662746904267367e-08	4.4382052438279204e-07	3.943217699771051e-08	1.5890170485392977e-07	0.9999985829687292	1.9484353450729978e-07	8.860377930871276e-08	3.939284104286497e-08
JX669486	0.0	0.0	0.0	0.0	0.0	0.0	1.0	0.0	0.0	0.0
n80	3.708419092036189e-08	0.9999993588170407	3.8608165007802914e-08	1.97802108598827e-07	1.7574148396215348e-08	7.081937529537654e-08	1.3541144183483978e-07	8.683794429291419e-08	3.948896775664308e-08	1.7556617132146355e-08
n82	4.0685500980893253e-10	0.9999999929655067	4.2357470833561475e-10	2.170110142271318e-09	1.9280804409298558e-10	7.769676758578641e-10	1.4856147841196196e-09	9.527092758462145e-10	4.33238098640898e-10	1.926157065378783e-10
n101	9.291547719130218e-13	0.9999999999839351	9.673383687631863e-13	4.95598713461872e-12	4.4032520163963496e-13	1.7743992484805199e-12	3.3927693298560174e-12	2.1757489733596848e-12	9.894071278998344e-13	4.3988595091680394e-13
n106	4.489843868763641e-15	0.9999999999999223	4.6743539131474e-15	2.3948225982013582e-14	2.127730994453629e-15	8.574218017657496e-15	1.639447488655123e-14	1.051361246081309e-14	4.780994147795169e-15	2.1256084555350663e-15
EU482744	0.0	1.0	0.0	0.0	0.0	0.0	0.0	0.0	0.0	0.0
EU482590	0.0	1.0	0.0	0.0	0.0	0.0	0.0	0.0	0.0	0.0
n174	4.999760038048179e-11	1.6956759537285156e-10	0.9999999990179238	2.666805054849043e-10	2.3693795839531428e-11	9.548000744623085e-11	1.8267024754393272e-10	1.1707654202142336e-10	5.3239765526347466e-11	2.367015986114461e-11
FJ898461	0.0	0.0	1.0	0.0	0.0	0.0	0.0	0.0	0.0	0.0
n140	4.3232928681656834e-14	1.4662507324591877e-13	0.9999999999991507	2.3059865246888803e-13	2.0488026983952797e-14	8.25615693760058e-14	1.5786702646605504e-13	1.0123609439230494e-13	4.6036429118851486e-14	2.0467588951724406e-14
n149	5.0686702734254284e-15	1.7190464878295662e-14	0.9999999999999005	2.703560851654569e-14	2.4020360521807663e-15	9.67959805603145e-15	1.850806232692979e-14	1.1869017387704343e-14	5.397355369736585e-15	2.3996398775619667e-15
n162	1.760848967527627e-09	5.971943464166335e-09	0.9999999654163214	9.392132605751155e-09	8.344639667374224e-10	3.362678833619766e-09	6.429665645354315e-09	4.123280048868249e-09	1.8750337105194186e-09	8.336315390244479e-10
n171	2.428598180683527e-11	8.236624094164438e-11	0.9999999995230151	1.29538174935539e-10	1.150909424281823e-11	4.637874030172233e-11	8.867923574162995e-11	5.686910467506069e-11	2.5860840663021252e-11	1.1497613232995344e-11
KJ189370	0.0	0.0	1.0	0.0	0.0	0.0	0.0	0.0	0.0	0.0
EU482607	0.0	0.0	0.0	0.0	0.0	0.0	1.0	0.0	0.0	0.0
KJ189305	0.0	0.0	0.0	0.0	0.0	0.0	1.0	0.0	0.0	0.0
n123	2.2826976702750344e-07	7.777822725448744e-07	2.385514550578327e-07	1.217560370788926e-06	1.0817673678592154e-07	4.359249021887835e-07	0.999996108067076	5.34526352629712e-07	2.4307224308394166e-07	1.080688240213335e-07
GQ868553	0.0	0.0	0.0	0.0	0.0	0.0	1.0	0.0	0.0	0.0
n126	4.49643962135282e-09	1.5249744802838016e-08	4.681222732547592e-09	2.3983406843117922e-08	2.1308567127694444e-09	8.586813872289239e-09	0.9999999234257093	1.0529057360153125e-08	4.788017611294327e-09	2.128731055759925e-09
n131	1.4800526583623908e-08	5.0196192304939276e-08	1.5408754695546554e-08	7.8944026927829e-08	7.0139497200118065e-09	2.826444424649267e-08	0.9999997479473122	3.4657552748937355e-08	1.5760287673450465e-08	7.006952885688122e-09
n134	1.7359775245177858e-08	5.887604109137292e-08	1.8073206090995782e-08	9.259471659155152e-08	8.226774232148304e-09	3.3151820428596805e-08	0.9999997043632043	4.065040002935729e-08	1.8485494435932255e-08	8.218567532839289e-09
n136	5.240126802534092e-08	1.7778110981062312e-07	5.457007611924137e-08	2.7950134683870227e-07	2.4832890716285007e-08	1.0007027183657962e-07	0.9999991075305416	1.2270507406870855e-07	5.579930240095167e-08	2.4808118422633644e-08
GQ868555	0.0	0.0	0.0	0.0	0.0	0.0	1.0	0.0	0.0	0.0
n186	1.1218247105507132e-07	0.999858122131827	1.1679260746929869e-07	5.983662787782733e-07	5.31631227443998e-08	2.1423394503261497e-07	0.00014034787123334643	2.6269132291543796e-07	1.194571021346426e-07	5.311008934997568e-08
FJ898451	0.0	1.0	0.0	0.0	0.0	0.0	0.0	0.0	0.0	0.0
n325	3.938062915354903e-09	1.3355994478947344e-08	4.099897532445554e-09	2.1005100262935488e-08	1.866242739843065e-09	7.520486455757947e-09	1.4379670085265196e-08	0.9999999277767323	4.193432177664023e-09	1.8643810510971067e-09
n259	8.276421896903136e-10	2.806959856569869e-09	8.61654128995384e-10	4.414532614117411e-09	3.9221852491865667e-10	1.5805415026537011e-09	3.022100431658704e-09	0.9999999848212117	8.813118186373344e-10	3.918272634829343e-10
FJ810411	0.0	0.0	0.0	0.0	0.0	0.0	0.0	1.0	0.0	0.0
n328	3.069413400777461e-08	1.040995771665985e-07	3.195550883363354e-08	1.6371840068969018e-07	1.454590898597086e-08	5.8616336010438075e-08	1.1207833142120859e-07	0.9999994370758657	3.268453856129766e-08	1.4531398571821202e-08
GQ868620	0.0	0.0	0.0	0.0	0.0	0.0	0.0	1.0	0.0	0.0
KC294222	0.0	0.0	0.0	0.0	0.0	0.0	1.0	0.0	0.0	0.0
FJ850072	0.0	0.0	0.0	0.0	0.0	0.0	1.0	0.0	0.0	0.0
n81	5.166490268349124e-08	0.9999991067177184	5.378807083050268e-08	2.755736727085114e-07	2.448392816727627e-08	9.866404098174042e-08	1.8865220667022712e-07	1.2098076915743047e-07	5.501518640651466e-08	2.4459503984637684e-08
EU569714	0.0	1.0	0.0	0.0	0.0	0.0	0.0	0.0	0.0	0.0
n83	1.8600055910566017e-09	0.9999999678406433	1.9364424837840985e-09	9.92102075805549e-09	8.814541577896711e-10	3.5520374244489696e-09	6.791731712712348e-09	4.355469484220122e-09	1.9806202856128867e-09	8.805748545508151e-10
n85	7.679780451527724e-10	0.9999999867217174	7.995380876261224e-10	4.096292056500423e-09	3.639437667531694e-10	1.4666013751002728e-09	2.804239342677351e-09	1.7983305836805619e-09	8.177786682194027e-10	3.635807110797242e-10
n105	2.2549289072294414e-09	0.9999999610124488	2.347595165771232e-09	1.2027488844189123e-08	1.0686077882531618e-09	4.306219242814661e-09	8.233777481121007e-09	5.280238990542251e-09	2.4011529630598946e-09	1.0675417880749635e-09
n103	9.303906391704527e-10	0.9999999839136158	9.686250239609524e-10	4.962579085080656e-09	4.4091087747726495e-10	1.7767593740474285e-09	3.3972820468472428e-09	2.1786429335457e-09	9.907231367183892e-10	4.404710425077587e-10
GQ398296	0.0	1.0	0.0	0.0	0.0	0.0	0.0	0.0	0.0	0.0
EU482587	0.0	1.0	0.0	0.0	0.0	0.0	0.0	0.0	0.0	0.0
EU482740	0.0	1.0	0.0	0.0	0.0	0.0	0.0	0.0	0.0	0.0
EU482588	0.0	1.0	0.0	0.0	0.0	0.0	0.0	0.0	0.0	0.0
n110	5.788576709231805e-08	0.9999989991594418	6.026458153833857e-08	3.0875493045836584e-07	2.7431987476652458e-08	1.1054397472969388e-07	2.1136742893936714e-07	1.3554781413213084e-07	6.163945157077709e-08	2.7404622428540416e-08
GQ398285	0.0	1.0	0.0	0.0	0.0	0.0	0.0	0.0	0.0	0.0
FJ898438	0.0	0.0	1.0	0.0	0.0	0.0	0.0	0.0	0.0	0.0
n176	4.317213156449767e-09	1.4641887730452628e-08	0.9999999152084504	2.3027436878701833e-08	2.045921531157974e-09	8.244546561992768e-09	1.5764121205430967e-08	1.010937292350234e-08	4.597168952659906e-09	2.043880602071766e-09
FJ898439	0.0	0.0	1.0	0.0	0.0	0.0	0.0	0.0	0.0	0.0
n146	1.088499605379392e-09	3.6916613655659175e-09	0.9999999786214937	5.8059111392077165e-09	5.158385047482816e-10	2.0786987702597057e-09	3.9746102461693885e-09	2.548877722524713e-09	1.159084902573521e-09	5.153239249894326e-10
n142	2.119675054760912e-09	7.188907068539763e-09	0.9999999583688535	1.1306062906332128e-08	1.0045111687651895e-09	4.047926069891344e-09	7.739903762489678e-09	4.963522723729714e-09	2.2571283831368387e-09	1.003509108798308e-09
n145	5.526642413142758e-09	1.8743683669766558e-08	0.9999998914548446	2.9478370584892856e-08	2.619068435656751e-09	1.0554183695694414e-08	2.0180300896293335e-08	1.2941424744301972e-08	5.885025360908176e-09	2.616455758255543e-09
FJ744704	0.0	0.0	1.0	0.0	0.0	0.0	0.0	0.0	0.0	0.0
n160	2.357445792844544e-09	7.995309793269722e-09	0.9999999536989548	1.2574300184503893e-08	1.1171904030063506e-09	4.501994898594243e-09	8.608113550656079e-09	5.520296960830509e-09	2.5103177011894098e-09	1.1160759387643922e-09
n152	1.7333716361463465e-09	5.878753717231596e-09	0.9999999659559857	9.245572199524209e-09	8.214424962066616e-10	3.3102055992060734e-09	6.329333176916644e-09	4.058937942094804e-09	1.8457745727028728e-09	8.206230581893068e-10
FJ850066	0.0	0.0	1.0	0.0	0.0	0.0	0.0	0.0	0.0	0.0
n163	2.812094116428124e-13	9.537255828710944e-13	0.9999999999944769	1.499933346267029e-12	1.3326476344694015e-13	5.37023307384321e-13	1.0268242667170329e-12	6.584921125909083e-13	2.9944483386666853e-13	1.3313182387533706e-13
GQ868604	0.0	0.0	1.0	0.0	0.0	0.0	0.0	0.0	0.0	0.0
EU482603	0.0	0.0	1.0	0.0	0.0	0.0	0.0	0.0	0.0	0.0
EU482634	0.0	0.0	1.0	0.0	0.0	0.0	0.0	0.0	0.0	0.0
EU482693	0.0	0.0	1.0	0.0	0.0	0.0	0.0	0.0	0.0	0.0
FJ898466	0.0	0.0	0.0	0.0	0.0	0.0	1.0	0.0	0.0	0.0
JN819408	0.0	0.0	0.0	0.0	0.0	0.0	1.0	0.0	0.0	0.0
n127	8.958866566700165e-09	3.038411919633242e-08	9.327031049264414e-09	4.778539462690083e-08	4.24559486394599e-09	1.71086740161284e-08	0.9999998474306739	2.097846916809349e-08	9.539816946477906e-09	4.2413596291561316e-09
FJ639733	0.0	0.0	0.0	0.0	0.0	0.0	1.0	0.0	0.0	0.0
n132	1.5955426876610823e-09	5.4113049521722715e-09	1.6611114844496366e-09	8.510411044333005e-09	7.561255421661627e-10	3.0469947865364195e-09	0.9999999728279385	3.736191719150011e-09	1.6990079110179828e-09	7.55371261716825e-10
JN819407	0.0	0.0	0.0	0.0	0.0	0.0	1.0	0.0	0.0	0.0
FJ024473	0.0	0.0	0.0	0.0	0.0	0.0	1.0	0.0	0.0	0.0
FJ639732	0.0	0.0	0.0	0.0	0.0	0.0	1.0	0.0	0.0	0.0
GQ868558	0.0	0.0	0.0	0.0	0.0	0.0	1.0	0.0	0.0	0.0
GU131947	0.0	0.0	0.0	0.0	0.0	0.0	1.0	0.0	0.0	0.0
EU687216	0.0	1.0	0.0	0.0	0.0	0.0	0.0	0.0	0.0	0.0
n188	8.705934902642865e-07	0.0014405905077411385	9.063705124111856e-07	4.643629099971414e-06	4.1257308871966955e-07	1.6625652491419263e-06	0.998547535931594	2.0386193451455038e-06	9.270483570753409e-07	4.1216152238922574e-07
FJ898453	0.0	1.0	0.0	0.0	0.0	0.0	0.0	0.0	0.0	0.0
n326	6.768909283597028e-09	2.29568488273047e-08	7.047077475821949e-09	3.6104455725755425e-08	3.2077770413251073e-09	1.292653055111437e-08	2.4716385803714903e-08	0.9999998758595894	7.207848784448997e-09	3.2045770918812955e-09
FJ639704	0.0	0.0	0.0	0.0	0.0	0.0	0.0	1.0	0.0	0.0
n260	2.0657032174588387e-10	7.005860840859019e-10	2.1505932500474235e-10	1.1018184353278915e-09	9.789339873727211e-11	3.9448564947862874e-10	7.542827882538275e-10	0.9999999962115428	2.1996566656719685e-10	9.779574421739538e-11
n321	1.283890875787815e-08	4.3543335434618276e-08	1.3366523457631053e-08	6.848102011636018e-08	6.0843416603308115e-09	2.45183587707189e-08	4.688073201503732e-08	0.9999997645370416	1.367146596400343e-08	6.078272165643022e-09
n329	1.4050771275547806e-09	4.765338381198923e-09	1.4628187441333383e-09	7.494493251077414e-09	6.658641683946637e-10	2.6832642682953957e-09	5.130579671495413e-09	0.999999974231173	1.4961913421479583e-09	6.651999290638565e-10
FJ687442	0.0	0.0	0.0	0.0	0.0	0.0	0.0	1.0	0.0	0.0
EU482554	0.0	1.0	0.0	0.0	0.0	0.0	0.0	0.0	0.0	0.0
EU677144	0.0	1.0	0.0	0.0	0.0	0.0	0.0	0.0	0.0	0.0
n84	1.3044275210751438e-08	0.999999774465463	1.3580329440795852e-08	6.95764172763261e-08	6.181664547222159e-09	2.491054540168374e-08	4.763061892779643e-08	3.0545038626428496e-08	1.3890149695117451e-08	6.1754979671341785e-09
EU482729	0.0	1.0	0.0	0.0	0.0	0.0	0.0	0.0	0.0	0.0
n86	6.1222064745366194e-09	0.9999998941475106	6.37379842770054e-09	3.265502953917261e-08	2.9013054464861156e-09	1.1691527499874113e-08	2.235497786420985e-08	1.4336023291624415e-08	6.519209616617106e-09	2.8984112207870704e-09
EU482565	0.0	1.0	0.0	0.0	0.0	0.0	0.0	0.0	0.0	0.0
GQ398314	0.0	1.0	0.0	0.0	0.0	0.0	0.0	0.0	0.0	0.0
GQ398308	0.0	1.0	0.0	0.0	0.0	0.0	0.0	0.0	0.0	0.0
n104	1.786138844660658e-08	0.9999996911779376	1.8595401849158693e-08	9.527025423929701e-08	8.464488056304266e-09	3.410974704593581e-08	6.522010405814536e-08	4.182499918228976e-08	1.901963545521627e-08	8.45604422323888e-09
GQ398297	0.0	1.0	0.0	0.0	0.0	0.0	0.0	0.0	0.0	0.0
GQ398291	0.0	1.0	0.0	0.0	0.0	0.0	0.0	0.0	0.0	0.0
GQ398286	0.0	1.0	0.0	0.0	0.0	0.0	0.0	0.0	0.0	0.0
n177	1.8004978198381922e-09	6.1064130914091805e-09	0.9999999646376044	9.60361427478353e-09	8.5325350473063e-10	3.438395921740763e-09	6.5744415963514535e-09	4.216123515120907e-09	1.9172536487632414e-09	8.524023333297757e-10
GQ868515	0.0	0.0	1.0	0.0	0.0	0.0	0.0	0.0	0.0	0.0
n147	3.847563751221271e-10	1.3049065320501128e-09	0.9999999924432527	2.052238983976607e-09	1.8233553072000458e-10	7.347660944141394e-10	1.4049216217156767e-09	9.009621577275023e-10	4.0970644671711436e-10	1.821536401233085e-10
FJ873808	0.0	0.0	1.0	0.0	0.0	0.0	0.0	0.0	0.0	0.0
n143	2.1044196585110387e-09	7.137168182578079e-09	0.9999999586684749	1.122469266551399e-08	9.972816569197217e-10	4.018792964773329e-09	7.684199328645867e-09	4.927800028510145e-09	2.240883729129967e-09	9.962868088232764e-10
GU369819	0.0	0.0	1.0	0.0	0.0	0.0	0.0	0.0	0.0	0.0
GQ199898	0.0	0.0	1.0	0.0	0.0	0.0	0.0	0.0	0.0	0.0
FJ850065	0.0	0.0	1.0	0.0	0.0	0.0	0.0	0.0	0.0	0.0
FJ744744	0.0	0.0	1.0	0.0	0.0	0.0	0.0	0.0	0.0	0.0
FJ850120	0.0	0.0	1.0	0.0	0.0	0.0	0.0	0.0	0.0	0.0
n153	1.3815690121423267e-13	4.685610284820632e-13	0.9999999999972866	7.369104111329059e-13	6.54723703994051e-14	2.6383710130682077e-13	5.044740782878531e-13	3.23514171229549e-13	1.4711588097263835e-13	6.540705779427526e-14
FJ882594	0.0	0.0	1.0	0.0	0.0	0.0	0.0	0.0	0.0	0.0
EU482687	0.0	0.0	1.0	0.0	0.0	0.0	0.0	0.0	0.0	0.0
n165	5.3651688057448975e-11	1.819604371193535e-10	0.9999999989462623	2.861709198520744e-10	2.5425463094338467e-11	1.0245818871795063e-10	1.9590686852044803e-10	1.2563311166090198e-10	5.7130807689450854e-11	2.5400099674300465e-11
EU596500	0.0	0.0	1.0	0.0	0.0	0.0	0.0	0.0	0.0	0.0
n128	3.221330290503996e-10	1.092518593550135e-09	3.353710794719168e-10	1.7182144416290912e-09	1.5265841091184918e-10	6.151748039575149e-10	0.9999999945140806	7.543206238919917e-10	3.4302220115408844e-10	1.5250612501703874e-10
HQ332189	0.0	0.0	0.0	0.0	0.0	0.0	1.0	0.0	0.0	0.0
n133	5.012286058194691e-09	1.699923702635614e-08	5.218265854119546e-09	2.6734862662651216e-08	2.375315648119718e-09	9.57192158257849e-09	0.9999999146408646	1.1736985672310589e-08	5.337314840282625e-09	2.3729461287020156e-09
FJ850108	0.0	0.0	0.0	0.0	0.0	0.0	1.0	0.0	0.0	0.0
n189	4.977412845586803e-10	0.0003512947446356984	5.181959527364495e-10	2.6548853616309373e-09	2.3587892793837806e-10	9.505324494435535e-10	0.999648698466936	1.1655325050395958e-09	5.300180224855777e-10	2.3564362460072736e-10
EU920842	0.0	0.0	0.0	0.0	0.0	0.0	1.0	0.0	0.0	0.0
GU131927	0.0	0.0	0.0	0.0	0.0	0.0	0.0	1.0	0.0	0.0
FJ639710	0.0	0.0	0.0	0.0	0.0	0.0	0.0	1.0	0.0	0.0
n261	2.3993501602086035e-19	8.137429030871522e-19	2.497951407265815e-19	1.2797812468806142e-18	1.137048826561741e-19	4.582019325316769e-19	8.761125574784923e-19	1.0	2.5549394165520414e-19	1.135914552354628e-19
n319	1.1715643252935024e-08	3.9733765043064384e-08	1.2197097379129076e-08	6.248967232421835e-08	5.552027642354451e-09	2.2373267847156647e-08	4.277917555786087e-08	0.9999997851375012	1.2475360717913417e-08	5.546489162735294e-09
n322	4.994563307142727e-13	1.6939130072008889e-12	5.199814786796554e-13	2.664033188171065e-12	2.366916860139004e-13	9.538076590228215e-13	1.8237436557107654e-12	0.9999999999908403	5.318442832360085e-13	2.364555719014613e-13
GU131924	0.0	0.0	0.0	0.0	0.0	0.0	0.0	1.0	0.0	0.0
n330	1.6933158568194066e-08	5.742903991353783e-08	1.7629026382376e-08	9.031920036276184e-08	8.02460116045546e-09	3.233711405898871e-08	6.18307119377671e-08	0.9999996894493383	1.803121319684475e-08	8.016596140876665e-09
n332	1.3567339675039083e-09	4.601381889742989e-09	1.4124889228827984e-09	7.2366373087722875e-09	6.429544096109138e-10	2.5909437319795466e-09	4.9540566683457624e-09	0.9999999751177767	1.4447133014755127e-09	6.4231302413464e-10
EU569719	0.0	1.0	0.0	0.0	0.0	0.0	0.0	0.0	0.0	0.0
EU482728	0.0	1.0	0.0	0.0	0.0	0.0	0.0	0.0	0.0	0.0
n87	8.662638084744355e-14	0.9999999999985024	9.018629024343942e-14	4.620535157071765e-13	4.1052125831984676e-14	1.654296891332975e-13	3.1631256382671754e-13	2.028480775131116e-13	9.22437910943103e-14	4.1011173881293887e-14
EU677143	0.0	1.0	0.0	0.0	0.0	0.0	0.0	0.0	0.0	0.0
EU482561	0.0	1.0	0.0	0.0	0.0	0.0	0.0	0.0	0.0	0.0
GQ398302	0.0	1.0	0.0	0.0	0.0	0.0	0.0	0.0	0.0	0.0
GQ868497	0.0	0.0	1.0	0.0	0.0	0.0	0.0	0.0	0.0	0.0
GU131959	0.0	0.0	1.0	0.0	0.0	0.0	0.0	0.0	0.0	0.0
n148	5.585129427556197e-10	1.8942043182650455e-09	0.9999999890306138	2.9790332488051872e-09	2.646785353433404e-10	1.0665875867502784e-09	2.0393863754339323e-09	1.3078380465148045e-09	5.947305048533407e-10	2.6441450267490684e-10
GQ199897	0.0	0.0	1.0	0.0	0.0	0.0	0.0	0.0	0.0	0.0
n144	6.204922226629982e-09	2.1044078975487646e-08	0.9999998781331957	3.309622428475949e-08	2.9405043305905325e-09	1.1849489093344463e-08	2.2657010931890414e-08	1.4529714071823793e-08	6.607289188702034e-09	2.937571001660255e-09
KJ189308	0.0	0.0	1.0	0.0	0.0	0.0	0.0	0.0	0.0	0.0
FJ906956	0.0	0.0	1.0	0.0	0.0	0.0	0.0	0.0	0.0	0.0
n155	1.1611979116294539e-20	3.938218669949941e-20	1.0	6.19367417005572e-20	5.502901346877283e-21	2.217530129550181e-20	4.2400650349756186e-20	2.719111218568542e-20	1.236497433364236e-20	5.4974118736759236e-21
EU482762	0.0	0.0	1.0	0.0	0.0	0.0	0.0	0.0	0.0	0.0
n166	3.873679468401986e-09	1.3137637134099985e-08	0.9999999239196045	2.066168757817458e-08	1.8357315105852858e-09	7.397533915082049e-09	1.4144576653282362e-08	9.070775269385435e-09	4.124873694987534e-09	1.833900258615274e-09
n167	1.3684245773464254e-13	4.64103075363071e-13	0.9999999999973125	7.298993456237444e-13	6.48494573953608e-14	2.6132691937281126e-13	4.996744435464843e-13	3.204362135655429e-13	1.4571620054560863e-13	6.478476618320659e-14
FJ850106	0.0	0.0	0.0	0.0	0.0	0.0	1.0	0.0	0.0	0.0
EU482605	0.0	0.0	0.0	0.0	0.0	0.0	1.0	0.0	0.0	0.0
GQ868641	0.0	0.0	0.0	0.0	0.0	0.0	1.0	0.0	0.0	0.0
HQ332188	0.0	0.0	0.0	0.0	0.0	0.0	1.0	0.0	0.0	0.0
HQ332186	0.0	0.0	0.0	0.0	0.0	0.0	1.0	0.0	0.0	0.0
n190	3.558937216388946e-08	0.00031538327916760367	3.705191670429853e-08	1.8982894551598416e-07	1.6865755790101664e-08	6.796473217425444e-08	0.9996841313363511	8.333761208444479e-08	3.789721536266125e-08	1.6848931190023565e-08
n193	1.229314555965408e-15	3.533079317927773e-11	1.2798332131643358e-15	6.556999229762766e-15	5.825705211840395e-16	2.34761192665475e-15	0.9999999999646525	2.878616097048068e-15	1.3090311978907335e-15	5.819893722478049e-16
GQ199892	0.0	1.0	0.0	0.0	0.0	0.0	0.0	0.0	0.0	0.0
n262	1.5655716107602467e-08	5.309657625880296e-08	1.6299087449303194e-08	8.350549333430534e-08	7.419222889745053e-09	2.9897592667537444e-08	5.7166184851469596e-08	0.9999997128773715	1.6670933172248864e-08	7.411821771196692e-09
n279	1.699849365056153e-09	5.765062474296729e-09	1.7697046408652384e-09	9.066768894339487e-09	8.055563368461306e-10	3.2461883930011978e-09	6.206928022619503e-09	0.9999999688251107	1.8100785025080858e-09	8.047527462228294e-10
n268	1.52375751896309e-08	5.1678445591038634e-08	1.5863763038633735e-08	8.127518566913766e-08	7.221066468893301e-09	2.9099072385410368e-08	5.5639360984299575e-08	0.9999997205459903	1.622567731476038e-08	7.213863023225729e-09
n271	6.533504626967019e-12	2.215847070033017e-11	6.801998869515176e-12	3.4848838809226395e-11	3.096219089915026e-12	1.2476980208760638e-11	2.385681566183727e-11	0.9999999998801768	6.957178979750038e-12	3.0931304261996086e-12
EU482468	0.0	0.0	0.0	0.0	0.0	0.0	0.0	1.0	0.0	0.0
EU482784	0.0	0.0	0.0	0.0	0.0	0.0	0.0	1.0	0.0	0.0
n320	8.989928249647883e-08	3.0489465163257576e-07	9.359369172057084e-08	4.795107348441941e-07	4.260314953882202e-08	1.71679922573354e-07	3.2826342569616355e-07	0.9999983512655626	9.572892868210254e-08	4.2560650349222765e-08
FJ744724	0.0	0.0	0.0	0.0	0.0	0.0	0.0	1.0	0.0	0.0
GU131932	0.0	0.0	0.0	0.0	0.0	0.0	0.0	1.0	0.0	0.0
n324	5.87836564225182e-10	1.993655783330052e-09	6.119936961268425e-10	3.13544151913497e-09	2.7857496027350047e-10	1.1225866662052446e-09	2.1464603383189315e-09	0.9999999892191981	6.259556580515394e-10	2.7829706509010614e-10
FJ639718	0.0	0.0	0.0	0.0	0.0	0.0	0.0	1.0	0.0	0.0
n331	2.2350067280847372e-08	7.580056023056132e-08	2.3268542850712727e-08	1.1921226608317007e-07	1.059166694245829e-08	4.268174020671878e-08	8.161032487036882e-08	0.9999995901043413	2.3799389020176376e-08	1.0581101121235394e-08
GQ868638	0.0	0.0	0.0	0.0	0.0	0.0	0.0	1.0	0.0	0.0
n333	9.566829106242423e-09	3.2446032343922404e-08	9.959977757865958e-09	5.102818540340195e-08	4.533707496959888e-09	1.8269695092355592e-08	3.493287163429708e-08	0.9999998245463128	1.0187203677195252e-08	4.529184852587664e-09
GQ868622	0.0	0.0	0.0	0.0	0.0	0.0	0.0	1.0	0.0	0.0
EU677146	0.0	1.0	0.0	0.0	0.0	0.0	0.0	0.0	0.0	0.0
n89	5.481026962057762e-09	0.9999999052334562	5.706269655923716e-09	2.9235063876956967e-08	2.597451334497673e-09	1.0467072242822391e-08	2.0013738006958947e-08	1.283460963247385e-08	5.836451911349347e-09	2.5948602214477084e-09
n92	7.90908896275688e-08	0.9999986325244682	8.234112816193283e-08	4.2186021458271386e-07	3.748106663803193e-08	1.510392233447529e-07	2.88797036522731e-07	1.8520264557753933e-07	8.421965028317251e-08	3.744367703245876e-08
n93	1.7221887998527682e-08	0.9999997022348522	1.7929621142899915e-08	9.185924448175514e-08	8.161429650685556e-09	3.288849828439969e-08	6.288499523423642e-08	4.032751729290981e-08	1.833866569565545e-08	8.15328813650456e-09
FJ850061	0.0	0.0	1.0	0.0	0.0	0.0	0.0	0.0	0.0	0.0
FJ850121	0.0	0.0	1.0	0.0	0.0	0.0	0.0	0.0	0.0	0.0
KJ189309	0.0	0.0	1.0	0.0	0.0	0.0	0.0	0.0	0.0	0.0
GQ199894	0.0	0.0	1.0	0.0	0.0	0.0	0.0	0.0	0.0	0.0
EU482444	0.0	0.0	1.0	0.0	0.0	0.0	0.0	0.0	0.0	0.0
FJ906961	0.0	0.0	1.0	0.0	0.0	0.0	0.0	0.0	0.0	0.0
FJ744741	0.0	0.0	1.0	0.0	0.0	0.0	0.0	0.0	0.0	0.0
EU482635	0.0	0.0	1.0	0.0	0.0	0.0	0.0	0.0	0.0	0.0
FJ410291	0.0	0.0	1.0	0.0	0.0	0.0	0.0	0.0	0.0	0.0
EU482639	0.0	0.0	1.0	0.0	0.0	0.0	0.0	0.0	0.0	0.0
JF357906	0.0	0.0	1.0	0.0	0.0	0.0	0.0	0.0	0.0	0.0
FJ205885	0.0	0.0	1.0	0.0	0.0	0.0	0.0	0.0	0.0	0.0
n168	3.075756410586038e-10	1.0431470121566571e-09	0.9999999939591087	1.6405672833925222e-09	1.457596842447768e-10	5.873746794860022e-10	1.1230994374014667e-09	7.202324149784897e-10	3.275208187385068e-10	1.4561428024240367e-10
FJ850050	0.0	0.0	1.0	0.0	0.0	0.0	0.0	0.0	0.0	0.0
JN819424	0.0	0.0	1.0	0.0	0.0	0.0	0.0	0.0	0.0	0.0
EU920846	0.0	0.0	0.0	0.0	0.0	0.0	1.0	0.0	0.0	0.0
EU920850	0.0	1.0	0.0	0.0	0.0	0.0	0.0	0.0	0.0	0.0
GQ199890	0.0	0.0	0.0	0.0	0.0	0.0	1.0	0.0	0.0	0.0
JX669476	0.0	0.0	0.0	0.0	0.0	0.0	1.0	0.0	0.0	0.0
n200	5.3372246707386955e-08	1.8101359500039927e-07	5.556557812306324e-08	2.8468041710952645e-07	2.5293036212906028e-08	1.0192454186326832e-07	0.9999990910707749	1.2497875971772685e-07	5.683324556962006e-08	2.52678048966022e-08
n197	1.5994204244875948e-08	5.424530311706811e-08	1.665148574983786e-08	8.53109437331604e-08	7.579631964533214e-09	3.054400068755015e-08	0.9999997276182685	3.745271995304513e-08	1.7031371051762092e-08	7.57207082833929e-09
JX669477	0.0	0.0	0.0	0.0	0.0	0.0	1.0	0.0	0.0	0.0
JX567950	0.0	0.0	0.0	0.0	0.0	0.0	1.0	0.0	0.0	0.0
n263	1.8968023481382185e-09	6.4330312221802844e-09	1.9747514028652764e-09	1.011728973304737e-08	8.988920916747743e-10	3.6223078896995667e-09	6.9260935057269985e-09	0.9999999652130332	2.0198031804767775e-09	8.979953930539708e-10
FJ410221	0.0	0.0	0.0	0.0	0.0	0.0	0.0	1.0	0.0	0.0
n280	5.284147771045675e-11	1.7921259759677466e-10	5.501299718477304e-11	2.818493663526921e-10	2.5041505496321332e-11	1.009109366623493e-10	1.9294841972472262e-10	0.9999999990308981	5.6268058106018324e-11	2.5016525096950426e-11
n316	5.195913981487797e-09	1.762201365022687e-08	5.409439963094482e-09	2.7714309416741155e-08	2.462336674965688e-09	9.922594321868717e-09	1.897266002376141e-08	0.9999999047080013	5.532850376104694e-09	2.459880346869307e-09
n269	3.473600007909807e-08	1.1780762147507183e-07	3.616347531067522e-08	1.8527717308676735e-07	1.6461343902364423e-08	6.633505450192166e-08	1.2683703433777191e-07	0.9999993629488694	3.6988505157465866e-08	1.64449227273307e-08
FM210214	0.0	0.0	0.0	0.0	0.0	0.0	0.0	1.0	0.0	0.0
EU482776	0.0	0.0	0.0	0.0	0.0	0.0	0.0	1.0	0.0	0.0
n273	5.424010043300595e-09	1.839560457747259e-08	5.646909628025561e-09	2.89309432671749e-08	2.5704310930830695e-09	1.035818750063343e-08	1.9805543140947634e-08	0.9999999005247663	5.7757376498134805e-09	2.5678669343398956e-09
EU660413	0.0	0.0	0.0	0.0	0.0	0.0	0.0	1.0	0.0	0.0
FJ639707	0.0	0.0	0.0	0.0	0.0	0.0	0.0	1.0	0.0	0.0
EU687249	0.0	0.0	0.0	0.0	0.0	0.0	0.0	1.0	0.0	0.0
GQ868631	0.0	0.0	0.0	0.0	0.0	0.0	0.0	1.0	0.0	0.0
KF955402	0.0	0.0	0.0	0.0	0.0	0.0	0.0	1.0	0.0	0.0
JF730047	0.0	0.0	0.0	0.0	0.0	0.0	0.0	1.0	0.0	0.0
JN368476	0.0	0.0	0.0	0.0	0.0	0.0	0.0	1.0	0.0	0.0
FJ639706	0.0	0.0	0.0	0.0	0.0	0.0	0.0	1.0	0.0	0.0
GQ868623	0.0	0.0	0.0	0.0	0.0	0.0	0.0	1.0	0.0	0.0
n90	1.754468394870122e-08	0.9999996966537343	1.8265682386218226e-08	9.358099485588637e-08	8.314402219029556e-09	3.350493906338984e-08	6.406367098628109e-08	4.1083390241556164e-08	1.868239380599097e-08	8.306108105562923e-09
EU482556	0.0	1.0	0.0	0.0	0.0	0.0	0.0	0.0	0.0	0.0
EU596490	0.0	1.0	0.0	0.0	0.0	0.0	0.0	0.0	0.0	0.0
EU529706	0.0	1.0	0.0	0.0	0.0	0.0	0.0	0.0	0.0	0.0
n94	8.039668209972545e-08	0.9999986099474146	8.370058214973144e-08	4.28825136776641e-07	3.809987994124308e-08	1.5353288452080848e-07	2.935650824765482e-07	1.8826034566862986e-07	8.561011871595013e-08	3.806187303239105e-08
EU482721	0.0	1.0	0.0	0.0	0.0	0.0	0.0	0.0	0.0	0.0
FJ744708	0.0	0.0	1.0	0.0	0.0	0.0	0.0	0.0	0.0	0.0
HQ705625	0.0	0.0	1.0	0.0	0.0	0.0	0.0	0.0	0.0	0.0
GU131881	0.0	0.0	0.0	0.0	0.0	0.0	1.0	0.0	0.0	0.0
HM181971	0.0	0.0	0.0	0.0	0.0	0.0	1.0	0.0	0.0	0.0
n198	5.923790302370112e-10	2.0090617926034455e-09	6.167228346889769e-10	3.1596704245817107e-09	2.8072762883105603e-10	1.131261376297992e-09	0.9999999899117962	1.3871403407037902e-09	6.307926866997304e-10	2.804475862320326e-10
JX669478	0.0	0.0	0.0	0.0	0.0	0.0	1.0	0.0	0.0	0.0
n264	8.793180274066447e-10	2.9822191701128827e-09	9.154535842336834e-10	4.690164612826831e-09	4.1670763518334625e-10	1.6792264261779845e-09	3.210792566272195e-09	0.9999999838734873	9.363386491743673e-10	4.162919443955332e-10
EU482661	0.0	0.0	0.0	0.0	0.0	0.0	0.0	1.0	0.0	0.0
n281	1.9197183785733228e-08	6.510751254223769e-08	1.9986091671148e-08	1.0239520770809868e-07	9.097519677978254e-09	3.666070445100845e-08	7.00977042110482e-08	0.9999996479275792	2.044205233332815e-08	9.088444358011006e-09
n282	6.331254468527063e-11	2.1472536509447178e-10	6.591437244841394e-11	3.3770063546479477e-10	3.000373010780797e-11	1.2090744739720267e-10	2.3118307767075237e-10	0.9999999988388607	6.741813623591595e-11	2.997379959261509e-11
n317	1.252126664126418e-09	4.24660478323213e-09	1.3035827844559814e-09	6.678675960030994e-09	5.933811486806201e-10	2.391176022541395e-09	4.572087526813651e-09	0.9999999770362531	1.3333225894857584e-09	5.927892154969146e-10
EU482705	0.0	0.0	0.0	0.0	0.0	0.0	0.0	1.0	0.0	0.0
EU482649	0.0	0.0	0.0	0.0	0.0	0.0	0.0	1.0	0.0	0.0
EU482669	0.0	0.0	0.0	0.0	0.0	0.0	0.0	1.0	0.0	0.0
n274	1.3526362597683798e-09	4.587484457663205e-09	1.408222819929473e-09	7.214780684415837e-09	6.410125114046634e-10	2.5831183731198544e-09	4.939094061955451e-09	0.9999999751929279	1.440349872083405e-09	6.403730630879878e-10
FM210211	0.0	0.0	0.0	0.0	0.0	0.0	0.0	1.0	0.0	0.0
EU482552	0.0	1.0	0.0	0.0	0.0	0.0	0.0	0.0	0.0	0.0
KF955364	0.0	1.0	0.0	0.0	0.0	0.0	0.0	0.0	0.0	0.0
EU482551	0.0	1.0	0.0	0.0	0.0	0.0	0.0	0.0	0.0	0.0
EU596489	0.0	1.0	0.0	0.0	0.0	0.0	0.0	0.0	0.0	0.0
JX286520	0.0	0.0	0.0	0.0	0.0	0.0	1.0	0.0	0.0	0.0
JX286525	0.0	0.0	0.0	0.0	0.0	0.0	1.0	0.0	0.0	0.0
KC294211	0.0	0.0	0.0	0.0	0.0	0.0	1.0	0.0	0.0	0.0
n265	1.366312407164293e-08	4.633867299440791e-08	1.4224609883302979e-08	7.28772742331677e-08	6.474936193339273e-09	2.609235599651936e-08	4.989031935427178e-08	0.9999997494211016	1.4549128686096629e-08	6.468477057244816e-09
EU482451	0.0	0.0	0.0	0.0	0.0	0.0	0.0	1.0	0.0	0.0
FJ024461	0.0	0.0	0.0	0.0	0.0	0.0	0.0	1.0	0.0	0.0
EU482676	0.0	0.0	0.0	0.0	0.0	0.0	0.0	1.0	0.0	0.0
n283	9.59119653840262e-11	3.252867482485605e-10	9.985346569165569e-11	5.11581580236157e-10	4.545255190416047e-11	1.8316229377729205e-10	3.502184828165395e-10	0.9999999982409941	1.0213151249975054e-10	4.540721026528975e-11
n289	1.944438282632333e-12	6.594589148444535e-12	2.0243449351388855e-12	1.037137342893401e-11	9.214666972146323e-13	3.713277843169209e-12	7.100034104684376e-12	0.9999999999643393	2.0705281345504757e-12	9.205474790747003e-13
n318	1.0055933768816159e-08	3.410483752641236e-08	1.0469182166808965e-08	5.363700417985481e-08	4.76549354130991e-09	1.9203734255618264e-08	3.6718816611852476e-08	0.9999998155762332	1.0708025023722005e-08	4.760739676496193e-09
EU482464	0.0	0.0	0.0	0.0	0.0	0.0	0.0	1.0	0.0	0.0
n275	1.4456377576672252e-11	4.902900315451467e-11	1.5050462125325984e-11	7.710838220813113e-11	6.8508579666669165e-12	2.7607225710076982e-11	5.27868509591443e-11	0.999999999734873	1.5393821837154362e-11	6.844023826121095e-12
EU482541	0.0	0.0	0.0	0.0	0.0	0.0	0.0	1.0	0.0	0.0
FJ410224	0.0	0.0	0.0	0.0	0.0	0.0	0.0	1.0	0.0	0.0
FJ410215	0.0	0.0	0.0	0.0	0.0	0.0	0.0	1.0	0.0	0.0
n284	1.3388282424777086e-12	4.540654377325904e-12	1.393847362443191e-12	7.141130569154345e-12	6.344689105089371e-13	2.556749315731139e-12	4.888674671143459e-12	0.9999999999754462	1.425646454372461e-12	6.338359898255033e-13
n288	4.10601708172218e-09	1.392561334155391e-08	4.274753771935341e-09	2.1900945296382467e-08	1.9458359942797015e-09	7.841227149978013e-09	1.4992947616304726e-08	0.9999999246964872	4.372277569613228e-09	1.943894906502269e-09
n290	2.174920320804413e-14	7.376272147291548e-14	2.2642986280802212e-14	1.1600733757773236e-13	1.0306918263322337e-14	4.1534275014212794e-14	7.941629513577258e-14	0.9999999999996012	2.3159561066318425e-14	1.0296636495936625e-14
n296	5.974936758984387e-13	2.0264080102403143e-12	6.220476666120165e-13	3.1869512596615105e-12	2.8315145255801877e-13	1.1410287731754744e-12	2.1817228729261223e-12	0.9999999999890422	6.362389987965615e-13	2.828689920498678e-13
EU482658	0.0	0.0	0.0	0.0	0.0	0.0	0.0	1.0	0.0	0.0
EU482659	0.0	0.0	0.0	0.0	0.0	0.0	0.0	1.0	0.0	0.0
n276	6.982719590689909e-09	2.368198942115861e-08	7.269674313227359e-09	3.724489127345164e-08	3.309101459419058e-09	1.3334842341239373e-08	2.549710509208305e-08	0.999999871938352	7.435523923457969e-09	3.3058004328083646e-09
n277	4.635533625359391e-09	1.57214759738533e-08	4.826030787389436e-09	2.4725315635062104e-08	2.1967731749267207e-09	8.852440551113967e-09	1.6926454867421568e-08	0.9999999149852623	4.93613136281592e-09	2.1945817623039826e-09
EU482474	0.0	0.0	0.0	0.0	0.0	0.0	0.0	1.0	0.0	0.0
n286	4.206632754979854e-11	1.426685277967598e-10	4.379504244282051e-11	2.2437615824565168e-10	1.9935176270437206e-11	8.033372076109318e-11	1.5360341489371327e-10	0.9999999992285121	4.4794178085796837e-11	1.991528973985947e-11
FJ410217	0.0	0.0	0.0	0.0	0.0	0.0	0.0	1.0	0.0	0.0
EU482670	0.0	0.0	0.0	0.0	0.0	0.0	0.0	1.0	0.0	0.0
EU482656	0.0	0.0	0.0	0.0	0.0	0.0	0.0	1.0	0.0	0.0
FM210207	0.0	0.0	0.0	0.0	0.0	0.0	0.0	1.0	0.0	0.0
FM210246	0.0	0.0	0.0	0.0	0.0	0.0	0.0	1.0	0.0	0.0
n293	3.292493612728218e-11	1.1166537320190185e-10	3.4277985721821904e-11	1.7561720047887605e-10	1.560308312184481e-11	6.287648052458964e-11	1.2022401095795572e-10	0.9999999993961632	3.506000020094522e-11	1.5587518113268995e-11
EU482642	0.0	0.0	0.0	0.0	0.0	0.0	0.0	1.0	0.0	0.0
n297	2.262160955457309e-10	7.672149958237831e-10	2.3551244148770176e-10	1.2066063621026848e-09	1.072035046219719e-10	4.3200302260097226e-10	8.260184999180704e-10	0.9999999958512431	2.4088539836888215e-10	1.0709656271467276e-10
n302	4.603841149969621e-19	1.5613990508174343e-18	4.793035910354592e-19	2.455627221512407e-18	2.181754153297279e-19	8.79191769075313e-19	1.681073113469161e-18	1.0	4.902383744013007e-19	2.1795777230468487e-19
FJ410228	0.0	0.0	0.0	0.0	0.0	0.0	0.0	1.0	0.0	0.0
FJ432726	0.0	0.0	0.0	0.0	0.0	0.0	0.0	1.0	0.0	0.0
EU482469	0.0	0.0	0.0	0.0	0.0	0.0	0.0	1.0	0.0	0.0
FJ410259	0.0	0.0	0.0	0.0	0.0	0.0	0.0	1.0	0.0	0.0
n287	6.478818770062734e-09	2.1973002865359248e-08	6.745065698410329e-09	3.4557151771225995e-08	3.070303535589627e-09	1.2372547076276484e-08	2.3657132569536348e-08	0.9999998811797902	6.898946941071473e-09	3.06724072418956e-09
EU482699	0.0	0.0	0.0	0.0	0.0	0.0	0.0	1.0	0.0	0.0
n294	2.0836230371065443e-09	7.066636155378572e-09	2.169249484326727e-09	1.1113766271720627e-08	9.87426165896947e-10	3.979077827417803e-09	7.608261345654553e-09	0.9999999617867802	2.2187385213822024e-09	9.864411492422166e-10
n295	9.466533516427964e-09	3.2105878473195344e-08	9.855560522785189e-09	5.049322215744449e-08	4.4861775513108e-09	1.8078161426950987e-08	3.456664653237815e-08	0.9999998263857132	1.0080404277935822e-08	4.481702320901947e-09
n298	6.506254911850413e-12	2.206605291715276e-11	6.773629327898459e-12	3.470349247767619e-11	3.0833054864271616e-12	1.242494165126105e-11	2.3757314480236944e-11	0.9999999998806764	6.928162218296937e-12	3.0802297048035363e-12
n301	1.694480151012893e-08	5.7468527111061876e-08	1.7641147790777843e-08	9.038130225599058e-08	8.030118735040578e-09	3.235934848972493e-08	6.187322564753858e-08	0.9999996892358091	1.8043611141824753e-08	8.02210821135115e-09
n304	6.843940092813949e-09	2.321131684754501e-08	7.125191674649605e-09	3.65046600150941e-08	3.2433340412957416e-09	1.3069816272193199e-08	2.4990357628431824e-08	0.9999998744835397	7.287745072662069e-09	3.240098621617928e-09
n305	4.695619985765123e-10	1.592525969064206e-09	4.888586395579585e-10	2.504580823558308e-09	2.225248020626509e-10	8.967186980848539e-10	1.71458576697206e-09	0.9999999913883291	5.000114108287474e-10	2.2230282026422126e-10
n307	2.150915393004054e-11	7.294859104874416e-11	2.2393072182498997e-11	1.1472694687273617e-10	1.0193159232065618e-11	4.107585487650969e-11	7.853976535549947e-11	0.9999999996055264	2.290394545320053e-11	1.0182990946117088e-11
n314	3.0038162009371527e-09	1.0187483912220236e-08	3.1272579679017994e-09	1.6021953388834734e-08	1.4235044734720124e-09	5.736363166432118e-09	1.0968307742833063e-08	0.9999999449106259	3.1986029130423794e-09	1.4220844426252705e-09
FJ562098	0.0	0.0	0.0	0.0	0.0	0.0	0.0	1.0	0.0	0.0
EU482701	0.0	0.0	0.0	0.0	0.0	0.0	0.0	1.0	0.0	0.0
FJ205877	0.0	0.0	0.0	0.0	0.0	0.0	0.0	1.0	0.0	0.0
FJ410195	0.0	0.0	0.0	0.0	0.0	0.0	0.0	1.0	0.0	0.0
FJ024452	0.0	0.0	0.0	0.0	0.0	0.0	0.0	1.0	0.0	0.0
FM210206	0.0	0.0	0.0	0.0	0.0	0.0	0.0	1.0	0.0	0.0
FJ390385	0.0	0.0	0.0	0.0	0.0	0.0	0.0	1.0	0.0	0.0
n300	4.943000784376691e-09	1.676425506767654e-08	5.146133303184175e-09	2.6365304289772637e-08	2.3424814496774546e-09	9.439608063335287e-09	1.804915818723993e-08	0.9999999093463775	5.263536664841647e-09	2.3401446843363884e-09
GU131899	0.0	0.0	0.0	0.0	0.0	0.0	0.0	1.0	0.0	0.0
EU482679	0.0	0.0	0.0	0.0	0.0	0.0	0.0	1.0	0.0	0.0
EU482467	0.0	0.0	0.0	0.0	0.0	0.0	0.0	1.0	0.0	0.0
FJ547067	0.0	0.0	0.0	0.0	0.0	0.0	0.0	1.0	0.0	0.0
EU482654	0.0	0.0	0.0	0.0	0.0	0.0	0.0	1.0	0.0	0.0
EU482645	0.0	0.0	0.0	0.0	0.0	0.0	0.0	1.0	0.0	0.0
FJ410223	0.0	0.0	0.0	0.0	0.0	0.0	0.0	1.0	0.0	0.0
n308	1.8070541305245366e-09	6.128648909173059e-09	1.881314984035853e-09	9.638584758059623e-09	8.56360531581531e-10	3.450916454494097e-09	6.598381687057633e-09	0.9999999668589971	1.9242351126935605e-09	8.555062607355732e-10
n313	2.0886998593580685e-08	7.083854267790533e-08	2.174534938487587e-08	1.1140845361796757e-07	9.89832065160628e-09	3.98877299323956e-08	7.626799147266054e-08	0.9999996169367216	2.224144557356593e-08	9.888446484774942e-09
n315	1.05171860836507e-08	3.5669181088906366e-08	1.0949389636337043e-08	5.6097262263044295e-08	4.984080395379558e-09	2.0084584018803818e-08	3.840305992028826e-08	0.9999998071169602	1.11991878976079e-08	4.979108477106048e-09
FJ461309	0.0	0.0	0.0	0.0	0.0	0.0	0.0	1.0	0.0	0.0
FJ410202	0.0	0.0	0.0	0.0	0.0	0.0	0.0	1.0	0.0	0.0
FJ205879	0.0	0.0	0.0	0.0	0.0	0.0	0.0	1.0	0.0	0.0
n309	5.413633534468173e-10	1.836041250521386e-09	5.63610669676929e-10	2.887559635853247e-09	2.565513679448585e-10	1.0338371566807686e-09	1.9767653758057055e-09	0.9999999900715069	5.764688261582522e-10	2.562954426119603e-10
EU677148	0.0	0.0	0.0	0.0	0.0	0.0	0.0	1.0	0.0	0.0
FJ024454	0.0	0.0	0.0	0.0	0.0	0.0	0.0	1.0	0.0	0.0
FJ859028	0.0	0.0	0.0	0.0	0.0	0.0	0.0	1.0	0.0	0.0
JF730049	0.0	0.0	0.0	0.0	0.0	0.0	0.0	1.0	0.0	0.0
FJ410241	0.0	0.0	0.0	0.0	0.0	0.0	0.0	1.0	0.0	0.0
n310	6.846100737439027e-13	2.321864470347413e-12	7.127441110922527e-13	3.651618460420246e-12	3.244357967888994e-13	1.3073942437515558e-12	2.499824713084657e-12	0.9999999999874444	7.290045827345285e-13	3.241121526783167e-13
FJ461311	0.0	0.0	0.0	0.0	0.0	0.0	0.0	1.0	0.0	0.0
FJ547064	0.0	0.0	0.0	0.0	0.0	0.0	0.0	1.0	0.0	0.0
n312	4.379947307801432e-09	1.4854651466583858e-08	4.559941155200742e-09	2.3362052441575124e-08	2.075651161439849e-09	8.364349456383844e-09	1.5993192244708984e-08	0.9999999196726631	4.663971188828043e-09	2.0735805752694172e-09
FJ390387	0.0	0.0	0.0	0.0	0.0	0.0	0.0	1.0	0.0	0.0
FJ410237	0.0	0.0	0.0	0.0	0.0	0.0	0.0	1.0	0.0	0.0
EU482652	0.0	0.0	0.0	0.0	0.0	0.0	0.0	1.0	0.0	0.0
