node	American	AsianAmerican	AsianI	AsianII	Cosmopolitan	Sylvatic
root	0.2392976633104653	0.06378942750063968	0.04852397284003297	0.06884886896960922	0.0929146614131857	0.4866254059660672
n0	0.008052428565182162	0.0025383706210195017	0.0019961332621103592	0.0024434461484034034	0.0030481879382331357	0.9819214334650515
n12	0.4841599642573904	0.09036843855779048	0.06230191205171587	0.1267908308847383	0.19573332213908282	0.04064553210928222
n1	5.7097190722434955e-05	2.0944458771560076e-05	1.6884994244133342e-05	1.827789870538078e-05	2.102423636360637e-05	0.9998657712211928
n2	1.6502334706681129e-06	6.078730347403716e-07	4.90361123751941e-07	5.290898026150978e-07	6.071395416033824e-07	0.9999961153030267
n13	0.15123573361285433	0.1553757367684268	0.1056598986635828	0.22462809562728459	0.3510618663778297	0.012038668950021793
n340	0.9919935970843246	0.0014326194199348243	0.001006163201022157	0.0019260610872830247	0.0029189901333208004	0.0007225690741148548
EF105379	0.0	0.0	0.0	0.0	0.0	1.0
FJ467493	0.0	0.0	0.0	0.0	0.0	1.0
n3	1.7664377725396913e-07	7.289235919647596e-08	5.974355740207836e-08	5.9164000709454606e-08	6.342339044361897e-08	0.999999568132915
n7	1.7608561901130117e-07	7.58342930589629e-08	6.249589673047056e-08	6.000250014139171e-08	6.258815641064104e-08	0.9999995629935347
n14	0.00021070489690472435	0.0002045934105182562	0.00014038309315165566	0.00029008738878706403	0.9991301929401559	2.403827048244058e-05
n56	0.10163999713194449	0.22180605487096194	0.15049455736446013	0.3222106688065049	0.19621980035683106	0.00762892146929743
n341	0.9999999969258747	5.608341416670005e-10	4.003828305372054e-10	7.244992258618547e-10	1.0780587309375904e-09	3.1035023014047234e-10
GQ398257	1.0	0.0	0.0	0.0	0.0	0.0
n4	5.2377657125301466e-08	2.269299792124172e-08	1.871553220284064e-08	1.7891933966708278e-08	1.8590050547479546e-08	0.9999998697318282
n5	1.2684173078585298e-09	5.495486854231156e-10	4.5322750601632243e-10	4.3328399141808413e-10	4.501913013873042e-10	0.9999999968453311
n8	3.669449189030737e-08	1.5899216551167897e-08	1.3112624921117632e-08	1.2534990342164555e-08	1.3023517142466468e-08	0.9999999087351591
n10	6.880205211977076e-08	2.9810241693668164e-08	2.4585445233518412e-08	2.350282751396826e-08	2.4419199531723784e-08	0.9999998288802339
n15	9.741635552288939e-07	9.093228251055118e-07	6.280232286494129e-07	1.270746151176051e-06	0.999996084230441	1.3351379896409144e-07
n41	7.867353689624017e-08	6.28194001792908e-08	4.4619554943904613e-08	8.218542370453374e-08	0.9999997144255293	1.7276555119003577e-08
n57	0.04472591422451136	0.9533785907161204	0.0004231259523832884	0.0008801069485763596	0.0005449197095636713	4.7342448844977795e-05
n232	0.04243763197960665	0.08941600243338309	0.2490743465535441	0.53616514522437	0.07904963100162621	0.0038572428074700065
n342	0.9999991686559742	1.8662703272371573e-07	1.5391737074244921e-07	1.471386509129357e-07	1.5287463080274525e-07	1.9078634056840433e-07
n351	0.9999987932603102	2.709005513241907e-07	2.234212326741132e-07	2.1357731569550184e-07	2.218993500296269e-07	2.76941240140543e-07
n353	0.9999981328933044	4.191202291090278e-07	3.4565078659497915e-07	3.304898379442766e-07	3.434324682721573e-07	4.284133737320355e-07
JQ922552	1.0	0.0	0.0	0.0	0.0	0.0
EF105384	0.0	0.0	0.0	0.0	0.0	1.0
EF105385	0.0	0.0	0.0	0.0	0.0	1.0
n6	2.0912350873700814e-10	9.061110253672693e-11	7.473013894917671e-11	7.143770666494955e-11	7.42214368990223e-11	0.9999999994798761
EU003591	0.0	0.0	0.0	0.0	0.0	1.0
n9	3.0309162661221906e-08	1.3132750140343068e-08	1.0831047289282115e-08	1.0353802859571168e-08	1.0757210351476871e-08	0.9999999246160266
EF457904	0.0	0.0	0.0	0.0	0.0	1.0
n11	4.950731719135894e-09	2.145118499087953e-09	1.7691557876089734e-09	1.691201706418263e-09	1.757094332218553e-09	0.9999999876866978
EF105378	0.0	0.0	0.0	0.0	0.0	1.0
n16	1.233956448321908e-07	5.702998874500285e-08	4.6142907793094404e-08	4.901287965503127e-08	0.9999996719392494	5.24793294073619e-08
n39	4.860397434394044e-08	2.1695688036225317e-08	1.7734072060171637e-08	1.7827636575952654e-08	0.9999998729981464	2.1140482657482975e-08
n42	5.055142935926908e-11	3.0751539811208666e-11	2.314769689641627e-11	3.430205475056703e-11	0.9999999998442668	1.6980448220621602e-11
JX475906	0.0	0.0	0.0	0.0	1.0	0.0
n58	4.616908200877891e-05	0.9999513658369008	5.583896102413476e-07	1.0210401014072036e-06	6.823096968934145e-07	2.033416818264304e-07
n209	0.0537157665182581	0.9459020762913934	8.553368785739433e-05	0.00017400424083394107	0.00010912982101321723	1.3489440643739427e-05
n233	0.00011200970689819878	0.00018999976958241407	0.9984336633032188	0.0010772706635681628	0.00016719872550499042	1.985783122742921e-05
n336	0.0010876253708869668	0.002139735039528171	0.005883274309987939	0.9888694463070566	0.00188911254528299	0.00013080642725728814
n343	0.9999994452236886	1.2454162421886793e-07	1.0271391177912872e-07	9.818810104255454e-08	1.0201376343515004e-07	1.2731891095672667e-07
EU056812	1.0	0.0	0.0	0.0	0.0	0.0
HM582107	1.0	0.0	0.0	0.0	0.0	0.0
HM582115	1.0	0.0	0.0	0.0	0.0	0.0
JQ922553	1.0	0.0	0.0	0.0	0.0	0.0
JQ922550	1.0	0.0	0.0	0.0	0.0	0.0
EF105388	0.0	0.0	0.0	0.0	0.0	1.0
EF105387	0.0	0.0	0.0	0.0	0.0	1.0
JF260983	0.0	0.0	0.0	0.0	0.0	1.0
EF105389	0.0	0.0	0.0	0.0	0.0	1.0
EF105380	0.0	0.0	0.0	0.0	0.0	1.0
EF105383	0.0	0.0	0.0	0.0	0.0	1.0
n17	8.131142369145484e-09	3.5240045823206717e-09	2.9061634670749878e-09	2.7792580889861352e-09	0.9999999790582041	3.6012273842917636e-09
GQ398263	0.0	0.0	0.0	0.0	1.0	0.0
n40	3.546278079755314e-08	1.5371250763304147e-08	1.267585178380205e-08	1.212483539991553e-08	0.9999999086601732	1.570510801706563e-08
GQ398259	0.0	0.0	0.0	0.0	1.0	0.0
FJ882602	0.0	0.0	0.0	0.0	1.0	0.0
n44	1.9526573858628474e-09	8.460779459067355e-10	6.977895538462439e-10	6.670491319302969e-10	0.9999999949714875	8.649384620296215e-10
JQ922551	0.0	0.0	0.0	0.0	1.0	0.0
n59	5.0763557304387654e-08	0.9999999447268187	1.0443180613201945e-09	1.5208907251144176e-09	1.1741873612196458e-09	7.702275243715246e-10
JN819418	0.0	1.0	0.0	0.0	0.0	0.0
n210	0.050466396614538875	0.9494919849983003	9.381408938952109e-06	1.7938189175810657e-05	1.166884943584225e-05	2.6299396103035325e-06
DQ181801	1.0	0.0	0.0	0.0	0.0	0.0
n234	2.0400751177730687e-07	2.9705077792093016e-07	0.9999975899170297	1.602169580651154e-06	2.60379499052675e-07	4.647560071914019e-08
n335	6.282570136239223e-08	6.745007870757693e-08	0.9999994749000092	3.169185764537601e-07	5.853860430579354e-08	1.936703002141161e-08
n337	1.5457221450397383e-07	2.61916654970772e-07	6.972170225755447e-07	0.9999986283520876	2.3047930933225277e-07	2.7462711083994563e-08
KJ734727	0.0	0.0	0.0	1.0	0.0	0.0
n344	0.9999998013892358	4.4586100919531376e-08	3.677174963031147e-08	3.5151475975705746e-08	3.652104369604759e-08	4.5580393992353246e-08
GQ868600	1.0	0.0	0.0	0.0	0.0	0.0
n18	5.630502530759994e-09	2.439660332500882e-09	2.0120746841917136e-09	1.923418361408084e-09	0.9999999855002802	2.4940639632584657e-09
n21	4.264782797371952e-13	1.847904300466014e-13	1.5240320543546665e-13	1.4568819941312258e-13	0.9999999999989018	1.8891095202072867e-13
GU131843	0.0	0.0	0.0	0.0	1.0	0.0
GQ398262	0.0	0.0	0.0	0.0	1.0	0.0
n45	1.83250077988145e-10	7.940103291975105e-11	6.548486729153587e-11	6.25994076357761e-11	0.9999999995280929	8.117171665965972e-11
n55	3.373899543370755e-08	1.4618881107127984e-08	1.2056713273463372e-08	1.1525458445172106e-08	0.9999999131150622	1.494488950884642e-08
n60	5.415465755042606e-15	0.9999999999999883	1.441005067014412e-15	1.3926173160336705e-15	1.4351405934071725e-15	1.7710412530864645e-15
M20558	0.0	1.0	0.0	0.0	0.0	0.0
n211	6.833903241268301e-07	0.9999993155007403	2.5724129143451677e-10	3.6731093350746123e-10	2.8731195239782833e-10	1.9707135607690092e-10
AF119661	1.0	0.0	0.0	0.0	0.0	0.0
n235	2.966484945348802e-11	1.4479819733888379e-11	0.9999999999089858	2.2077674950826932e-11	1.1993579652152696e-11	1.2798142762140558e-11
AJ487271	0.0	0.0	1.0	0.0	0.0	0.0
M84727	0.0	0.0	1.0	0.0	0.0	0.0
M84728	0.0	0.0	1.0	0.0	0.0	0.0
n338	0.0	0.0	0.0	1.0	0.0	0.0
KF704355	0.0	0.0	0.0	1.0	0.0	0.0
n345	0.9999999961523401	8.637606080724218e-10	7.123742195759077e-10	6.809848701612759e-10	7.075173204602025e-10	8.830229181003466e-10
n348	0.9999996446777185	7.976624624028492e-08	6.57860718392904e-08	6.288733976573613e-08	6.533754870146433e-08	8.15450749497178e-08
AB189123	0.0	0.0	0.0	0.0	1.0	0.0
n19	3.915439657102696e-09	1.6965338093605662e-09	1.3991920167996284e-09	1.3375394183107252e-09	0.9999999899169278	1.7343673851426884e-09
n38	1.6218348363068135e-08	7.0273018228567424e-09	5.79566676816113e-09	5.540292268923103e-09	0.9999999582343764	7.1840143024512865e-09
n23	1.6511592852628127e-17	7.154362698176965e-18	5.900458409510762e-18	5.640466475831576e-18	1.0	7.313908700942225e-18
AY037116	0.0	0.0	0.0	0.0	1.0	0.0
n46	1.6119994379684278e-10	6.984685711922809e-11	5.76051973660354e-11	5.5066939376602583e-11	0.9999999995848765	7.140447810599319e-11
JQ955623	0.0	0.0	0.0	0.0	1.0	0.0
AF276619	0.0	0.0	0.0	0.0	1.0	0.0
KF041236	0.0	0.0	0.0	0.0	1.0	0.0
n61	6.395010925054646e-12	0.9999999999840328	2.2852652203511328e-12	2.184569800689089e-12	2.269684562558805e-12	2.832698517089108e-12
n113	1.655603130562e-09	0.9999999958662389	5.916338569855662e-10	5.655646909224967e-10	5.876001540166279e-10	7.333592940870479e-10
n115	1.1699934733517772e-09	0.9999999970787242	4.1810005180076806e-10	3.9967730673740147e-10	4.1524948567785737e-10	5.182555989027794e-10
n229	3.459636609315359e-09	0.999999994623185	4.576819591106866e-10	4.3790260276739437e-10	4.5466310158784305e-10	5.66930598710564e-10
n213	1.8548440036083554e-08	0.9999999548831742	6.342910666460235e-09	6.06356499629417e-09	6.29970254269918e-09	7.862207563858543e-09
n221	1.8903677928037848e-09	0.9999999953749025	6.528869440111344e-10	6.241300499074014e-10	6.4843857687344e-10	8.092742081318529e-10
DQ181804	0.0	0.0	1.0	0.0	0.0	0.0
n237	5.38351673064465e-19	2.3326444750158577e-19	1.0	1.839063812974897e-19	1.9106990333857577e-19	2.384660331494254e-19
DQ181805	0.0	0.0	1.0	0.0	0.0	0.0
AF204177	0.0	0.0	0.0	1.0	0.0	0.0
M29095	0.0	0.0	0.0	1.0	0.0	0.0
AF204178	0.0	0.0	0.0	1.0	0.0	0.0
n346	0.9999999967855532	7.216106802273635e-10	5.951380977159233e-10	5.689145241908882e-10	5.910805031661682e-10	7.377029730867886e-10
AF100465	1.0	0.0	0.0	0.0	0.0	0.0
n349	0.99999996724358	7.35348386134042e-09	6.0646807437193334e-09	5.797452680075554e-09	6.023332331049172e-09	7.517470369767132e-09
GQ868592	1.0	0.0	0.0	0.0	0.0	0.0
n20	1.0147258613566491e-08	4.3967392583012314e-09	3.62614788006681e-09	3.46636890453445e-09	0.9999999738686964	4.494788826720002e-09
JN851131	0.0	0.0	0.0	0.0	1.0	0.0
FJ196854	0.0	0.0	0.0	0.0	1.0	0.0
FJ196853	0.0	0.0	0.0	0.0	1.0	0.0
n24	2.1864024253362177e-10	9.473535408850168e-11	7.81316296497923e-11	7.468891518831047e-11	0.9999999994369557	9.684800167629874e-11
EU081180	0.0	0.0	0.0	0.0	1.0	0.0
n31	8.994341191373384e-09	3.897187853816633e-09	3.214149997113142e-09	3.0725248866933105e-09	0.9999999768376988	3.9840971665835045e-09
n33	1.5466478382688354e-10	6.701521591391488e-11	5.526984177201039e-11	5.283448640562174e-11	0.999999999601706	6.850969002665183e-11
n37	3.928603803295779e-09	1.702237740252359e-09	1.4038962536947876e-09	1.3420363647269134e-09	0.9999999898830273	1.740198525752161e-09
n47	7.967374217115544e-10	3.452209935680221e-10	2.8471608172374073e-10	2.7217063532313184e-10	0.9999999979482354	3.529196009816034e-10
JQ922549	0.0	0.0	0.0	0.0	1.0	0.0
n62	2.2391646007229867e-10	0.9999999994409183	8.001709899143823e-11	7.649130508322785e-11	7.94715500714679e-11	9.918513375421573e-11
n96	3.5624222423236693e-09	0.9999999911052339	1.2730403701065654e-09	1.216946384717274e-09	1.2643609027462688e-09	1.5779962154956116e-09
n114	1.565604539091477e-08	0.9999999609095013	5.594726414858214e-09	5.348205951600285e-09	5.556582105807917e-09	6.934938841454951e-09
EU482572	0.0	1.0	0.0	0.0	0.0	0.0
n116	1.2607185578891464e-13	0.9999999999996849	4.5052088451784425e-14	4.306695801065658e-14	4.474492762606211e-14	5.5844281726313504e-14
n203	4.048456423614078e-09	0.9999999898916887	1.4467258830197677e-09	1.3829787918404761e-09	1.436862244460622e-09	1.7932879599704524e-09
n230	8.956933956585296e-09	0.9999999778437673	3.151190620508718e-09	3.012364368994707e-09	3.1297125739529754e-09	3.906031161269119e-09
FJ639701	0.0	1.0	0.0	0.0	0.0	0.0
n214	8.748796702664179e-10	0.9999999978157961	3.1258725437783934e-10	2.9881374678244467e-10	3.1045607133887076e-10	3.874672651571959e-10
n220	5.518799264378936e-09	0.9999999862211302	1.9720039696159524e-09	1.885111622904069e-09	1.958559055254026e-09	2.444395933638513e-09
n222	1.104687067751519e-09	0.999999997242044	3.947004089884212e-10	3.7730875349491406e-10	3.9200938750814585e-10	4.892505585126213e-10
n226	6.497598510144085e-10	0.9999999983777224	2.3217828374408868e-10	2.219478181131543e-10	2.3059531639144484e-10	2.877964062558041e-10
n334	1.574356051891444e-08	6.821579426960987e-09	0.9999999594954116	5.3781016830806554e-09	5.587642631167767e-09	6.973704190308282e-09
DQ181803	0.0	0.0	1.0	0.0	0.0	0.0
n250	4.414023639405277e-15	1.9125669071180797e-15	0.9999999999999886	1.5078589075020877e-15	1.5666079241027916e-15	1.955218142253052e-15
n241	6.989871967569196e-14	3.0286647517742785e-14	0.9999999999998201	2.3877852883493896e-14	2.4808178903032047e-14	3.096205548382318e-14
DQ181802	0.0	0.0	1.0	0.0	0.0	0.0
n347	0.9999996858155478	7.053122104759107e-08	5.816961676725151e-08	5.560648859801873e-08	5.777302188936242e-08	7.21041039005052e-08
FJ898449	1.0	0.0	0.0	0.0	0.0	0.0
AF100467	1.0	0.0	0.0	0.0	0.0	0.0
AF100468	1.0	0.0	0.0	0.0	0.0	0.0
FJ196852	0.0	0.0	0.0	0.0	1.0	0.0
DQ645550	0.0	0.0	0.0	0.0	1.0	0.0
n25	3.6694049512665854e-11	1.5899286120618213e-11	1.3112709049588061e-11	1.2534923672826238e-11	0.9999999999055053	1.625384845686114e-11
AY858036	0.0	0.0	0.0	0.0	1.0	0.0
GU370051	0.0	0.0	0.0	0.0	1.0	0.0
JN851121	0.0	0.0	0.0	0.0	1.0	0.0
n34	9.599893655010944e-09	4.159569684339196e-09	3.4305456627700418e-09	3.2793855088486447e-09	0.9999999752782752	4.252330248169292e-09
n35	6.291210990668752e-11	2.7259396254778064e-11	2.2481797562772375e-11	2.14911819831872e-11	0.9999999998379882	2.7867294945784814e-11
JN851129	0.0	0.0	0.0	0.0	1.0	0.0
JN851128	0.0	0.0	0.0	0.0	1.0	0.0
n48	4.725504407050607e-10	2.0475294395077982e-10	1.688670648923947e-10	1.6142627440870972e-10	0.9999999987830841	2.0931904091947613e-10
n51	1.4799284352667558e-10	6.41243088262119e-11	5.288560745841549e-11	5.0555308622752834e-11	0.9999999996188876	6.555431420978072e-11
n63	1.8554272307824007e-17	1.0	6.6304149482150296e-18	6.3382589349568865e-18	6.5852094139020316e-18	8.218725769544889e-18
n76	8.509572144086491e-10	0.9999999978753037	3.040916583037993e-10	2.9069246575718327e-10	3.020183904915865e-10	3.769365820879572e-10
n97	7.316813352147346e-10	0.9999999981731155	2.614681288412362e-10	2.499470571265791e-10	2.596854641720711e-10	3.241026187962282e-10
GQ868603	0.0	1.0	0.0	0.0	0.0	0.0
GQ398284	0.0	1.0	0.0	0.0	0.0	0.0
EU529701	0.0	1.0	0.0	0.0	0.0	0.0
n117	1.0128758510957134e-10	0.9999999997471021	3.619536822772183e-11	3.460049150244711e-11	3.594859167253346e-11	4.486594095765124e-11
n179	4.2417672272284145e-15	0.9999999999999893	1.5158059752310824e-15	1.4490150075382374e-15	1.5054713552170509e-15	1.878916135349211e-15
n202	6.119187344345388e-09	0.9999999847214237	2.186706682199957e-09	2.0903538126697516e-09	2.171797925398655e-09	2.7105305927000864e-09
n204	5.551240435102082e-10	0.999999998613949	1.9837494541090733e-10	1.8963394901261176e-10	1.9702244402575259e-10	2.4589551161041607e-10
EU482545	0.0	1.0	0.0	0.0	0.0	0.0
n231	9.166838163816104e-09	0.9999999771120056	3.2757800674820433e-09	3.131439356950842e-09	3.2534461141938264e-09	4.0604906670301406e-09
JX649148	0.0	1.0	0.0	0.0	0.0	0.0
n215	6.57699490464725e-10	0.9999999983578359	2.35030478954387e-10	2.2467432959128922e-10	2.334280636581904e-10	2.913318501050827e-10
n218	7.007834117667752e-10	0.9999999982502628	2.5042661705058017e-10	2.3939206756675026e-10	2.487192323598526e-10	3.1041612128365505e-10
FM210204	0.0	1.0	0.0	0.0	0.0	0.0
FM210227	0.0	1.0	0.0	0.0	0.0	0.0
n223	1.2533522724926385e-09	0.999999996870592	4.47888346105402e-10	4.281530393384741e-10	4.448346862662688e-10	5.55179656201837e-10
FM210243	0.0	1.0	0.0	0.0	0.0	0.0
n227	2.9000826896197144e-12	0.9999999999927589	1.0363510509699284e-12	9.906863087756377e-13	1.029285308810358e-12	1.2846081509652425e-12
FM210213	0.0	1.0	0.0	0.0	0.0	0.0
EU726767	0.0	0.0	1.0	0.0	0.0	0.0
AF100462	0.0	0.0	1.0	0.0	0.0	0.0
GQ868542	0.0	0.0	1.0	0.0	0.0	0.0
DQ181799	0.0	0.0	1.0	0.0	0.0	0.0
n253	6.625133147301899e-10	2.8706258615524523e-10	0.9999999982955043	2.2631881579348494e-10	2.3513662215451197e-10	2.934642308846365e-10
n254	2.7410344924353524e-09	1.1876719043143576e-09	0.9999999929479438	9.363550385847009e-10	9.728371904838432e-10	1.2141576044828515e-09
AF022434	0.0	0.0	1.0	0.0	0.0	0.0
n243	5.167910222987799e-10	2.2392209192552932e-10	0.9999999986704147	1.7653914205029424e-10	1.8341743877645692e-10	2.2891567084770244e-10
n246	5.498054692876727e-10	2.3822703089415434e-10	0.9999999985854761	1.878170897993835e-10	1.9513479656333994e-10	2.4353961738321127e-10
JX966379	1.0	0.0	0.0	0.0	0.0	0.0
AF100469	1.0	0.0	0.0	0.0	0.0	0.0
n26	7.810865683001084e-09	3.384395835103617e-09	2.791232106754851e-09	2.668242029850666e-09	0.9999999798853948	3.459869619584358e-09
n27	1.2650029676771812e-09	5.48117321299964e-10	4.5205192891808526e-10	4.3213316208827836e-10	0.9999999967423541	5.603406221765554e-10
AY858035	0.0	0.0	0.0	0.0	1.0	0.0
JN851130	0.0	0.0	0.0	0.0	1.0	0.0
n36	1.1594153835919996e-09	5.023669276407503e-10	4.1431994545629825e-10	3.960637632379545e-10	0.9999999970142641	5.135699709827089e-10
JX470186	0.0	0.0	0.0	0.0	1.0	0.0
n49	2.222089983355513e-08	9.628167209763579e-09	7.940693333312055e-09	7.590802515786294e-09	0.9999999427765568	9.842880337996696e-09
n50	4.6492763543915396e-08	2.0145003343602204e-08	1.6614303663928478e-08	1.5882227502870073e-08	0.9999998802714545	2.0594247378519382e-08
n52	2.3272937161543145e-11	1.0084007944416713e-11	8.316641465895545e-12	7.950185243570043e-12	0.9999999999400674	1.0308886557729298e-11
n54	2.518818072839317e-09	1.0913870166342125e-09	9.0010584758669e-10	8.604444782764533e-10	0.999999993513519	1.1157255138112153e-09
n64	6.413424326802012e-10	0.9999999983986764	2.291852993218333e-10	2.190867061160993e-10	2.2762273589353432e-10	2.840864621971053e-10
n74	2.5835221126560557e-09	0.9999999935493822	9.232279957201906e-10	8.825477950593659e-10	9.169335156363328e-10	1.1443865548163776e-09
n67	3.6243391414202446e-10	0.9999999990950638	1.2951665267163572e-10	1.2380975963543566e-10	1.2863362053380118e-10	1.6054226759731389e-10
EU569708	0.0	1.0	0.0	0.0	0.0	0.0
n77	5.126772568378991e-10	0.9999999987199316	1.8320648155597638e-10	1.7513385327064485e-10	1.819573973051375e-10	2.2709345385949177e-10
FJ898450	0.0	1.0	0.0	0.0	0.0	0.0
n98	2.781418459825936e-11	0.9999999999305528	9.939467432249914e-12	9.501504619726836e-12	9.871701094913444e-12	1.23204592410881e-11
EU482576	0.0	1.0	0.0	0.0	0.0	0.0
n118	1.8159460481226825e-13	0.9999999999995466	6.489327968711298e-14	6.203388671869304e-14	6.44508435191672e-14	8.043841512186803e-14
EU920828	0.0	1.0	0.0	0.0	0.0	0.0
n201	5.7307752300455834e-09	0.999999985691223	2.0479066556618486e-09	1.9576697325256795e-09	2.0339442241526017e-09	2.538481126138515e-09
EU920833	0.0	1.0	0.0	0.0	0.0	0.0
n182	3.6443947262012763e-09	0.9999999909005625	1.302333439377829e-09	1.2449487133006438e-09	1.2934542546751268e-09	1.6143064170721445e-09
n183	1.2568488888579341e-09	0.9999999968618606	4.491380487510219e-10	4.2934767624032926e-10	4.460758685356565e-10	5.567287242477755e-10
EU482546	0.0	1.0	0.0	0.0	0.0	0.0
EU677142	0.0	1.0	0.0	0.0	0.0	0.0
n205	2.42017730979977e-12	0.9999999999939572	8.648563277504975e-13	8.267481582422398e-13	8.589598201102835e-13	1.072031998502676e-12
n208	3.1719243718038627e-09	0.999999992080241	1.133494993524897e-09	1.0835497968904916e-09	1.125766933181223e-09	1.4050228508611083e-09
FJ639697	0.0	1.0	0.0	0.0	0.0	0.0
FJ639702	0.0	1.0	0.0	0.0	0.0	0.0
n216	1.4024932962476256e-10	0.9999999996498211	5.0118443661617023e-11	4.791007438078141e-11	4.977674091113437e-11	6.212427844535669e-11
FM210218	0.0	1.0	0.0	0.0	0.0	0.0
n219	8.60188361637516e-10	0.999999997852255	3.073904313201594e-10	2.9384588491862393e-10	3.052946727893759e-10	3.810255736531186e-10
EU482449	0.0	1.0	0.0	0.0	0.0	0.0
n224	7.345769604035096e-10	0.9999999981658857	2.6250288748838035e-10	2.509362211973815e-10	2.607131679338478e-10	3.2538525308449874e-10
FM210237	0.0	1.0	0.0	0.0	0.0	0.0
FM210222	0.0	1.0	0.0	0.0	0.0	0.0
FM210217	0.0	1.0	0.0	0.0	0.0	0.0
FM210234	0.0	1.0	0.0	0.0	0.0	0.0
AF169680	0.0	0.0	1.0	0.0	0.0	0.0
AF169679	0.0	0.0	1.0	0.0	0.0	0.0
n255	3.277203272550691e-09	1.4199902490381824e-09	0.999999991568504	1.1195137475240958e-09	1.1631321069148721e-09	1.4516567689260307e-09
AF100461	0.0	0.0	1.0	0.0	0.0	0.0
n244	6.681104237954627e-10	2.894877760609371e-10	0.9999999982811042	2.282308243031333e-10	2.3712312610873756e-10	2.9594350378451265e-10
EU687246	0.0	0.0	1.0	0.0	0.0	0.0
n247	3.1925495993306094e-09	1.383310378880412e-09	0.9999999917862985	1.0905955074679848e-09	1.1330871578830962e-09	1.414158918617607e-09
n249	7.253194140228816e-09	3.1427604872033445e-09	0.9999999813391868	2.4777378386807942e-09	2.5742751610341125e-09	3.2128456779560122e-09
JN851126	0.0	0.0	0.0	0.0	1.0	0.0
JN851127	0.0	0.0	0.0	0.0	1.0	0.0
n28	1.282803716600442e-08	5.55830266697133e-09	4.584130704272806e-09	4.382140125813589e-09	0.9999999669651336	5.682255702610518e-09
HM488257	0.0	0.0	0.0	0.0	1.0	0.0
EU482640	0.0	0.0	0.0	0.0	1.0	0.0
EU179859	0.0	0.0	0.0	0.0	1.0	0.0
FJ898454	0.0	0.0	0.0	0.0	1.0	0.0
DQ448231	0.0	0.0	0.0	0.0	1.0	0.0
JQ955624	0.0	0.0	0.0	0.0	1.0	0.0
KF479233	0.0	0.0	0.0	0.0	1.0	0.0
n53	5.688204622332987e-10	2.464661001012662e-10	2.032693944052934e-10	1.9431273387187757e-10	0.9999999985351689	2.519624221118038e-10
KJ830750	0.0	0.0	0.0	0.0	1.0	0.0
KJ010186	0.0	0.0	0.0	0.0	1.0	0.0
KJ010185	0.0	0.0	0.0	0.0	1.0	0.0
AF100466	0.0	1.0	0.0	0.0	0.0	0.0
GQ868595	0.0	1.0	0.0	0.0	0.0	0.0
n75	8.1820429599456e-09	0.9999999795708219	2.9238732216776344e-09	2.7950385785385123e-09	2.9039385339873882e-09	3.6242848119714518e-09
GQ868552	0.0	1.0	0.0	0.0	0.0	0.0
n68	1.3750775529025701e-12	0.9999999999965665	4.913873532984441e-13	4.697353494304517e-13	4.880371213696738e-13	6.090988173326325e-13
n73	8.997614207480783e-09	0.9999999775344783	3.2153196174875873e-09	3.0736429700782475e-09	3.1933978761741385e-09	3.98554696862261e-09
n78	9.42641182171372e-10	0.9999999976463843	3.368551501983006e-10	3.22012299713671e-10	3.345585040351672e-10	4.175485433659019e-10
n95	6.846225581025301e-09	0.9999999829061319	2.4465155883338667e-09	2.3387147574290157e-09	2.4298354792849624e-09	3.0325765232605674e-09
n99	1.2479404471713698e-11	0.9999999999688409	4.4595459515370724e-12	4.263044951777877e-12	4.429141194201806e-12	5.527826767800458e-12
EU482575	0.0	1.0	0.0	0.0	0.0	0.0
n137	8.376539529873783e-15	0.9999999999999791	2.993377050404164e-15	2.8614798596469064e-15	2.972968492264041e-15	3.71043822962302e-15
n120	2.5419723428871023e-10	0.9999999993653124	9.083800830669522e-11	8.68354126069587e-11	9.021868346300077e-11	1.1259818360619394e-10
n124	2.5721775520752226e-09	0.9999999935777073	9.191739890306168e-10	8.786724200906422e-10	9.129071487762336e-10	1.1393614139300637e-09
EU677145	0.0	1.0	0.0	0.0	0.0	0.0
FJ898460	0.0	1.0	0.0	0.0	0.0	0.0
AF208496	0.0	1.0	0.0	0.0	0.0	0.0
AY702039	0.0	1.0	0.0	0.0	0.0	0.0
n184	9.950347725014715e-11	0.9999999997515568	3.555781288606792e-11	3.399102876560056e-11	3.531538312215864e-11	4.4075659722330875e-11
EU482726	0.0	1.0	0.0	0.0	0.0	0.0
JN819419	0.0	1.0	0.0	0.0	0.0	0.0
n207	3.609981135470255e-09	0.9999999909864872	1.2900356578955286e-09	1.2331928090368655e-09	1.281240318289568e-09	1.599062711457004e-09
FJ850085	0.0	1.0	0.0	0.0	0.0	0.0
EU920835	0.0	1.0	0.0	0.0	0.0	0.0
EU920834	0.0	1.0	0.0	0.0	0.0	0.0
n217	3.2602121057552564e-10	0.9999999991859803	1.1650448328938145e-10	1.1137094554998419e-10	1.1571016687659434e-10	1.444130430080736e-10
FM210220	0.0	1.0	0.0	0.0	0.0	0.0
FM210241	0.0	1.0	0.0	0.0	0.0	0.0
FM210221	0.0	1.0	0.0	0.0	0.0	0.0
n225	1.003256972917754e-09	0.9999999974950368	3.5851635244764666e-10	3.4271904427960336e-10	3.5607202228144705e-10	4.443986700195812e-10
FM210235	0.0	1.0	0.0	0.0	0.0	0.0
n256	4.865025664479967e-11	2.1079830667644984e-11	0.9999999998748339	1.6619241043305246e-11	1.7266757905185713e-11	2.1549921837300274e-11
FJ906957	0.0	0.0	1.0	0.0	0.0	0.0
n245	4.26498822099137e-09	1.8479908575694783e-09	0.9999999890271585	1.4569474485822644e-09	1.5137128590707751e-09	1.889202013268205e-09
DQ181798	0.0	0.0	1.0	0.0	0.0	0.0
n248	7.1245866523611365e-09	3.087035723269716e-09	0.9999999816700643	2.4338046924190595e-09	2.5286302968349694e-09	3.155878222851409e-09
AF100460	0.0	0.0	1.0	0.0	0.0	0.0
FJ687434	0.0	0.0	1.0	0.0	0.0	0.0
FJ639828	0.0	0.0	1.0	0.0	0.0	0.0
KC131142	0.0	0.0	0.0	0.0	1.0	0.0
EU179858	0.0	0.0	0.0	0.0	1.0	0.0
KF041233	0.0	0.0	0.0	0.0	1.0	0.0
KF360005	0.0	0.0	0.0	0.0	1.0	0.0
EU687220	0.0	1.0	0.0	0.0	0.0	0.0
FJ898465	0.0	1.0	0.0	0.0	0.0	0.0
JX669483	0.0	1.0	0.0	0.0	0.0	0.0
n70	9.593486557078906e-09	0.9999999760466858	3.428256070529588e-09	3.2771968029246865e-09	3.4048825488660925e-09	4.249492185861679e-09
n71	1.1759808408797237e-09	0.9999999970637746	4.2023965245435875e-10	4.017226301513872e-10	4.1737449873817657e-10	5.209077392571081e-10
JX669488	0.0	1.0	0.0	0.0	0.0	0.0
AF489932	0.0	1.0	0.0	0.0	0.0	0.0
n79	9.633059008540608e-11	0.999999999759479	3.442397383611349e-11	3.290715007244104e-11	3.418927447829169e-11	4.2670210396586134e-11
GQ398270	0.0	1.0	0.0	0.0	0.0	0.0
GQ398282	0.0	1.0	0.0	0.0	0.0	0.0
GQ398269	0.0	1.0	0.0	0.0	0.0	0.0
n100	5.778276625782579e-11	0.9999999998557262	2.0648813965264012e-11	1.9738965152826612e-11	2.0508032328591227e-11	2.55952215317294e-11
n111	1.5741790293308728e-09	0.9999999960695412	5.625367567145642e-10	5.377496962611097e-10	5.587014349652324e-10	6.972920058300181e-10
n173	3.3011842612760187e-11	0.9999999999175752	1.1796863336724389e-11	1.1277058077426642e-11	1.1716433451940539e-11	1.4622792911541276e-11
n139	2.7435589365035277e-11	0.9999999999314978	9.80417549236428e-12	9.372174049392228e-12	9.737331562520937e-12	1.2152758220649085e-11
n161	4.7995774541039764e-12	0.9999999999880166	1.7151408348894361e-12	1.6395665740911071e-12	1.7034471688868141e-12	2.1260015079296657e-12
n121	1.3664274975303812e-08	0.9999999658826154	4.882962346875317e-09	4.6678043479725825e-09	4.849670777095031e-09	6.052672236265606e-09
n122	3.0219463181146226e-09	0.9999999924547108	1.0798999663210537e-09	1.032316327688769e-09	1.0725373117416035e-09	1.3385891759493643e-09
n125	1.6559076490437034e-14	0.9999999999999586	5.917426804420302e-15	5.656687191978441e-15	5.877082355009351e-15	7.334941862119424e-15
n135	1.7072314119530931e-09	0.9999999957373316	6.10083353638336e-10	5.832012472021287e-10	6.059238637433465e-10	7.562283536217601e-10
n185	1.6310763685405636e-10	0.999999999592748	5.828691611414691e-11	5.571861938309459e-11	5.788952150054037e-11	7.224950221608736e-11
EU920849	0.0	1.0	0.0	0.0	0.0	0.0
FJ850088	0.0	1.0	0.0	0.0	0.0	0.0
EU920840	0.0	1.0	0.0	0.0	0.0	0.0
EU482664	0.0	1.0	0.0	0.0	0.0	0.0
FM210202	0.0	1.0	0.0	0.0	0.0	0.0
FM210208	0.0	1.0	0.0	0.0	0.0	0.0
FM210236	0.0	1.0	0.0	0.0	0.0	0.0
n257	1.898629536364745e-13	8.226634736866543e-14	0.9999999999995115	6.485840793638945e-14	6.738541339133778e-14	8.410092963204016e-14
n327	5.087842453932016e-10	2.2045280906859613e-10	0.9999999986910144	1.73803975484878e-10	1.8057570498173439e-10	2.253690211816239e-10
FJ196851	0.0	0.0	1.0	0.0	0.0	0.0
FJ639831	0.0	0.0	1.0	0.0	0.0	0.0
AF100464	0.0	0.0	1.0	0.0	0.0	0.0
GQ868544	0.0	0.0	1.0	0.0	0.0	0.0
JX669484	0.0	1.0	0.0	0.0	0.0	0.0
KC294201	0.0	1.0	0.0	0.0	0.0	0.0
n72	1.8236163458618952e-09	0.9999999954467385	6.516737966766512e-10	6.229590903017352e-10	6.472307471229459e-10	8.077817554277531e-10
JX669486	0.0	1.0	0.0	0.0	0.0	0.0
n80	9.867036034117402e-10	0.999999997536368	3.526009650489047e-10	3.3706430663095844e-10	3.5019696542764345e-10	4.3706625610120853e-10
n82	1.0950530248122338e-11	0.9999999999726585	3.913198978836541e-12	3.740771668981598e-12	3.886519162853228e-12	4.850602796342154e-12
n101	2.884832449367364e-15	0.9999999999999928	1.030901987318338e-15	9.854773469259738e-16	1.0238733962686021e-15	1.277853768613561e-15
n106	3.587729432973872e-19	1.0	1.2820839571547218e-19	1.2255914841330469e-19	1.2733428314831072e-19	1.5892061868954804e-19
EU482744	0.0	1.0	0.0	0.0	0.0	0.0
EU482590	0.0	1.0	0.0	0.0	0.0	0.0
n174	6.56046733186765e-12	0.9999999999836195	2.3443991735612053e-12	2.2410978988472113e-12	2.328415284451472e-12	2.9059981995597942e-12
FJ898461	0.0	1.0	0.0	0.0	0.0	0.0
n140	6.099760340610414e-15	0.9999999999999846	2.1797643945248385e-15	2.08371742305771e-15	2.1649029695762425e-15	2.701925285330831e-15
n149	3.382985641008892e-16	0.9999999999999989	1.2089182583724312e-16	1.1556496859709178e-16	1.2006759694301414e-16	1.4985137010216282e-16
n162	4.977474998249778e-10	0.9999999987572086	1.7787129608335884e-10	1.7003375210720646e-10	1.7665858661627506e-10	2.2048022879415726e-10
n171	3.2957754683154805e-12	0.9999999999917711	1.1777534881745192e-12	1.1258581292274034e-12	1.169723677651686e-12	1.459883433997921e-12
KJ189370	0.0	1.0	0.0	0.0	0.0	0.0
EU482607	0.0	1.0	0.0	0.0	0.0	0.0
KJ189305	0.0	1.0	0.0	0.0	0.0	0.0
n123	5.180277798363438e-09	0.9999999870657221	1.8511850413929791e-09	1.769616263915171e-09	1.8385638390154527e-09	2.294634999878606e-09
GQ868553	0.0	1.0	0.0	0.0	0.0	0.0
n126	1.0350177067490098e-10	0.9999999997415737	3.698661289778593e-11	3.535687155391295e-11	3.673444171219179e-11	4.584672768226213e-11
n131	3.4463476629825853e-10	0.9999999991395052	1.2315608331214478e-10	1.1772945608142361e-10	1.2231641692723464e-10	1.5265802872054513e-10
n134	4.0139829448044577e-10	0.9999999989977763	1.4344067003850736e-10	1.371202429423406e-10	1.4246270528336772e-10	1.7780177265732624e-10
n136	1.203263325713528e-09	0.9999999969956549	4.2998911566506233e-10	4.1104250270671067e-10	4.270574910421351e-10	5.329926789109396e-10
GQ868555	0.0	1.0	0.0	0.0	0.0	0.0
n186	1.219734443216365e-12	0.9999999999969548	4.3587511010843194e-13	4.166691425419502e-13	4.329033553389219e-13	5.402886588139986e-13
FJ898451	0.0	1.0	0.0	0.0	0.0	0.0
n325	1.1577769023685214e-10	5.0165698469029054e-11	0.9999999997021304	3.955040474979795e-11	4.109136284186483e-11	5.128441959358138e-11
n259	3.134658703934145e-11	1.3582266412741423e-11	0.9999999999193525	1.0708196047049012e-11	1.1125407487855394e-11	1.3885158006379097e-11
FJ810411	0.0	0.0	1.0	0.0	0.0	0.0
n328	1.1617579469478523e-09	5.033819446678986e-10	0.9999999970110619	3.968639979695896e-10	4.1232656511624753e-10	5.146076234166133e-10
GQ868620	0.0	0.0	1.0	0.0	0.0	0.0
KC294222	0.0	1.0	0.0	0.0	0.0	0.0
FJ850072	0.0	1.0	0.0	0.0	0.0	0.0
n81	1.3783342614137529e-09	0.9999999965585322	4.925511461131814e-10	4.708478620354787e-10	4.89192979556423e-10	6.105413958245664e-10
EU569714	0.0	1.0	0.0	0.0	0.0	0.0
n83	4.642329395972879e-11	0.9999999998840886	1.6589478536766634e-11	1.5858496245433857e-11	1.647637306039966e-11	2.0563475411164273e-11
n85	1.9422512680053676e-11	0.9999999999515052	6.9406827855717865e-12	6.634855438752718e-12	6.893361874849107e-12	8.603318029646414e-12
n105	6.078858730641914e-11	0.9999999998482213	2.1722951526770477e-11	2.0765772984578373e-11	2.1574846523042563e-11	2.6926667923205376e-11
n103	2.4710605239924704e-11	0.9999999999383017	8.83039569776877e-12	8.441301919671743e-12	8.770190905334127e-12	1.0945710222264189e-11
GQ398296	0.0	1.0	0.0	0.0	0.0	0.0
EU482587	0.0	1.0	0.0	0.0	0.0	0.0
EU482740	0.0	1.0	0.0	0.0	0.0	0.0
EU482588	0.0	1.0	0.0	0.0	0.0	0.0
n110	1.5314576346183088e-09	0.9999999961762093	5.472701609994988e-10	5.231557926437447e-10	5.435389254381101e-10	6.783683088070423e-10
GQ398285	0.0	1.0	0.0	0.0	0.0	0.0
FJ898438	0.0	1.0	0.0	0.0	0.0	0.0
n176	1.2046114769236967e-09	0.9999999969922888	4.3047088082340754e-10	4.115030398440212e-10	4.2753597157175534e-10	5.335898505438893e-10
FJ898439	0.0	1.0	0.0	0.0	0.0	0.0
n146	3.083271005764001e-10	0.9999999992301594	1.101814494626947e-10	1.0532652360037131e-10	1.0943024288916303e-10	1.365753312722366e-10
n142	5.977031142574417e-10	0.9999999985076362	2.135906813061124e-10	2.0417923384666131e-10	2.12134440490397e-10	2.647561653826474e-10
n145	1.5428057079038173e-09	0.999999996147875	5.513254229627474e-10	5.27032367575012e-10	5.47566539013549e-10	6.833950056668789e-10
FJ744704	0.0	1.0	0.0	0.0	0.0	0.0
n160	6.629280353310433e-10	0.9999999983447807	2.368989676408017e-10	2.264604870220978e-10	2.3528381316041983e-10	2.936479338524945e-10
n152	4.883033404600106e-10	0.9999999987807889	1.744964024530439e-10	1.6680756643497625e-10	1.7330670268761528e-10	2.1629688198018315e-10
FJ850066	0.0	1.0	0.0	0.0	0.0	0.0
n163	3.8754287852113114e-14	0.9999999999999033	1.384894029898051e-14	1.3238714360302352e-14	1.3754519549936323e-14	1.716644333802388e-14
GQ868604	0.0	1.0	0.0	0.0	0.0	0.0
EU482603	0.0	1.0	0.0	0.0	0.0	0.0
EU482634	0.0	1.0	0.0	0.0	0.0	0.0
EU482693	0.0	1.0	0.0	0.0	0.0	0.0
FJ898466	0.0	1.0	0.0	0.0	0.0	0.0
JN819408	0.0	1.0	0.0	0.0	0.0	0.0
n127	2.0735298263862173e-10	0.9999999994822748	7.409809950155585e-11	7.083311450296118e-11	7.359290575339573e-11	9.184824247111178e-11
FJ639733	0.0	1.0	0.0	0.0	0.0	0.0
n132	3.3778643515057906e-11	0.9999999999156605	1.2070881529437649e-11	1.1539002204886284e-11	1.198858341485071e-11	1.4962451952395555e-11
JN819407	0.0	1.0	0.0	0.0	0.0	0.0
FJ024473	0.0	1.0	0.0	0.0	0.0	0.0
FJ639732	0.0	1.0	0.0	0.0	0.0	0.0
GQ868558	0.0	1.0	0.0	0.0	0.0	0.0
GU131947	0.0	1.0	0.0	0.0	0.0	0.0
EU687216	0.0	1.0	0.0	0.0	0.0	0.0
n188	5.948345071312998e-11	0.9999999998514798	2.1256557747804648e-11	2.0319929917466218e-11	2.1111632572208613e-11	2.6348549871789323e-11
FJ898453	0.0	1.0	0.0	0.0	0.0	0.0
n326	2.2072849026300587e-10	9.564017785641938e-11	0.9999999994321161	7.540227406380737e-11	7.83400883570849e-11	9.777300348407358e-11
FJ639704	0.0	0.0	1.0	0.0	0.0	0.0
n260	7.667496071463792e-12	3.322274741762679e-12	0.9999999999802733	2.6192660470553515e-12	2.721317574366373e-12	3.3963631936053487e-12
n321	4.84914482289925e-10	2.1011020043720559e-10	0.9999999987524255	1.6564991065524567e-10	1.7210394246324275e-10	2.147957670073221e-10
n329	5.321695751915133e-11	2.305855159904647e-11	0.9999999998630851	1.8179255477712874e-11	1.8887553433532802e-11	2.3572769272928936e-11
FJ687442	0.0	0.0	1.0	0.0	0.0	0.0
EU482554	0.0	1.0	0.0	0.0	0.0	0.0
EU677144	0.0	1.0	0.0	0.0	0.0	0.0
n84	3.4648115363245606e-10	0.9999999991348951	1.23815894377637e-10	1.1836019388801674e-10	1.2297172946405344e-10	1.5347589702129928e-10
EU482729	0.0	1.0	0.0	0.0	0.0	0.0
n86	1.6372212702600146e-10	0.9999999995912136	5.850650569190027e-11	5.59285331839787e-11	5.8107613937576375e-11	7.252169430896549e-11
EU482565	0.0	1.0	0.0	0.0	0.0	0.0
GQ398314	0.0	1.0	0.0	0.0	0.0	0.0
GQ398308	0.0	1.0	0.0	0.0	0.0	0.0
n104	4.809231666161341e-10	0.9999999987992161	1.7185907913671905e-10	1.642864515116084e-10	1.706873603891606e-10	2.130277898838678e-10
GQ398297	0.0	1.0	0.0	0.0	0.0	0.0
GQ398291	0.0	1.0	0.0	0.0	0.0	0.0
GQ398286	0.0	1.0	0.0	0.0	0.0	0.0
n177	5.077967083999357e-10	0.9999999987321174	1.8146240554039942e-10	1.7346662648690472e-10	1.8022521223285476e-10	2.2493158577050788e-10
GQ868515	0.0	1.0	0.0	0.0	0.0	0.0
n147	1.0797522557057094e-10	0.9999999997304042	3.8585213032478816e-11	3.688503256137271e-11	3.832214274421826e-11	4.782827125454419e-11
FJ873808	0.0	1.0	0.0	0.0	0.0	0.0
n143	5.827157203140161e-10	0.9999999985450573	2.0823489913429562e-10	1.9905944353650296e-10	2.068151735286586e-10	2.5811740969459957e-10
GU369819	0.0	1.0	0.0	0.0	0.0	0.0
GQ199898	0.0	1.0	0.0	0.0	0.0	0.0
FJ850065	0.0	1.0	0.0	0.0	0.0	0.0
FJ744744	0.0	1.0	0.0	0.0	0.0	0.0
FJ850120	0.0	1.0	0.0	0.0	0.0	0.0
n153	1.921633854495355e-14	0.9999999999999518	6.867005950144144e-15	6.564425026162279e-15	6.8201873610315e-15	8.511991964735393e-15
FJ882594	0.0	1.0	0.0	0.0	0.0	0.0
EU482687	0.0	1.0	0.0	0.0	0.0	0.0
n165	1.54899910914735e-11	0.9999999999613239	5.535386501647702e-12	5.291480733336819e-12	5.497646766444053e-12	6.86138409749608e-12
EU596500	0.0	1.0	0.0	0.0	0.0	0.0
n128	1.0404000414355445e-12	0.9999999999974023	3.7178951954634016e-13	3.554073557375636e-13	3.6925469419765067e-13	4.608514141282857e-13
HQ332189	0.0	1.0	0.0	0.0	0.0	0.0
n133	1.1405178175464037e-10	0.9999999997152319	4.0756685364462075e-11	3.8960823295089876e-11	4.0478810185741426e-11	5.05199181201041e-11
FJ850108	0.0	1.0	0.0	0.0	0.0	0.0
n189	6.099478047125964e-16	0.9999999999999987	2.179663516252275e-16	2.08362098978507e-16	2.1648027790820832e-16	2.701800241745357e-16
EU920842	0.0	1.0	0.0	0.0	0.0	0.0
GU131927	0.0	0.0	1.0	0.0	0.0	0.0
FJ639710	0.0	0.0	1.0	0.0	0.0	0.0
n261	9.431253521939032e-24	4.08649904311155e-24	1.0	3.2217769531207733e-24	3.347303437568986e-24	4.177630093700118e-24
n319	4.361243155361921e-10	1.8896974765554925e-10	0.9999999988779518	1.4898287541751856e-10	1.5478752821200576e-10	1.9318387115138976e-10
n322	3.0199661560679606e-15	1.3085311277332413e-15	0.9999999999999922	1.0316398915787073e-15	1.0718345204095368e-15	1.3377120513404987e-15
GU131924	0.0	0.0	1.0	0.0	0.0	0.0
n330	6.408973479552458e-10	2.7769653239195077e-10	0.9999999983511172	2.18934662307107e-10	2.2746476817202332e-10	2.8388930925906844e-10
n332	5.0642590035747536e-11	2.1943095394515964e-11	0.9999999998697083	1.729983496297427e-11	1.7973869042935308e-11	2.243243781583333e-11
EU569719	0.0	1.0	0.0	0.0	0.0	0.0
EU482728	0.0	1.0	0.0	0.0	0.0	0.0
n87	4.837390214989154e-17	1.0	1.7286533182057802e-17	1.652483656774798e-17	1.7168675253856088e-17	2.142750896272619e-17
EU677143	0.0	1.0	0.0	0.0	0.0	0.0
EU482561	0.0	1.0	0.0	0.0	0.0	0.0
GQ398302	0.0	1.0	0.0	0.0	0.0	0.0
GQ868497	0.0	1.0	0.0	0.0	0.0	0.0
GU131959	0.0	1.0	0.0	0.0	0.0	0.0
n148	1.570926161568161e-10	0.9999999996077663	5.61374336400761e-11	5.3663849568050024e-11	5.575469399218373e-11	6.958511286205655e-11
GQ199897	0.0	1.0	0.0	0.0	0.0	0.0
n144	1.712905599049314e-09	0.9999999957231643	6.121110383848773e-10	5.851395860636357e-10	6.07937723929419e-10	7.587417686959403e-10
KJ189308	0.0	1.0	0.0	0.0	0.0	0.0
FJ906956	0.0	1.0	0.0	0.0	0.0	0.0
n155	1.858253489422726e-22	1.0	6.640514653137749e-23	6.347913616521587e-23	6.595240260003546e-23	8.231244851044535e-23
EU482762	0.0	1.0	0.0	0.0	0.0	0.0
n166	1.092417191310159e-09	0.999999997272419	3.9037797628397e-10	3.7317674919551903e-10	3.8771641661692467e-10	4.838927214369266e-10
n167	1.831800600663298e-14	0.9999999999999543	6.545984603053262e-15	6.2575488445956294e-15	6.501354706750115e-15	8.114070199881125e-15
FJ850106	0.0	1.0	0.0	0.0	0.0	0.0
EU482605	0.0	1.0	0.0	0.0	0.0	0.0
GQ868641	0.0	1.0	0.0	0.0	0.0	0.0
HQ332188	0.0	1.0	0.0	0.0	0.0	0.0
HQ332186	0.0	1.0	0.0	0.0	0.0	0.0
n190	8.229434901260195e-13	0.9999999999979453	2.940808848734521e-13	2.8112279709597674e-13	2.920758695560439e-13	3.6452773555155493e-13
n193	1.53613489960783e-20	1.0	5.489415931736513e-21	5.247535764920763e-21	5.451989619477241e-21	6.8044013127804e-21
GQ199892	0.0	1.0	0.0	0.0	0.0	0.0
n262	5.935707914390328e-10	2.5719025213266383e-10	0.9999999984728777	2.0276760575414583e-10	2.1066781271466938e-10	2.629257283020504e-10
n279	6.587903832545517e-11	2.854494648583385e-11	0.9999999998305082	2.2504703842069367e-11	2.3381529394535614e-11	2.918151361451906e-11
n268	5.706731981087407e-10	2.472688781587662e-10	0.9999999985317881	1.9494564038105303e-10	2.0254108887162445e-10	2.52783102536831e-10
n271	3.9678885404179297e-14	1.7192595539789346e-14	0.9999999999998979	1.3554562839746711e-14	1.4082674079681453e-14	1.7575999347634678e-14
EU482468	0.0	0.0	1.0	0.0	0.0	0.0
EU482784	0.0	0.0	1.0	0.0	0.0	0.0
n320	3.3400620552251767e-09	1.4472265389600792e-09	0.9999999914067824	1.1409867125812632e-09	1.1854416990426058e-09	1.4795004422557135e-09
FJ744724	0.0	0.0	1.0	0.0	0.0	0.0
GU131932	0.0	0.0	1.0	0.0	0.0	0.0
n324	2.2691206599293268e-11	9.831947984364433e-12	0.9999999999416206	7.751462336373999e-12	8.053473875526405e-12	1.0051205529684942e-11
FJ639718	0.0	0.0	1.0	0.0	0.0	0.0
n331	8.496409732881324e-10	3.6814374846923604e-10	0.9999999978140677	2.902428293120486e-10	3.01551235365594e-10	3.7635354521987187e-10
GQ868638	0.0	0.0	1.0	0.0	0.0	0.0
n333	3.633940007684247e-10	1.574561889316419e-10	0.9999999990650701	1.2413773141127015e-10	1.2897437070634583e-10	1.6096754370442714e-10
GQ868622	0.0	0.0	1.0	0.0	0.0	0.0
EU677146	0.0	1.0	0.0	0.0	0.0	0.0
n89	1.3268264912232934e-10	0.9999999996687138	4.7414471746138035e-11	4.5325247595872475e-11	4.709120441729162e-11	5.877257212902642e-11
n92	2.09713829095657e-09	0.9999999947638002	7.494175380281165e-10	7.163959485972814e-10	7.443080810039806e-10	9.289399351391573e-10
n93	4.5715874740719846e-10	0.9999999988585517	1.6336680534961216e-10	1.5616837283484005e-10	1.6225298611167366e-10	2.0250119841693173e-10
FJ850061	0.0	1.0	0.0	0.0	0.0	0.0
FJ850121	0.0	1.0	0.0	0.0	0.0	0.0
KJ189309	0.0	1.0	0.0	0.0	0.0	0.0
GQ199894	0.0	1.0	0.0	0.0	0.0	0.0
EU482444	0.0	1.0	0.0	0.0	0.0	0.0
FJ906961	0.0	1.0	0.0	0.0	0.0	0.0
FJ744741	0.0	1.0	0.0	0.0	0.0	0.0
EU482635	0.0	1.0	0.0	0.0	0.0	0.0
FJ410291	0.0	1.0	0.0	0.0	0.0	0.0
EU482639	0.0	1.0	0.0	0.0	0.0	0.0
JF357906	0.0	1.0	0.0	0.0	0.0	0.0
FJ205885	0.0	1.0	0.0	0.0	0.0	0.0
n168	8.690051492746167e-11	0.9999999997830241	3.105411323189778e-11	2.9685775656051084e-11	3.084238926104099e-11	3.849310226625745e-11
FJ850050	0.0	1.0	0.0	0.0	0.0	0.0
JN819424	0.0	1.0	0.0	0.0	0.0	0.0
EU920846	0.0	1.0	0.0	0.0	0.0	0.0
EU920850	0.0	1.0	0.0	0.0	0.0	0.0
GQ199890	0.0	1.0	0.0	0.0	0.0	0.0
JX669476	0.0	1.0	0.0	0.0	0.0	0.0
n200	1.235575451182697e-09	0.9999999969149773	4.415359333556186e-10	4.2208053290076187e-10	4.385255836351833e-10	5.473055279333312e-10
n197	3.719664839022557e-10	0.9999999990712627	1.3292313997464285e-10	1.270661468681706e-10	1.3201688273251765e-10	1.6476477632407005e-10
JX669477	0.0	1.0	0.0	0.0	0.0	0.0
JX567950	0.0	1.0	0.0	0.0	0.0	0.0
n263	7.129012114565338e-11	3.08895324643042e-11	0.9999999998165868	2.4353164588139755e-11	2.530200964489539e-11	3.157838507774277e-11
FJ410221	0.0	0.0	1.0	0.0	0.0	0.0
n280	1.8701687292659206e-12	8.103315964123367e-13	0.9999999999951884	6.388616843328513e-13	6.637529361016266e-13	8.284024117795016e-13
n316	1.9660730731324367e-10	8.518863068788816e-11	0.9999999994941744	6.716232259513175e-11	6.977909289469494e-11	8.708838138668616e-11
n269	1.3024301486988357e-09	5.643342683977776e-10	0.9999999966491444	4.449185282069333e-10	4.6225339015558284e-10	5.769192156153498e-10
FM210214	0.0	0.0	1.0	0.0	0.0	0.0
EU482776	0.0	0.0	1.0	0.0	0.0	0.0
n273	2.057262223959297e-10	8.913979557524139e-11	0.9999999994707133	7.027740272552177e-11	7.30155424008152e-11	9.112765930268184e-11
EU660413	0.0	0.0	1.0	0.0	0.0	0.0
FJ639707	0.0	0.0	1.0	0.0	0.0	0.0
EU687249	0.0	0.0	1.0	0.0	0.0	0.0
GQ868631	0.0	0.0	1.0	0.0	0.0	0.0
KF955402	0.0	0.0	1.0	0.0	0.0	0.0
JF730047	0.0	0.0	1.0	0.0	0.0	0.0
JN368476	0.0	0.0	1.0	0.0	0.0	0.0
FJ639706	0.0	0.0	1.0	0.0	0.0	0.0
GQ868623	0.0	0.0	1.0	0.0	0.0	0.0
n90	4.538101064830548e-10	0.9999999988669128	1.621701602604763e-10	1.5502445552537673e-10	1.6106449963418728e-10	2.0101789791343486e-10
EU482556	0.0	1.0	0.0	0.0	0.0	0.0
EU596490	0.0	1.0	0.0	0.0	0.0	0.0
EU529706	0.0	1.0	0.0	0.0	0.0	0.0
n94	2.143550675189633e-09	0.9999999946479162	7.660031179471651e-10	7.322507180098128e-10	7.607805820270643e-10	9.494985780217158e-10
EU482721	0.0	1.0	0.0	0.0	0.0	0.0
FJ744708	0.0	1.0	0.0	0.0	0.0	0.0
HQ705625	0.0	1.0	0.0	0.0	0.0	0.0
GU131881	0.0	1.0	0.0	0.0	0.0	0.0
HM181971	0.0	1.0	0.0	0.0	0.0	0.0
n198	1.8997665999713925e-12	0.9999999999952566	6.788862777042731e-13	6.489725076161525e-13	6.742576960602772e-13	8.415129654382482e-13
JX669478	0.0	1.0	0.0	0.0	0.0	0.0
n264	3.157745602195221e-11	1.368230039807841e-11	0.9999999999187583	1.0787062378617302e-11	1.1207346599906977e-11	1.398742280153205e-11
EU482661	0.0	0.0	1.0	0.0	0.0	0.0
n281	7.198148940565841e-10	3.1189097705168104e-10	0.9999999981480805	2.458934043910399e-10	2.554738735083422e-10	3.188463077902811e-10
n282	2.46979308513322e-12	1.070144817505169e-12	0.9999999999936459	8.436972266888344e-13	8.765692561142012e-13	1.094009602611517e-12
n317	4.540387538627732e-11	1.967319539104399e-11	0.9999999998831862	1.5510256294308683e-11	1.611456502636707e-11	2.0111917863631387e-11
EU482705	0.0	0.0	1.0	0.0	0.0	0.0
EU482649	0.0	0.0	1.0	0.0	0.0	0.0
EU482669	0.0	0.0	1.0	0.0	0.0	0.0
n274	5.1658439040004473e-11	2.238325597064565e-11	0.9999999998670944	1.764685552626975e-11	1.8334410179496887e-11	2.2882414201365446e-11
FM210211	0.0	0.0	1.0	0.0	0.0	0.0
EU482552	0.0	1.0	0.0	0.0	0.0	0.0
KF955364	0.0	1.0	0.0	0.0	0.0	0.0
EU482551	0.0	1.0	0.0	0.0	0.0	0.0
EU596489	0.0	1.0	0.0	0.0	0.0	0.0
JX286520	0.0	1.0	0.0	0.0	0.0	0.0
JX286525	0.0	1.0	0.0	0.0	0.0	0.0
KC294211	0.0	1.0	0.0	0.0	0.0	0.0
n265	5.159080862663737e-10	2.235395216507336e-10	0.9999999986726862	1.7623752541432227e-10	1.8310407058955034e-10	2.2852456905712799e-10
EU482451	0.0	0.0	1.0	0.0	0.0	0.0
FJ024461	0.0	0.0	1.0	0.0	0.0	0.0
EU482676	0.0	0.0	1.0	0.0	0.0	0.0
n283	2.8578176185299264e-12	1.2382732514128006e-12	0.9999999999926475	9.762489066998626e-13	1.014285398669222e-12	1.2658873878964944e-12
n289	7.577525071385057e-14	3.283290909457221e-14	0.9999999999998049	2.588531373893549e-14	2.689385420581672e-14	3.3565100015970036e-14
n318	3.8304611039723925e-10	1.6597131653440014e-10	0.9999999990145098	1.3085101864663443e-10	1.3594922022799132e-10	1.6967256307423306e-10
EU482464	0.0	0.0	1.0	0.0	0.0	0.0
n275	4.332582777828061e-13	1.877279126747072e-13	0.9999999999988852	1.4800381845980307e-13	1.5377032535537646e-13	1.919143426056482e-13
EU482541	0.0	0.0	1.0	0.0	0.0	0.0
FJ410224	0.0	0.0	1.0	0.0	0.0	0.0
FJ410215	0.0	0.0	1.0	0.0	0.0	0.0
n284	8.646196499897388e-15	3.74633908856273e-15	0.9999999999999778	2.953596417562507e-15	3.068674084381225e-15	3.8298843955357555e-15
n288	1.539519122076618e-10	6.670633341138918e-11	0.9999999996039167	5.259096486863837e-11	5.4640007688720926e-11	6.819391928393161e-11
n290	2.6744444656159064e-17	1.15881889127156e-17	1.0	9.136074564933567e-18	9.492033198470248e-18	1.1846611542671836e-17
n296	2.2960379089438454e-14	9.948578623213392e-15	0.9999999999999409	7.843413392842427e-15	8.149007517949024e-15	1.0170437092341051e-14
EU482658	0.0	0.0	1.0	0.0	0.0	0.0
EU482659	0.0	0.0	1.0	0.0	0.0	0.0
n276	2.6660342303000686e-10	1.155174792585148e-10	0.9999999993140901	9.107344659361778e-11	9.462183921788223e-11	1.1809357902878553e-10
n277	1.768555903215848e-10	7.663034388131853e-11	0.999999999544991	6.041500884301374e-11	6.276889111926046e-11	7.833924034041331e-11
EU482474	0.0	0.0	1.0	0.0	0.0	0.0
n286	1.4654224495233974e-12	6.349577417043439e-13	0.9999999999962298	5.005977480594327e-13	5.201019770457763e-13	6.49117629048108e-13
FJ410217	0.0	0.0	1.0	0.0	0.0	0.0
EU482670	0.0	0.0	1.0	0.0	0.0	0.0
EU482656	0.0	0.0	1.0	0.0	0.0	0.0
FM210207	0.0	0.0	1.0	0.0	0.0	0.0
FM210246	0.0	0.0	1.0	0.0	0.0	0.0
n293	9.16196932815544e-13	3.9698200038235185e-13	0.9999999999976428	3.129787737969942e-13	3.251730149729991e-13	4.058349051250008e-13
EU482642	0.0	0.0	1.0	0.0	0.0	0.0
n297	8.617553563365411e-12	3.733928295823722e-12	0.9999999999778291	2.9438118059439393e-12	3.0585082459067802e-12	3.817196835674324e-12
n302	2.0770130378243534e-22	8.9995585124027e-23	1.0	7.095210324934711e-23	7.371653052494419e-23	9.200253340277673e-23
FJ410228	0.0	0.0	1.0	0.0	0.0	0.0
FJ432726	0.0	0.0	1.0	0.0	0.0	0.0
EU482469	0.0	0.0	1.0	0.0	0.0	0.0
FJ410259	0.0	0.0	1.0	0.0	0.0	0.0
n287	2.455981735000725e-10	1.0641604519095217e-10	0.9999999993681319	8.38979180519802e-11	8.71667386000284e-11	1.0878917825556864e-10
EU482699	0.0	0.0	1.0	0.0	0.0	0.0
n294	7.864669139244641e-11	3.4077085126754725e-11	0.9999999997976601	2.6866216370704804e-11	2.791297464742936e-11	3.483702181971245e-11
n295	3.607669729874571e-10	1.5631791537254625e-10	0.9999999990718289	1.2324032179968027e-10	1.280419963298787e-10	1.5980388605391161e-10
n298	4.0535451880791425e-14	1.7563740062507813e-14	0.9999999999998956	1.3847171465603844e-14	1.4386683287471327e-14	1.7955420585927697e-14
n301	6.434588302308557e-10	2.7880640552216387e-10	0.9999999983445272	2.1980968115186512e-10	2.2837387939530629e-10	2.850239331363903e-10
n304	2.590036015500021e-10	1.1222452746439603e-10	0.9999999993336428	8.847729862292072e-11	9.192454044357246e-11	1.1472719269978258e-10
n305	1.7755239881141203e-11	7.693226633736186e-12	0.9999999999543199	6.06530431115277e-12	6.301619965018908e-12	7.864789582400055e-12
n307	7.897864541620943e-13	3.4220918584026235e-13	0.999999999997968	2.697961400345506e-13	2.803079046504809e-13	3.498406283776707e-13
n314	1.1065489423229025e-10	4.7946025238742076e-11	0.9999999997153102	3.780042463690586e-11	3.927320021521653e-11	4.901524649768684e-11
FJ562098	0.0	0.0	1.0	0.0	0.0	0.0
EU482701	0.0	0.0	1.0	0.0	0.0	0.0
FJ205877	0.0	0.0	1.0	0.0	0.0	0.0
FJ410195	0.0	0.0	1.0	0.0	0.0	0.0
FJ024452	0.0	0.0	1.0	0.0	0.0	0.0
FM210206	0.0	0.0	1.0	0.0	0.0	0.0
FJ390385	0.0	0.0	1.0	0.0	0.0	0.0
n300	1.8798013846368658e-10	8.145053615289697e-11	0.9999999995163701	6.421522614548928e-11	6.671717202919865e-11	8.326692540254759e-11
GU131899	0.0	0.0	1.0	0.0	0.0	0.0
EU482679	0.0	0.0	1.0	0.0	0.0	0.0
EU482467	0.0	0.0	1.0	0.0	0.0	0.0
FJ547067	0.0	0.0	1.0	0.0	0.0	0.0
EU482654	0.0	0.0	1.0	0.0	0.0	0.0
EU482645	0.0	0.0	1.0	0.0	0.0	0.0
FJ410223	0.0	0.0	1.0	0.0	0.0	0.0
n308	6.928249733825654e-11	3.001964250229962e-11	0.9999999998217519	2.3667347363720803e-11	2.458947169262718e-11	3.068909611789245e-11
n313	7.914649626234381e-10	3.429364723250525e-10	0.9999999979637413	2.7036952933680995e-10	2.809036342774679e-10	3.5058413372871755e-10
n315	3.9538124415051916e-10	1.7131604745083379e-10	0.9999999989827741	1.3506477979169678e-10	1.4032715742575397e-10	1.751364842653711e-10
FJ461309	0.0	0.0	1.0	0.0	0.0	0.0
FJ410202	0.0	0.0	1.0	0.0	0.0	0.0
FJ205879	0.0	0.0	1.0	0.0	0.0	0.0
n309	2.083370607691925e-11	9.027105437230783e-12	0.9999999999463997	7.1169281931158065e-12	7.394217089632011e-12	9.22841457583325e-12
EU677148	0.0	0.0	1.0	0.0	0.0	0.0
FJ024454	0.0	0.0	1.0	0.0	0.0	0.0
FJ859028	0.0	0.0	1.0	0.0	0.0	0.0
JF730049	0.0	0.0	1.0	0.0	0.0	0.0
FJ410241	0.0	0.0	1.0	0.0	0.0	0.0
n310	4.214190715504099e-15	1.8259806383464127e-15	0.9999999999999892	1.4395946935031845e-15	1.495684008044563e-15	1.8667009547275905e-15
FJ461311	0.0	0.0	1.0	0.0	0.0	0.0
FJ547064	0.0	0.0	1.0	0.0	0.0	0.0
n312	1.6783169635191513e-10	7.272035100641451e-11	0.9999999995682074	5.733238853689458e-11	5.956616613316307e-11	7.434205259412312e-11
FJ390387	0.0	0.0	1.0	0.0	0.0	0.0
FJ410237	0.0	0.0	1.0	0.0	0.0	0.0
EU482652	0.0	0.0	1.0	0.0	0.0	0.0
