node	Africa	Caribbean	Central America	Eastern Asia	Europe	Oceania	South America	South-eastern Asia	Southern Asia	Western Asia
root	0.034768047834698584	0.11619728301281448	0.0544870217551167	0.2615039697762738	0.02560320349458298	0.07684314789252356	0.17110960031755504	0.17587019883066557	0.05765850955461382	0.025959017531155294
n0	0.15895483266789404	0.08646756449402884	0.04102197291702474	0.19693464388782253	0.01928516302049099	0.057761738041136185	0.12888120029635383	0.24815393788607268	0.04298636975178998	0.019552577037386238
n10	0.006449334934086469	0.08971921092980949	0.013886604685083096	0.0634142093306683	0.006019550933060362	0.025012352365201038	0.04023932974051871	0.7093821815018322	0.03977401171008285	0.006103213869657461
n1	0.999683158689893	3.7193069941608516e-05	1.7655398274418666e-05	8.47596297787457e-05	1.2730967547360302e-05	2.4858055018520723e-05	5.547023810217182e-05	5.726671780516605e-05	1.849183891672518e-05	8.415394722248737e-06
n8	0.003974641123604996	0.008522583404882201	0.004045623583964514	0.01942213525974097	0.0019019095604708204	0.005696069390032999	0.012710655128001855	0.9375607487564334	0.004237299181270642	0.0019283346115977575
n11	0.0008077520614649128	0.021911857801249233	0.0016769975738637629	0.011602503868583755	0.0007563601239069204	0.016208407198616503	0.005055476570195373	0.9233004708384267	0.017913301530741672	0.0007668724329509556
n345	0.003471835303988951	0.2451333860574994	0.011617069470209785	0.03349921504946728	0.0032566432243278393	0.010625222471338371	0.02180737937466148	0.5848382273772024	0.08244911580075574	0.0033019058705486314
n2	0.9999666363885213	3.950354663976014e-06	1.8752556956876256e-06	9.002688754113062e-06	1.2487571922267333e-06	2.6402734886070045e-06	5.891736825932265e-06	5.896645119385506e-06	1.9640638225324926e-06	8.938359162970305e-07
n3	0.999951013299901	3.225008298036818e-06	1.531012977613941e-06	7.3500648726816775e-06	2.3169842565658514e-05	2.155579778304942e-06	4.810194157345663e-06	4.411797183789438e-06	1.6034452790172255e-06	7.297549864913728e-07
n9	0.0	0.0	0.0	0.0	0.0	0.0	0.0	1.0	0.0	0.0
FJ467493	0.0	0.0	0.0	0.0	0.0	0.0	0.0	1.0	0.0	0.0
n12	0.0005688169471398	0.02302425996886349	0.0011664627139666853	0.011207448647419873	0.0005331935501641155	0.02233328012702805	0.0035636981121050003	0.9281822991782009	0.008879936584980555	0.0005406041701313727
n291	0.0004549315567139848	0.004198388154336071	0.0009168395915650854	0.004862750374033028	0.0004270700157725042	0.0030004042018707336	0.0028542420368797474	0.9323771902680232	0.05047517812584426	0.0004330056749615368
n346	0.002084536793317773	0.6054864147782054	0.01657586641143995	0.020041438507626533	0.0019571554676194184	0.006059438713879341	0.0131932181720073	0.14002558198112752	0.1925919920587515	0.001984357116025337
n353	1.2615627794740112e-05	0.0002908331716341721	3.0035372394991098e-05	0.0001212248244489592	1.1846389394203623e-05	3.6377802686223717e-05	7.921512642801002e-05	0.9993019034438071	0.00010393720422072408	1.2011037190556328e-05
EF105384	1.0	0.0	0.0	0.0	0.0	0.0	0.0	0.0	0.0	0.0
EF105387	1.0	0.0	0.0	0.0	0.0	0.0	0.0	0.0	0.0	0.0
n4	0.9999963816940467	4.2941658761963054e-07	2.038612021409363e-07	9.78694310228543e-07	1.9821060281738535e-07	2.8702436537968447e-07	6.404992209427721e-07	5.6992677238382e-07	2.1350269723733645e-07	9.717019437229841e-08
n6	0.9924535235218402	0.00021252265770371095	0.00010089304881335574	0.00048436609361085314	0.00585410837022285	0.0001420513604960752	0.00031698979425540515	0.0002817899265816256	0.00010566467629793329	4.809055017800422e-05
EF105379	0.0	0.0	0.0	0.0	0.0	0.0	0.0	1.0	0.0	0.0
EF105379.1	0.0	0.0	0.0	0.0	0.0	0.0	0.0	1.0	0.0	0.0
n13	0.0006568489124337986	0.013367890760426883	0.0013278901409631784	0.016881987948571826	0.0006164600012891783	0.048491706325436264	0.0041200353221826315	0.9085853672879609	0.0053267853925303265	0.0006250279082048315
n129	0.0007081851600075244	0.1516768726664691	0.0014182239094574372	0.01853913011337923	0.0006651661169530379	0.004126188168245865	0.004445430255612402	0.815472939732357	0.0022734529062103334	0.0006744109713080295
n292	1.3218916064159538e-06	5.856159484292225e-06	2.6425097185562533e-06	1.8076868021310423e-05	1.2417779832570796e-06	3.939123418009464e-06	8.298976063930046e-06	0.000126290544855334	0.9998310731119329	1.2590369160548789e-06
n312	3.0704636198527104e-05	0.00022755993083204456	6.169059895716367e-05	0.00035085534015051275	2.8831601050161382e-05	0.00016236034786176715	0.00019268870068840473	0.996719555929907	0.002196520595467562	2.9232318886951188e-05
n347	9.543088989000461e-05	0.9677050899714991	0.020413583517992637	0.0009167314053129668	8.961891827456923e-05	0.0002739628425327972	0.0007835080244474118	0.004141140844590361	0.0054900690929176365	9.086449254258808e-05
JQ922553	0.0	0.0	0.0	0.0	0.0	0.0	0.0	0.0	1.0	0.0
GQ398257	0.0	0.0	0.0	0.0	0.0	0.0	0.0	1.0	0.0	0.0
GQ398257.1	0.0	0.0	0.0	0.0	0.0	0.0	0.0	1.0	0.0	0.0
n5	0.9999999999874936	1.5275018664141441e-12	7.251665894005048e-13	3.4813707467484594e-12	3.427583212779716e-13	1.020991048195545e-12	2.2783572433036563e-12	2.025120617940564e-12	7.59462514580163e-13	3.4564978216632924e-13
EF105378	1.0	0.0	0.0	0.0	0.0	0.0	0.0	0.0	0.0	0.0
n7	5.742034015408647e-08	2.0992617846704695e-09	9.966040280291483e-10	4.784484227781101e-09	0.9999999258630824	1.4031586751279737e-09	3.1311701881918807e-09	2.7831310312200297e-09	1.0437372742495291e-09	4.750301106885335e-10
EF105389	1.0	0.0	0.0	0.0	0.0	0.0	0.0	0.0	0.0	0.0
n14	5.030397374356738e-05	0.0004353659656945716	0.00010084480505074181	0.0007057352523036108	4.724411679633569e-05	0.001125273475572171	0.0003157418715845881	0.9969829609266277	0.00018862887043298674	4.790074219362206e-05
n122	0.0026054949116527623	0.016509282519564614	0.005214531297335653	0.09772213131534997	0.0024473512239800935	0.3616075858690619	0.016356050733991143	0.48753767947370386	0.007518526761280145	0.002481365894079774
n130	9.268984051735375e-06	0.9981701911851828	1.8527801039605348e-05	0.00011081508843522585	8.707283037280665e-06	3.005550094295571e-05	5.824065571322018e-05	0.0015644919361656674	2.0873263650409984e-05	8.828301780937683e-06
n267	0.00011325117341126387	0.009777616293272003	0.00022650011798345265	0.028985694149870657	0.00010638336917090844	0.00045209319995437243	0.0007109764354474356	0.9592331120755744	0.00028651123994234543	0.00010786194537303686
n310	5.716052040880363e-10	2.406644210069621e-09	1.142232963842421e-09	5.495283588029356e-09	5.369796129795654e-10	1.6086685991935357e-09	3.588705688680944e-09	3.4471424555870224e-09	0.9999999806582948	5.444428593710116e-10
n294	2.479627431151248e-07	1.0515810601256162e-06	4.955272067004084e-07	3.9421625532698774e-05	2.3294112955734849e-07	7.035504765367757e-07	1.5567765949936682e-06	4.580782220721181e-06	0.9999514730743571	2.3617867844686508e-07
JQ922551	0.0	0.0	0.0	0.0	0.0	0.0	0.0	0.0	1.0	0.0
n313	6.8407115538592195e-06	3.138643874891092e-05	1.3678505129169158e-05	6.710968202953995e-05	6.4259844843379196e-06	2.1249353148684188e-05	4.294579002969814e-05	0.9997333097591332	7.053847929274866e-05	6.5152964497634895e-06
n315	8.876995961801051e-06	4.411155925109874e-05	1.7761693649491e-05	0.00023015817399349314	8.338366732429762e-06	3.542086209643898e-05	5.572663271215473e-05	0.9994262624559231	0.00016488900161437848	8.454258065392222e-06
n348	9.420283934772253e-05	0.9661192704098633	0.023184435361940987	0.0009047881202101201	8.846936711398847e-05	0.00026978623579848067	0.0008011370417176462	0.003658393597591518	0.004789818062126508	8.969896428941727e-05
n352	4.407426246634689e-08	0.9999937459625742	3.452557902342648e-06	4.230243112575366e-07	4.139923996253215e-08	1.2491172851329854e-07	3.0738402279478845e-07	8.463162501600943e-07	9.723950783746718e-07	4.197462999126739e-08
EF105383	1.0	0.0	0.0	0.0	0.0	0.0	0.0	0.0	0.0	0.0
EF105383.1	1.0	0.0	0.0	0.0	0.0	0.0	0.0	0.0	0.0	0.0
JF260983	0.0	0.0	0.0	0.0	1.0	0.0	0.0	0.0	0.0	0.0
JF260983.1	0.0	0.0	0.0	0.0	1.0	0.0	0.0	0.0	0.0	0.0
n15	1.8662387543334769e-06	1.0818292102945499e-05	3.7335596369905e-06	2.086008292410975e-05	1.753022063295959e-06	1.8284538047231938e-05	1.1715720351361111e-05	0.9999241811380426	5.01002152241444e-06	1.7773865546868828e-06
M84728	0.0	0.0	0.0	0.0	0.0	0.0	0.0	1.0	0.0	0.0
n123	0.0	0.0	0.0	0.0	0.0	1.0	0.0	0.0	0.0	0.0
KJ734727	0.0	0.0	0.0	1.0	0.0	0.0	0.0	0.0	0.0	0.0
n131	1.0829080035497422e-10	0.9999999213265208	2.1645629232809426e-10	1.243294804674887e-09	1.0172889628976101e-10	3.418097105116668e-10	6.158971421605721e-08	1.4728637936837477e-08	2.4040378943140266e-10	1.0314278202102406e-10
M20558	0.0	1.0	0.0	0.0	0.0	0.0	0.0	0.0	0.0	0.0
n268	8.765024310184356e-08	6.608875738646798e-06	1.7527899030461513e-07	1.955831059662278e-05	8.233571050307584e-08	3.361418764136167e-07	5.502619899333922e-07	0.9999723010217066	2.1664308913468633e-07	8.348005875485509e-08
AF119661	0.0	0.0	0.0	1.0	0.0	0.0	0.0	0.0	0.0	0.0
n311	7.322981915925867e-13	3.0824315467836882e-12	1.4633414960962384e-12	7.0256919497805855e-12	6.879385564952084e-13	2.060317315563128e-12	4.597584223617844e-12	4.097581551147697e-12	0.9999999999755552	6.974999156701059e-13
FJ882602	0.0	0.0	0.0	0.0	0.0	0.0	0.0	0.0	1.0	0.0
n295	4.856518271261037e-09	2.0448176535293574e-08	9.70473411482533e-09	7.528560801323675e-08	4.562329442664178e-09	1.3668191048455188e-08	3.049065037206048e-08	2.9553283540779947e-08	0.9999998068047358	4.625772940957813e-09
n309	2.332717180946282e-05	9.819519319826863e-05	4.6614386914766e-05	0.004790166949893266	2.191410628487044e-05	6.563474218053212e-05	0.00014645486649524195	0.00013261381939301442	0.9946528600829004	2.2218680930232433e-05
n314	4.623539584468088e-09	1.9530125973390755e-08	9.239388665314834e-09	4.439451916573588e-08	4.343455327190775e-09	1.3061209202542921e-08	2.9027887857240247e-08	0.9999998602115434	1.1164507589306998e-08	4.403823126060685e-09
GQ398262	0.0	0.0	0.0	0.0	0.0	0.0	0.0	1.0	0.0	0.0
n316	3.554966064181406e-09	1.5036348427180895e-08	7.104086768461391e-09	3.566683714665871e-08	3.339611080377859e-09	1.0114365827804313e-08	2.2319064324624742e-08	0.9999998904619203	9.016773270755275e-09	3.3860268841014013e-09
n318	4.458260573276818e-06	1.8883871753289285e-05	8.90928182475892e-06	0.004099008243433561	4.188181668484968e-06	0.0001415377838200667	2.7990175151739498e-05	0.9956788869314852	1.1890878903152581e-05	4.246391386187736e-06
n349	3.889864523618142e-05	0.009521593123473398	0.9803191286933259	0.0003731785756541357	3.654206218189608e-05	0.00010948608410067856	0.009190785624274073	0.0002474274244078071	0.00012590982291589542	3.704994443002879e-05
EU056812	0.0	1.0	0.0	0.0	0.0	0.0	0.0	0.0	0.0	0.0
GQ868600	0.0	1.0	0.0	0.0	0.0	0.0	0.0	0.0	0.0	0.0
GQ868600.1	0.0	1.0	0.0	0.0	0.0	0.0	0.0	0.0	0.0	0.0
n16	1.6802453440068324e-08	7.296430224700194e-08	3.3579346338495936e-08	1.6342610945473715e-07	1.578450284588795e-08	5.712299989224343e-08	1.0548994907139032e-07	0.9999994828278153	3.599863673616628e-08	1.6003884793977694e-08
n121	2.4831965575749383e-09	1.0506813115203903e-08	4.962216249230069e-09	2.3876544363632246e-08	2.3327715771724295e-09	7.226104697681606e-09	1.5590221297441248e-08	0.9999999254398113	5.217127090282593e-09	2.365193756016174e-09
KF704355	0.0	1.0	0.0	0.0	0.0	0.0	0.0	0.0	0.0	0.0
n125	6.020858818820581e-06	2.5343121423063032e-05	1.2031399365215398e-05	0.9993341893979021	5.656139799241007e-06	0.0005270241524590469	3.780072923212905e-05	3.359903835512134e-05	1.2600410615769996e-05	5.734752029437108e-06
n128	6.9738640477598165e-06	2.9354530419786893e-05	1.393577660632675e-05	0.9991995459535995	6.5514158664090985e-06	0.000639699931318738	4.378397741980072e-05	3.8917226375021295e-05	1.4594853196963515e-05	6.642471149779154e-06
M29095	0.0	0.0	0.0	0.0	0.0	1.0	0.0	0.0	0.0	0.0
n224	1.737851242329835e-08	0.9999915734317061	3.4727248272732714e-08	1.6673821049311454e-07	1.6325792962403738e-08	4.889752458593157e-08	7.9912090055524e-06	9.836832009877788e-08	3.63709815919672e-08	1.6552698067306028e-08
n133	2.426572659030319e-07	0.9982262303330579	4.866457490251404e-07	2.327897345920403e-06	2.2795808047311407e-07	6.827085711880539e-07	0.0017677085830402502	1.3542589922865646e-06	5.078315260395796e-07	2.3112637081480932e-07
n221	3.328372675727463e-08	0.9999989573673698	6.651041543963509e-08	3.1930933004791546e-07	3.126753455200057e-08	9.364393660386593e-08	2.1104014869702725e-07	1.8621901316531855e-07	6.965641643720598e-08	3.170210843297047e-08
n287	7.412623182096325e-08	5.10838702183391e-07	1.4812953078564056e-07	1.307518754124919e-06	6.963580709370112e-08	2.114047837624135e-07	4.6538534477374153e-07	0.9999969861681907	1.5618900979869776e-07	7.060364492782453e-08
n270	9.829347336923862e-07	4.2151329042315555e-06	1.964186562476224e-06	9.662837430282411e-06	9.233925020645102e-07	2.7665701687922516e-06	6.171154054638305e-06	0.9999703200727161	2.0574925943282878e-06	9.362263333537741e-07
n276	2.3344833466082782e-07	1.0019032317449723e-06	4.664969936925584e-07	2.29734703492063e-06	2.193069731066857e-07	6.570757028065984e-07	1.4656574679324153e-06	0.9999929477476733	4.886615624025846e-07	2.223550254648267e-07
FJ882602.1	0.0	0.0	0.0	0.0	0.0	0.0	0.0	0.0	1.0	0.0
FJ882602.2	0.0	0.0	0.0	0.0	0.0	0.0	0.0	0.0	1.0	0.0
n296	3.990732853241555e-09	1.680066191452835e-08	7.974636040866312e-09	5.186459973896793e-08	3.748990196656368e-09	1.1229896331463023e-08	2.505499667221128e-08	2.3405324916659172e-08	0.9999998521290058	3.801155522147546e-09
JQ955623	0.0	0.0	0.0	0.0	0.0	0.0	0.0	0.0	1.0	0.0
AF276619	0.0	0.0	0.0	1.0	0.0	0.0	0.0	0.0	0.0	0.0
KF041236	0.0	0.0	0.0	0.0	0.0	0.0	0.0	0.0	1.0	0.0
GQ398259.1	0.0	0.0	0.0	0.0	0.0	0.0	0.0	1.0	0.0	0.0
GQ398259	0.0	0.0	0.0	0.0	0.0	0.0	0.0	1.0	0.0	0.0
n317	7.747533105708438e-12	3.262054846975533e-11	1.5481821024909147e-11	7.452841405453028e-11	7.27821795498976e-12	2.1812099713092302e-11	4.8641292078113065e-11	0.9999999997680912	1.6419461242589897e-11	7.37937474487988e-12
GQ398263.2	0.0	0.0	0.0	0.0	0.0	0.0	0.0	1.0	0.0	0.0
n319	0.000102305680323859	0.00043067845298170465	0.0002044362081065913	0.024602148338533903	9.610841351828104e-05	0.000343882320703928	0.0006423052214110732	0.973265473962181	0.00021521721962875615	9.744418261085372e-05
n322	2.228393654317258e-06	9.394428135385455e-06	4.453018076086498e-06	0.004865977297098891	2.093404729143311e-06	0.0005235828815180772	1.3990500752857763e-05	0.9945711767590638	4.9808169192248465e-06	2.1225000521461955e-06
n350	3.868407594823552e-05	0.009257762487685358	0.9803834774117396	0.0003711198472117952	3.634049798887456e-05	0.00010888110732373572	0.009397301493943484	0.00024537712516036777	0.00012421037421472825	3.684557878387771e-05
AF100469	0.0	0.0	1.0	0.0	0.0	0.0	0.0	0.0	0.0	0.0
DQ181804	0.0	0.0	0.0	0.0	0.0	0.0	0.0	1.0	0.0	0.0
n18	1.7430356352135204e-11	7.336998838535362e-11	3.48308439252904e-11	1.6725123866313195e-10	1.6374496502838333e-11	4.9047555626087634e-11	1.0943292258143722e-10	0.9999999994791816	3.647878876252567e-11	1.6602078517094137e-11
DQ181805	0.0	0.0	0.0	0.0	0.0	0.0	0.0	1.0	0.0	0.0
AJ487271.1	0.0	0.0	0.0	0.0	0.0	0.0	0.0	1.0	0.0	0.0
AJ487271	0.0	0.0	0.0	0.0	0.0	0.0	0.0	1.0	0.0	0.0
n126	1.0953993288085909e-08	4.610777138630184e-08	2.1889214123553742e-08	0.9999991986424399	1.0290445144418505e-08	5.488577282971743e-07	6.877240386357471e-08	6.112809678872952e-08	2.2924439430604103e-08	1.043346757159082e-08
AF204177.2	0.0	0.0	0.0	1.0	0.0	0.0	0.0	0.0	0.0	0.0
AF204178	0.0	0.0	0.0	1.0	0.0	0.0	0.0	0.0	0.0	0.0
AF204178.1	0.0	0.0	0.0	1.0	0.0	0.0	0.0	0.0	0.0	0.0
n225	7.058523636471614e-08	0.9999977516755651	1.4104950701224923e-07	6.771488282602568e-07	6.63094712313517e-08	1.9858926258015267e-07	4.857866110565514e-07	3.939041512583394e-07	1.4772028915915221e-07	6.723107776896243e-08
n236	3.0686961810621256e-06	0.9950112947503968	6.132133372658481e-06	2.943907533259337e-05	2.8828071083279e-06	8.633676889289787e-06	0.004912078774872658	1.7125065877636753e-05	6.422145976932207e-06	2.9228739921134182e-06
n134	4.3169445460345295e-08	0.9980990592943046	9.754375180387056e-08	4.141395529228362e-07	4.0554416890344846e-08	1.2145582514545104e-07	0.0018998514720078238	2.409079176224988e-07	9.034471250968909e-08	4.11180651149662e-08
n213	2.189890145226963e-05	0.9751989212087457	4.3760757398827915e-05	0.0002100837778156993	2.0572355504604178e-05	6.161183965194201e-05	0.02425425748292586	0.0001222055291554361	4.5829865612072016e-05	2.0858281737690035e-05
n222	3.6282885952875584e-10	0.9999999886621154	7.250359195670941e-10	3.480743468908206e-09	3.4085017012462686e-10	1.0208070797307638e-09	2.2779586376640457e-09	2.0247472664148943e-09	7.593256655140668e-10	3.455874985831301e-10
n223	3.1813018223424445e-07	0.9999900587043931	6.357151676699563e-07	3.051933999410556e-06	2.9885915600907164e-07	8.950489084903795e-07	1.9974720870035783e-06	1.7753426126754304e-06	6.657806236018469e-07	3.030128696021391e-07
n288	3.210878235985215e-07	1.4191834323464805e-06	6.416267771148927e-07	3.283243685886503e-06	3.0163758091848166e-07	9.043408501524792e-07	2.015883804699152e-06	0.9999901348357574	6.72330377439322e-07	3.058299106322313e-07
n290	0.0	0.0	0.0	0.0	0.0	0.0	0.0	1.0	0.0	0.0
n271	5.8896312677652365e-08	2.481216316387732e-07	1.176916959646306e-07	5.656549512676516e-07	5.5328614596048504e-08	1.657059120645819e-07	3.697684381347967e-07	0.9999982394759164	1.232589245947662e-07	5.609760297707029e-08
FM210204	0.0	0.0	0.0	0.0	0.0	0.0	0.0	1.0	0.0	0.0
n277	4.1168433206142914e-07	1.7336227505935405e-06	8.226631538727513e-07	3.9516887380750905e-06	3.867461771995246e-07	1.1582711396157546e-06	2.5846757763852626e-06	0.9999876969524829	8.615740549143581e-07	3.9212139432437965e-07
n282	4.937198645450426e-09	2.078922871634202e-08	9.865936299833565e-09	4.7386675989694556e-08	4.6381233241460145e-09	1.3890753351994688e-08	3.0997190690969195e-08	0.9999998524597322	1.0332574058924906e-08	4.702586585553454e-09
n297	1.3649032956905507e-08	5.7451792250953486e-08	2.7274674842694917e-08	7.280947401625138e-07	1.2822230324240162e-08	3.8401109485388226e-08	8.569265856982518e-08	7.616966516856189e-08	0.9999989473311938	1.3112902521765177e-08
JQ922549	0.0	0.0	0.0	0.0	0.0	0.0	0.0	0.0	1.0	0.0
GQ398263.1	0.0	0.0	0.0	0.0	0.0	0.0	0.0	1.0	0.0	0.0
GQ398263	0.0	0.0	0.0	0.0	0.0	0.0	0.0	1.0	0.0	0.0
n320	0.0	0.0	0.0	0.0	0.0	0.0	0.0	1.0	0.0	0.0
DQ645550	0.0	0.0	0.0	1.0	0.0	0.0	0.0	0.0	0.0	0.0
n343	1.6580329415487934e-07	6.979031604279385e-07	3.31322444116684e-07	1.7766397727756926e-06	1.5575960816976205e-07	0.9999562106804112	1.040962031140836e-06	3.9116000694792995e-05	3.470041398904902e-07	1.579244433059687e-07
n324	3.930238990725003e-10	1.6558739376186194e-09	7.853795156658292e-10	8.882736578037912e-07	3.692159115044431e-10	3.867334428705496e-07	2.46751874756691e-09	0.999998718091412	8.561278230172319e-10	3.743474830800908e-10
n340	0.00014783107465507055	0.0006222552142394963	0.00029540880877257397	0.8841089867565497	0.00013887607212917637	0.00047417871444836295	0.0009281271301664332	0.11283411442521517	0.00030941555349226933	0.00014080625033170385
n351	3.2962425289675207e-09	2.096910273241883e-08	7.712735236902531e-07	3.162200874237189e-08	3.0965694298209567e-09	9.273904921447852e-09	0.9999991319794529	1.8417495763529224e-08	6.9320921280170805e-09	3.1396073032594072e-09
FJ898449	0.0	0.0	1.0	0.0	0.0	0.0	0.0	0.0	0.0	0.0
n120	0.0	0.0	0.0	0.0	0.0	0.0	0.0	1.0	0.0	0.0
DQ181803	0.0	0.0	0.0	0.0	0.0	0.0	0.0	1.0	0.0	0.0
n21	2.583071834254049e-09	1.0872718516036533e-08	5.161716918163732e-09	2.4780306482409387e-08	2.426599899727186e-09	7.267387732807409e-09	1.6217287588366887e-08	0.9999999228247503	5.405834408212662e-09	2.4603261576843875e-09
n105	4.018547772475879e-09	1.6914953035368888e-08	8.03020874160615e-09	4.639088891577804e-08	3.7751205725006455e-09	1.1306052102071401e-08	2.522962933110071e-08	0.9999998720970219	8.4099882657922e-09	3.827589333527959e-09
AF204177	0.0	0.0	0.0	1.0	0.0	0.0	0.0	0.0	0.0	0.0
AF204177.1	0.0	0.0	0.0	1.0	0.0	0.0	0.0	0.0	0.0	0.0
n226	2.8107272362060873e-09	0.9999999121386834	5.616637576671272e-09	2.6964283928091138e-08	2.6404648678716914e-09	7.907888722678789e-09	1.7676782128661453e-08	1.5685098604174912e-08	5.882270021954607e-09	2.6771635421239967e-09
EU482576	0.0	1.0	0.0	0.0	0.0	0.0	0.0	0.0	0.0	0.0
n237	7.763211472781741e-07	0.0012364065140477467	1.5513118708882228e-06	7.447518750642925e-06	7.292947850539752e-07	2.184154036503898e-06	0.9987442085613576	4.332213678651489e-06	1.6246793892076224e-06	7.394309364855882e-07
n250	3.945845948141461e-07	0.9997893779601928	7.884929686674458e-07	3.785387471213717e-06	3.7068227275236083e-07	1.1101508318972667e-06	0.00020076915222274155	2.201971364758405e-06	8.25783855813079e-07	3.7583422464703165e-07
n161	5.3781852848355014e-06	0.03041502058661428	5.689300354656151e-05	5.159480178659083e-05	5.052396801293743e-06	1.5131347553083143e-05	0.9694045389948522	3.001263768746778e-05	1.1255428003958574e-05	5.12261786981094e-06
n136	5.349198615095489e-10	0.9999950745098236	1.0695157081690733e-09	5.1316722607850586e-09	5.025166025535813e-10	1.5049794514850017e-09	4.912132506946124e-06	2.985088103333268e-09	1.1194764908858271e-09	5.095008625329058e-10
n160	1.229027912637964e-07	0.9999903601823378	2.4562939065600936e-07	1.1790492181042914e-06	1.154578424812048e-07	3.4578296423047896e-07	6.5708712238952575e-06	6.858516010923403e-07	2.57210089525585e-07	1.1706254088209928e-07
n214	4.711689926039201e-06	0.004760153691884447	9.415307525473828e-06	4.520088002643848e-05	4.4262750073208865e-06	1.32561847646569e-05	0.9951221942850121	2.6293300726333427e-05	9.86059124616663e-06	4.487793880993961e-06
EU482545	0.0	1.0	0.0	0.0	0.0	0.0	0.0	0.0	0.0	0.0
EU482572	0.0	1.0	0.0	0.0	0.0	0.0	0.0	0.0	0.0	0.0
EU482572.1	0.0	1.0	0.0	0.0	0.0	0.0	0.0	0.0	0.0	0.0
EU529701	0.0	1.0	0.0	0.0	0.0	0.0	0.0	0.0	0.0	0.0
GQ398284	0.0	1.0	0.0	0.0	0.0	0.0	0.0	0.0	0.0	0.0
n289	3.0790920593694193e-07	1.2961704716144556e-06	6.152907334880818e-07	2.954218384627202e-06	2.8925732459633403e-07	8.66294050249714e-07	1.9331448998313553e-06	0.9999908000465414	6.443908016647225e-07	2.9327758650537016e-07
JX649148	0.0	0.0	0.0	0.0	0.0	0.0	0.0	1.0	0.0	0.0
FJ639701.1	0.0	0.0	0.0	0.0	0.0	0.0	0.0	1.0	0.0	0.0
FJ639701	0.0	0.0	0.0	0.0	0.0	0.0	0.0	1.0	0.0	0.0
n272	1.420860067239578e-08	5.980743760308359e-08	2.8392851301241445e-08	1.3630896721436886e-07	1.3347901714943769e-08	3.9975435446896385e-08	8.920578989433773e-08	0.9999995754839375	2.973566030359805e-08	1.3533418402913696e-08
n274	2.8038778450930846e-08	1.1802346447982998e-07	5.602950536861168e-08	2.689919553061007e-07	2.634030384712179e-08	7.888621139143916e-08	1.760357291298914e-07	0.9999991622682882	5.867936760152696e-08	2.670639628878014e-08
n278	0.0	0.0	0.0	0.0	0.0	0.0	0.0	1.0	0.0	0.0
FM210208	0.0	0.0	0.0	0.0	0.0	0.0	0.0	1.0	0.0	0.0
n285	1.8541662264534633e-09	7.804594466328836e-09	3.7051548676504354e-09	1.7787662224835752e-08	1.7418484145597387e-09	5.216635747529513e-09	1.1641002984229948e-08	0.9999999446024914	3.880385924133247e-09	1.7660576090620493e-09
n284	2.2400882719664232e-11	9.429025413640514e-11	4.476337583128823e-11	2.148994668530438e-10	2.1043928798454796e-11	6.302414740147736e-11	1.406393552361172e-10	0.9999999993307218	4.688040842840414e-11	2.133640922391325e-11
FM210217	0.0	0.0	0.0	0.0	0.0	0.0	0.0	1.0	0.0	0.0
n298	3.768097218980685e-09	1.5860751469190143e-08	7.529736845316222e-09	3.61851133650269e-08	3.5398412899275913e-09	1.0601417692912722e-08	2.365722681451739e-08	2.102763867316458e-08	0.9999993655460059	5.122841707679073e-07
n305	5.49919561240328e-08	2.3147326319036282e-07	1.0988966955860749e-07	4.931479253252367e-06	5.166076817758232e-08	1.547180634104763e-07	3.4525573608826824e-07	3.0688041053764904e-07	0.9999937612106732	5.2440206444968924e-08
JN851131.2	0.0	0.0	0.0	0.0	0.0	0.0	0.0	1.0	0.0	0.0
JN851131.1	0.0	0.0	0.0	0.0	0.0	0.0	0.0	1.0	0.0	0.0
JN851131	0.0	0.0	0.0	0.0	0.0	0.0	0.0	1.0	0.0	0.0
n344	3.333765787734251e-11	1.4032561259625724e-10	6.661818342194305e-11	3.4130279568877597e-10	3.1318198807810584e-11	0.9999999944799278	2.0930365853814682e-10	4.596342455079154e-09	6.977022068838984e-11	3.1753476849265104e-11
AY037116.2	0.0	0.0	0.0	0.0	0.0	1.0	0.0	0.0	0.0	0.0
n334	2.2355063527189266e-06	9.409738936253087e-06	4.467181597316621e-06	0.0002219758551801422	2.10008851452375e-06	0.0004904919752103209	1.4035168881733026e-05	0.9992484767541742	4.678454420052759e-06	2.129276732565687e-06
n330	2.2845920706287756e-07	9.616351832239276e-07	4.5652689132756037e-07	2.2152535066753918e-06	2.146200820220288e-07	6.530363410195949e-07	1.4343343510336384e-06	0.9999931404127411	4.781187029780401e-07	2.1760299331691682e-07
n327	4.987079764855902e-07	2.0991717629136318e-06	9.965612900642442e-07	4.786007458178986e-06	4.6849828552353054e-07	1.4038520569480903e-06	3.131035912367065e-06	0.9999850974629375	1.0436925803460168e-06	4.750097396910878e-07
n328	2.1114477257136615e-07	8.887548733056357e-07	4.2192769489438004e-07	2.0263047976698615e-06	1.9835448521204969e-07	5.94362596435542e-07	1.3256292195050443e-06	0.9999936905279232	4.4188230922851884e-07	2.0111132804220943e-07
n341	0.0	0.0	0.0	1.0	0.0	0.0	0.0	0.0	0.0	0.0
FJ196853	0.0	0.0	0.0	1.0	0.0	0.0	0.0	0.0	0.0	0.0
AF100465.1	0.0	0.0	0.0	0.0	0.0	0.0	1.0	0.0	0.0	0.0
AF100465	0.0	0.0	0.0	0.0	0.0	0.0	1.0	0.0	0.0	0.0
EU726767	0.0	0.0	0.0	0.0	0.0	0.0	0.0	1.0	0.0	0.0
EU726767.1	0.0	0.0	0.0	0.0	0.0	0.0	0.0	1.0	0.0	0.0
DQ181799	0.0	0.0	0.0	0.0	0.0	0.0	0.0	1.0	0.0	0.0
n23	2.064014961852258e-07	8.687893765875694e-07	4.1244927092791153e-07	1.9800813322407767e-06	1.938985371234521e-07	5.807038264389251e-07	1.2958495299732647e-06	0.9999938332775952	4.3195558672025137e-07	1.9659344866667129e-07
n103	4.091767170488688e-08	1.7223149613216123e-07	8.17652205757423e-08	3.9253745442225214e-07	3.843904638634661e-08	1.1512052464315528e-07	2.5689322328746484e-07	0.9999987774898559	8.563221301771816e-08	3.897329399519241e-08
n106	4.2858387247189393e-08	1.8040039547307825e-07	8.564332575082713e-08	4.1161432035457765e-07	4.026220131293447e-08	1.205806640431401e-07	2.6907760842897394e-07	0.9999987190475805	8.969372873458055e-08	4.082178816017593e-08
n113	5.4815346198415406e-08	2.307298703320981e-07	1.0953675236398721e-07	2.2502465637097383e-06	5.149485655980979e-08	1.542211751047327e-07	3.4414692683619647e-07	0.9999966378807801	1.1471716758858794e-07	5.221056120316711e-08
n227	1.9136724606675145e-11	0.9999999994019924	3.824065357011879e-11	1.835852542789946e-10	1.7977500043113613e-11	5.384054578687942e-11	1.201590674854652e-10	1.0679133612872849e-10	4.004920147683523e-11	1.8227361507274966e-11
n231	6.179931387565297e-08	0.999998068861898	1.2349271891413137e-07	5.928623096829127e-07	5.80557640191171e-08	1.7387033864650053e-07	3.87994503364854e-07	3.4486733203463094e-07	1.293331655896208e-07	5.886265586537127e-08
AF100466	0.0	0.0	0.0	0.0	0.0	0.0	1.0	0.0	0.0	0.0
n239	1.8486093570688657e-08	2.472679432763297e-06	3.6940506519847044e-08	1.7734352446407823e-07	1.736628157611354e-08	5.201001674558902e-08	0.9999970657184033	1.031605276417457e-07	3.8687565459872126e-08	1.7607647980298763e-08
FJ898465	0.0	0.0	0.0	0.0	0.0	0.0	1.0	0.0	0.0	0.0
n251	7.491989779649487e-08	0.9999971670541552	1.4971140129944736e-07	7.187326346934316e-07	7.03815565907585e-08	2.1078467042293082e-07	9.62178097960095e-07	4.1808599618726526e-07	1.567918305621264e-07	7.13597592739763e-08
n266	1.336207282870614e-09	0.9999999516299796	2.6701246348255227e-09	1.281870115914039e-08	1.2552653068454077e-09	3.759375279282743e-09	1.5004605377954413e-08	7.456624427483026e-09	2.7964051212159357e-09	1.2727116940920864e-09
n162	2.2261832546800426e-07	0.00040793985944467896	0.00014307953801532747	2.135655015222761e-06	2.091330171675777e-07	6.26329342687069e-07	0.9994438666250239	1.2423080974785656e-06	4.6589405198006284e-07	2.1203966613148568e-07
n212	1.4155973867251069e-08	3.531333589474467e-06	3.355896794731477e-08	1.3580318026897304e-07	1.3298462826812947e-08	3.982736726047199e-08	0.9999961099170885	7.899655569154482e-08	2.962552166743617e-08	1.3483292385151654e-08
EU677145	0.0	1.0	0.0	0.0	0.0	0.0	0.0	0.0	0.0	0.0
n138	4.926659785268006e-08	0.9999984034590557	9.84487717498965e-08	4.7263160642706397e-07	4.6282228710742524e-08	1.3860995398490567e-07	3.6634224543747105e-07	2.749292685151244e-07	1.0310478642105031e-07	4.692548530384966e-08
n142	4.437780236775793e-08	0.9999985584728613	8.867955590864463e-08	4.2573169118546504e-07	4.1689576475453194e-08	1.248554885510823e-07	3.3340283136362125e-07	2.4764764110004295e-07	9.2873549918047e-08	4.2269001790065485e-08
EU920833	0.0	0.0	0.0	0.0	0.0	0.0	1.0	0.0	0.0	0.0
EU677142	0.0	1.0	0.0	0.0	0.0	0.0	0.0	0.0	0.0	0.0
EU482546	0.0	1.0	0.0	0.0	0.0	0.0	0.0	0.0	0.0	0.0
n215	1.6126743215153238e-07	6.42504729545901e-05	3.222585230979329e-07	1.5470945599220384e-06	1.51498510222892e-07	4.537206205494621e-07	0.9999317226407896	8.999431501234393e-07	3.3749933775584183e-07	1.536041222096407e-07
n219	2.8774985234494724e-07	8.927302218920842e-05	5.750066158504029e-07	2.7604844030804435e-06	2.703191423433503e-07	8.095747531089071e-07	0.99990354179536	1.6057706442459385e-06	6.022008492971264e-07	2.7407619068348494e-07
FJ639697	0.0	0.0	0.0	0.0	0.0	0.0	0.0	1.0	0.0	0.0
FJ639702	0.0	0.0	0.0	0.0	0.0	0.0	0.0	1.0	0.0	0.0
n273	1.5705867266450717e-08	6.610946521849046e-08	3.138481853621885e-08	1.506718742873356e-07	1.4754470018402684e-08	4.418794153636939e-08	9.860607161867895e-08	0.999999530750828	3.286912762523381e-08	1.4959535988247306e-08
FM210220	0.0	0.0	0.0	0.0	0.0	0.0	0.0	1.0	0.0	0.0
n275	2.8493478244769916e-08	1.199353706550747e-07	5.693812567080274e-08	2.733479729818813e-07	2.6767459787475124e-08	8.016546525395118e-08	1.7889046868927924e-07	0.9999991486912202	5.963094932426813e-08	2.713948908400351e-08
EU482449	0.0	0.0	0.0	0.0	0.0	0.0	0.0	1.0	0.0	0.0
FM210237.1	0.0	0.0	0.0	0.0	0.0	0.0	0.0	1.0	0.0	0.0
FM210237.3	0.0	0.0	0.0	0.0	0.0	0.0	0.0	1.0	0.0	0.0
FM210237.2	0.0	0.0	0.0	0.0	0.0	0.0	0.0	1.0	0.0	0.0
FM210237.4	0.0	0.0	0.0	0.0	0.0	0.0	0.0	1.0	0.0	0.0
FM210237	0.0	0.0	0.0	0.0	0.0	0.0	0.0	1.0	0.0	0.0
n286	1.1098549137255331e-11	4.671623884613011e-11	2.2178078088691637e-11	1.0647224168326954e-10	1.042624439105492e-11	3.1225403260879983e-11	6.967996816258996e-11	0.9999999996684052	2.3226964886274207e-11	1.057115423296873e-11
FM210234.2	0.0	0.0	0.0	0.0	0.0	0.0	0.0	1.0	0.0	0.0
FM210222.1	0.0	0.0	0.0	0.0	0.0	0.0	0.0	1.0	0.0	0.0
FM210222	0.0	0.0	0.0	0.0	0.0	0.0	0.0	1.0	0.0	0.0
n299	1.901925797461523e-08	8.005624757726748e-08	3.800592161492978e-08	1.8245916030105394e-07	1.786714905953001e-08	5.351005727190081e-08	1.194085167131147e-07	1.0613581839757362e-07	0.9999993541963709	2.9341500172447605e-08
n302	3.2476198092439984e-08	1.3669947367713243e-07	6.489673996217962e-08	3.1157386780524286e-07	3.050892274445781e-08	9.137071605114955e-08	2.0389515973101443e-07	1.812314585932968e-07	0.999990234626693	8.712720770334399e-06
n306	3.126677410671059e-05	0.00013160874163421703	6.247996464622795e-05	0.0052622685536290684	2.9372760720784626e-05	8.796804141415831e-05	0.0001963020388844504	0.00017448234172025526	0.9939944697522858	2.978103095829204e-05
n308	2.1532271905066738e-10	9.063407693633327e-10	4.3027642787515835e-10	2.0743107878842147e-09	2.0227934876935672e-10	6.058033937915729e-10	1.3518596009787282e-09	1.201595408085819e-09	0.9999999928071207	2.0509086215807182e-10
AY037116.1	0.0	0.0	0.0	0.0	0.0	1.0	0.0	0.0	0.0	0.0
AY037116	0.0	0.0	0.0	0.0	0.0	1.0	0.0	0.0	0.0	0.0
n335	1.60826618158022e-05	6.769546737818972e-05	3.21377619017818e-05	0.0020202572604584735	1.510843989393493e-05	0.004556336365542462	0.00010097169904237252	0.9931424342358978	3.3657682531915155e-05	1.531842553732467e-05
n339	2.313797388552878e-12	9.739283039588785e-12	4.623629496989964e-12	2.5390360396617807e-11	2.173636999403343e-12	1.4220377179586826e-11	1.452670311904406e-11	0.9999999999199661	4.842298798694418e-12	2.2038474358891577e-12
n331	2.001439469399589e-09	8.42449973045637e-09	3.999448963391624e-09	1.9200729069526252e-08	1.8802004463642367e-09	5.6310819234518034e-09	1.256562788364601e-08	0.9999999402020415	4.188598329113361e-09	1.906332535660231e-09
n333	8.224617044678872e-07	3.4619225448607387e-06	1.6435139117130918e-06	7.894156671622854e-06	7.72640335867911e-07	2.3157109508030442e-06	5.163657400031849e-06	0.9999754213153812	1.7212421712607287e-06	7.833789282821564e-07
JN851121	0.0	0.0	0.0	0.0	0.0	0.0	0.0	1.0	0.0	0.0
GU370051	0.0	0.0	0.0	0.0	0.0	0.0	0.0	1.0	0.0	0.0
n329	0.0	0.0	0.0	0.0	0.0	0.0	0.0	1.0	0.0	0.0
JN851128	0.0	0.0	0.0	0.0	0.0	0.0	0.0	1.0	0.0	0.0
FJ196854	0.0	0.0	0.0	1.0	0.0	0.0	0.0	0.0	0.0	0.0
FJ196854.2	0.0	0.0	0.0	1.0	0.0	0.0	0.0	0.0	0.0	0.0
FJ196854.1	0.0	0.0	0.0	1.0	0.0	0.0	0.0	0.0	0.0	0.0
n24	1.9050080719756515e-07	8.018598730313954e-07	3.8067514282601663e-07	1.827540493067275e-06	1.789610468874532e-07	5.359677605240792e-07	1.196020310070614e-06	0.99999430834748	3.9867873762819234e-07	1.8144834874232238e-07
AF100461	0.0	0.0	0.0	0.0	0.0	0.0	0.0	1.0	0.0	0.0
n104	0.0	0.0	0.0	0.0	0.0	0.0	0.0	1.0	0.0	0.0
AF169680	0.0	0.0	0.0	0.0	0.0	0.0	0.0	1.0	0.0	0.0
n107	1.7918441030948027e-07	7.542266650395713e-07	3.5806174257317686e-07	1.7190019133956832e-06	1.6833015107195518e-07	5.041294497760532e-07	1.1249726294120599e-06	0.999994646427477	3.7499586251490136e-07	1.7066969872365727e-07
n112	4.099242654824002e-07	1.7254615573954685e-06	8.191460215101764e-07	3.932547433587661e-06	3.8509272886817607e-07	1.1533084493821737e-06	2.5736255626427362e-06	0.9999877525624216	8.578865942347349e-07	3.9044496543288985e-07
n114	7.19126611580376e-07	3.0269623627227864e-06	1.4370208168695254e-06	0.00014035529466381377	6.755648605708164e-07	2.023239088652734e-06	4.514889178765561e-06	0.9998450579651036	1.504983070241651e-06	6.849542431208576e-07
EU687246	0.0	0.0	0.0	0.0	0.0	0.0	0.0	1.0	0.0	0.0
EU482587	0.0	1.0	0.0	0.0	0.0	0.0	0.0	0.0	0.0	0.0
n229	4.544749724233091e-08	0.9999985798323541	9.081710864283647e-08	4.359936461202725e-07	4.269447360644117e-08	1.2786503992675643e-07	2.85332806360611e-07	2.536170086262735e-07	9.511219976166496e-08	4.328786554977703e-08
n230	0.0	1.0	0.0	0.0	0.0	0.0	0.0	0.0	0.0	0.0
n232	0.0	1.0	0.0	0.0	0.0	0.0	0.0	0.0	0.0	0.0
GQ398308	0.0	1.0	0.0	0.0	0.0	0.0	0.0	0.0	0.0	0.0
n240	4.34008815084862e-07	2.1399163193663117e-06	8.672738457157146e-07	4.16359749643198e-06	4.077183348909334e-07	1.221069538186048e-06	0.9999870227801131	2.421959933632382e-06	9.082905687539495e-07	4.133850349258084e-07
n245	1.7341601897728717e-09	1.075418245919171e-08	3.465348455139872e-09	1.6636401781710345e-08	1.6291118531085372e-09	4.8790027033288215e-09	0.9999999459434242	9.677376017549969e-09	3.6292381406392445e-09	1.6517541711129386e-09
n252	1.3239495540154875e-12	0.9999999999583131	2.6456301838481075e-12	1.2701108496102311e-11	1.2437501011062174e-12	3.7248885606520424e-12	8.627457990988405e-12	7.388220407835657e-12	2.7707522327482656e-12	1.26103644351022e-12
EU569714	0.0	1.0	0.0	0.0	0.0	0.0	0.0	0.0	0.0	0.0
FJ898450.1	0.0	1.0	0.0	0.0	0.0	0.0	0.0	0.0	0.0	0.0
FJ898450	0.0	1.0	0.0	0.0	0.0	0.0	0.0	0.0	0.0	0.0
n163	5.511862515394011e-12	2.4637985492138267e-11	0.9999999962845801	5.287721394616072e-11	5.177976411573079e-12	1.55074440478804e-11	3.564163782866206e-09	3.075861527993545e-11	1.1535186763479076e-11	5.2499428565451754e-12
n202	1.3793220322630112e-07	1.931274533600771e-06	7.489782773018055e-07	1.323231593620661e-06	1.2957683409326413e-07	3.8806772084007525e-07	0.9999941511752202	7.697223147216611e-07	2.886635362311504e-07	1.31377766225668e-07
n208	1.8082098671415427e-08	7.976797887048337e-06	2.804939381091738e-06	1.7346786088655627e-07	1.698675903668345e-08	5.087339037076415e-08	0.999988802881627	1.0090605763197313e-07	3.7842087800274155e-08	1.7222850621947418e-08
EU920828	0.0	0.0	0.0	0.0	0.0	0.0	1.0	0.0	0.0	0.0
EU920828.1	0.0	0.0	0.0	0.0	0.0	0.0	1.0	0.0	0.0	0.0
n139	0.0	1.0	0.0	0.0	0.0	0.0	0.0	0.0	0.0	0.0
AY702039	0.0	1.0	0.0	0.0	0.0	0.0	0.0	0.0	0.0	0.0
n143	1.6118894053824146e-08	0.9999988782713914	3.221016433126779e-08	1.5463415625464486e-07	1.5142477331073396e-08	4.534997869690544e-08	7.192359817207166e-07	8.995051301713635e-08	3.3733507106227694e-08	1.535293604601699e-08
n158	0.0	1.0	0.0	0.0	0.0	0.0	0.0	0.0	0.0	0.0
n216	1.497658944783111e-07	2.008990259546225e-06	2.9927512770158264e-07	1.436756309152166e-06	1.4069368869433835e-07	4.213614222810226e-07	0.9999942513196548	8.357595128174325e-07	3.1342900131891007e-07	1.4264912915998278e-07
JN819419	0.0	0.0	0.0	0.0	0.0	0.0	1.0	0.0	0.0	0.0
n220	5.200270721523731e-11	4.297037747977533e-10	1.039162946742604e-10	4.988800550667738e-10	4.885259575078343e-11	1.4630790775830146e-10	0.9999999982717761	2.9019796127392954e-10	1.0883089668129041e-10	4.9531576758882436e-11
EU920834	0.0	0.0	0.0	0.0	0.0	0.0	1.0	0.0	0.0	0.0
EU482664	0.0	0.0	0.0	0.0	0.0	0.0	0.0	1.0	0.0	0.0
FM210202	0.0	0.0	0.0	0.0	0.0	0.0	0.0	1.0	0.0	0.0
FM210241	0.0	0.0	0.0	0.0	0.0	0.0	0.0	1.0	0.0	0.0
FM210221	0.0	0.0	0.0	0.0	0.0	0.0	0.0	1.0	0.0	0.0
FM210234.1	0.0	0.0	0.0	0.0	0.0	0.0	0.0	1.0	0.0	0.0
FM210234	0.0	0.0	0.0	0.0	0.0	0.0	0.0	1.0	0.0	0.0
n300	0.0	0.0	0.0	0.0	0.0	0.0	0.0	0.0	1.0	0.0
KJ010186	0.0	0.0	0.0	0.0	0.0	0.0	0.0	0.0	1.0	0.0
n303	7.00835349248635e-09	2.949970409216933e-08	1.4004696389347189e-08	6.723564407926541e-08	6.58381608153483e-09	1.9717772231988105e-08	4.40005123362812e-08	3.910969264173986e-08	0.9999987889189206	9.839208880806983e-07
KJ830750	0.0	0.0	0.0	0.0	0.0	0.0	0.0	0.0	0.0	1.0
n307	1.7832428642609588e-09	7.506062140920848e-09	3.5634296884737418e-09	0.9999996725790509	1.6752212997804068e-09	5.017095194968525e-09	1.1195725177335951e-08	9.951278911652967e-09	2.850303892769818e-07	1.6985044817275028e-09
JQ955624	0.0	0.0	0.0	0.0	0.0	0.0	0.0	0.0	1.0	0.0
FJ898454	0.0	0.0	0.0	0.0	0.0	0.0	0.0	0.0	1.0	0.0
FJ898454.1	0.0	0.0	0.0	0.0	0.0	0.0	0.0	0.0	1.0	0.0
n336	3.552845984195213e-05	0.00014954711598346002	7.09960326348366e-05	0.006882364758952156	3.3376290951980757e-05	0.002942181865324545	0.00022305816012855515	0.9895547534327331	7.435370992725145e-05	3.38401735221678e-05
n338	3.3250189824582776e-08	1.3995737542215505e-07	6.64433969948425e-08	3.363824871942181e-07	3.1236029220824807e-08	0.9999896360610449	2.0875450833476797e-07	9.446659041440408e-06	6.958576136090256e-08	3.16701652228821e-08
AY858036	0.0	0.0	0.0	0.0	0.0	0.0	0.0	1.0	0.0	0.0
AY858036.1	0.0	0.0	0.0	0.0	0.0	0.0	0.0	1.0	0.0	0.0
n332	4.939544703994594e-12	2.0791632053711996e-11	9.870624242229983e-12	4.738679684351858e-11	4.6403272740859286e-12	1.3897258332228218e-11	3.101191997760089e-11	0.9999999998524196	1.0337444109606854e-11	4.7048211672362775e-12
JN851130	0.0	0.0	0.0	0.0	0.0	0.0	0.0	1.0	0.0	0.0
EU179859	0.0	0.0	0.0	0.0	0.0	0.0	0.0	1.0	0.0	0.0
EU482640	0.0	0.0	0.0	0.0	0.0	0.0	0.0	1.0	0.0	0.0
JN851129	0.0	0.0	0.0	0.0	0.0	0.0	0.0	1.0	0.0	0.0
JN851129.1	0.0	0.0	0.0	0.0	0.0	0.0	0.0	1.0	0.0	0.0
n25	4.425689516070073e-09	1.8628702343250098e-08	8.843794487896077e-09	4.245717863007854e-08	4.157599333284346e-09	1.245153200974598e-08	2.7785785399832416e-08	0.9999998677722829	9.262051617299867e-09	4.215384000469404e-09
n102	3.5108592478334777e-09	1.4777980167712529e-08	7.0157017456886286e-09	3.368089372041909e-08	3.298185743723223e-09	9.877687114601255e-09	2.2042210886032128e-08	0.9999998951049544	7.3475013229991354e-09	3.3440257947329e-09
AF169679	0.0	0.0	0.0	0.0	0.0	0.0	0.0	1.0	0.0	0.0
AF169679.1	0.0	0.0	0.0	0.0	0.0	0.0	0.0	1.0	0.0	0.0
n108	3.6256533176153376e-07	1.5261173701504627e-06	7.245093156426691e-07	3.478215738631656e-06	3.406026057928966e-07	1.0200656457395798e-06	2.2762921947336876e-06	0.9999891675211504	7.587741537731514e-07	3.453364934622884e-07
n111	3.340631109863168e-11	1.4061452426401263e-10	6.675537198943953e-11	3.2047836890763e-10	3.1382693306170334e-11	9.398755842716884e-11	2.0973468378569438e-10	0.9999999990019091	6.99124908368753e-11	3.181886772864294e-11
FJ639828	0.0	0.0	0.0	0.0	0.0	0.0	0.0	1.0	0.0	0.0
FJ687434	0.0	0.0	0.0	0.0	0.0	0.0	0.0	1.0	0.0	0.0
n115	4.7987834722238716e-09	2.019913701337725e-08	9.58934300884841e-09	5.049790367350599e-08	4.508092782435035e-09	1.350121959420558e-08	3.0128179406917974e-08	0.9999998521637321	1.00428600014966e-08	4.570748805825002e-09
n117	1.0522577641023207e-05	4.4291847868357446e-05	2.1027122169829612e-05	0.0023478624985918644	9.885162894029409e-06	2.960492638412269e-05	6.606384906236525e-05	0.9974386978870837	2.202157582548756e-05	1.0022552479247167e-05
GQ398286	0.0	1.0	0.0	0.0	0.0	0.0	0.0	0.0	0.0	0.0
GQ398291	0.0	1.0	0.0	0.0	0.0	0.0	0.0	0.0	0.0	0.0
GQ398285.1	0.0	1.0	0.0	0.0	0.0	0.0	0.0	0.0	0.0	0.0
GQ398285	0.0	1.0	0.0	0.0	0.0	0.0	0.0	0.0	0.0	0.0
GQ398302.1	0.0	1.0	0.0	0.0	0.0	0.0	0.0	0.0	0.0	0.0
GQ398302	0.0	1.0	0.0	0.0	0.0	0.0	0.0	0.0	0.0	0.0
GQ398302.3	0.0	1.0	0.0	0.0	0.0	0.0	0.0	0.0	0.0	0.0
GQ398302.2	0.0	1.0	0.0	0.0	0.0	0.0	0.0	0.0	0.0	0.0
GQ398302.4	0.0	1.0	0.0	0.0	0.0	0.0	0.0	0.0	0.0	0.0
n241	0.0	0.0	0.0	0.0	0.0	0.0	1.0	0.0	0.0	0.0
n243	0.0	0.0	0.0	0.0	0.0	0.0	1.0	0.0	0.0	0.0
n249	9.32559408197062e-10	3.925390205393872e-09	1.8635206387393178e-09	8.946366714884585e-09	8.760687706829997e-10	2.6237252477816217e-09	0.999999972788379	5.204091354292917e-09	1.9516537126150825e-09	8.882448699862362e-10
n247	0.0	0.0	0.0	0.0	0.0	0.0	1.0	0.0	0.0	0.0
n248	5.58809294968063e-07	2.352532459062396e-06	1.1166609281285607e-06	5.3608519012592324e-06	5.249589117709649e-07	1.5721915869545718e-06	0.9999836938662422	3.118401460625691e-06	1.169472127547051e-06	5.322550876577722e-07
n253	4.190388998707913e-09	0.9999998690564482	8.373596700434832e-09	4.019985893760583e-08	3.936552359574568e-09	1.1789521736949804e-08	2.6308539503956082e-08	2.3384212273900307e-08	8.769616364110007e-09	3.991264790888837e-09
n256	8.708294680253123e-10	0.9999999727878535	1.7401665483435124e-09	8.35416993126943e-09	8.180781779923383e-10	2.450050089771267e-09	5.467327336681654e-09	4.859611158044937e-09	1.822465731820787e-09	8.294482912373063e-10
n264	1.3780745598358157e-10	0.9999999956937189	2.753787438529574e-10	1.3220348499383903e-09	1.29459643528658e-10	3.8771674857230465e-10	8.651958976605169e-10	7.690261702766616e-10	2.884024660867111e-10	1.3125894688030881e-10
n165	2.169096820318649e-10	9.130214300033358e-10	0.999999992740392	2.080890013449964e-09	2.0377018001918099e-10	6.10268261981897e-10	1.3637476885897832e-09	1.2104513567739546e-09	4.539470435005149e-10	2.0660229323903422e-10
n184	1.4725668462911572e-10	6.198359428258159e-10	0.999999995072599	1.4126845864513446e-09	1.383364765224938e-10	4.143018428316404e-10	9.247916207172838e-10	8.217570190212269e-10	3.081777447502539e-10	1.4025915512007072e-10
n199	6.425576138758795e-12	2.704666627847521e-11	0.9999999997850025	6.164278649323418e-11	6.03634099804492e-12	1.8078147299375146e-11	4.0342840604304976e-11	3.585753887220367e-11	1.3447400151315096e-11	6.12023747955412e-12
n200	3.140191127344617e-08	1.3217765633030397e-07	0.9999989490813154	3.012494553496081e-07	2.949971183027445e-08	8.834824539063463e-08	1.97377825917561e-07	1.7523646593449142e-07	6.571769710469766e-08	2.990971551112961e-08
n203	1.658063632117475e-07	7.207228538940243e-07	3.3932143697913284e-07	1.590638104033999e-06	1.557624913904034e-07	4.6649075391622063e-07	0.9999951310598714	9.252723780303558e-07	3.469983804710398e-07	1.579273665992417e-07
n204	6.09144283628958e-10	2.673628633517126e-09	1.255656257070835e-09	5.843732952259009e-09	5.722448125413475e-10	1.7138074233673069e-09	0.9999999820774818	3.3992928194027544e-09	1.2748128346708973e-09	5.801981946232511e-10
n209	5.586015652346375e-07	2.7377692537021454e-06	1.2516925302506032e-06	5.35885907768525e-06	5.247637654557846e-07	1.5716071461763112e-06	0.9999831783698028	3.1172422374178763e-06	1.16903739223486e-06	5.320572290887235e-07
n210	1.0723919696453215e-07	7.604388600589314e-07	3.2260000669869764e-07	1.0287829105807733e-06	1.0074308470640309e-07	3.01713956402674e-07	0.9999964534674347	5.984418503099785e-07	2.244294305049397e-07	1.021432690806768e-07
AF208496.1	0.0	1.0	0.0	0.0	0.0	0.0	0.0	0.0	0.0	0.0
AF208496.2	0.0	1.0	0.0	0.0	0.0	0.0	0.0	0.0	0.0	0.0
AF208496	0.0	1.0	0.0	0.0	0.0	0.0	0.0	0.0	0.0	0.0
n144	4.9276651192268475e-08	0.9999152139320778	9.846885431489276e-08	4.7272805160991073e-07	4.629167306010738e-08	1.386382387254441e-07	8.355561819570878e-05	2.749853705663355e-07	1.0312582597880669e-07	4.693506091612395e-08
n157	9.78649302181839e-12	0.9999999996938915	1.9556214399591334e-11	9.388523096358608e-11	9.193667272627492e-12	2.7533976498318344e-11	6.173749411457262e-11	5.4612932190729404e-11	2.048110315721292e-11	9.32144606057031e-12
EU482726	0.0	1.0	0.0	0.0	0.0	0.0	0.0	0.0	0.0	0.0
EU482726.2	0.0	1.0	0.0	0.0	0.0	0.0	0.0	0.0	0.0	0.0
EU482726.1	0.0	1.0	0.0	0.0	0.0	0.0	0.0	0.0	0.0	0.0
n217	0.0	0.0	0.0	0.0	0.0	0.0	1.0	0.0	0.0	0.0
EU920840	0.0	0.0	0.0	0.0	0.0	0.0	1.0	0.0	0.0	0.0
EU920835.1	0.0	0.0	0.0	0.0	0.0	0.0	1.0	0.0	0.0	0.0
EU920835	0.0	0.0	0.0	0.0	0.0	0.0	1.0	0.0	0.0	0.0
KJ010185.2	0.0	0.0	0.0	0.0	0.0	0.0	0.0	0.0	1.0	0.0
KJ010185	0.0	0.0	0.0	0.0	0.0	0.0	0.0	0.0	1.0	0.0
KJ010185.1	0.0	0.0	0.0	0.0	0.0	0.0	0.0	0.0	1.0	0.0
n304	2.6328685123413166e-10	1.1082323702832819e-09	5.261224935064017e-10	2.5258023632946516e-09	2.473380098578584e-10	7.407489034156435e-10	1.6529925835116698e-09	1.469256343524155e-09	0.9999999911978479	2.683722738590906e-10
KF360005	0.0	0.0	0.0	0.0	0.0	0.0	0.0	0.0	1.0	0.0
KF479233	0.0	0.0	0.0	1.0	0.0	0.0	0.0	0.0	0.0	0.0
KF479233.1	0.0	0.0	0.0	1.0	0.0	0.0	0.0	0.0	0.0	0.0
n337	0.0	0.0	0.0	1.0	0.0	0.0	0.0	0.0	0.0	0.0
EU179858	0.0	0.0	0.0	0.0	0.0	0.0	0.0	1.0	0.0	0.0
HM488257.1	0.0	0.0	0.0	0.0	0.0	1.0	0.0	0.0	0.0	0.0
HM488257	0.0	0.0	0.0	0.0	0.0	1.0	0.0	0.0	0.0	0.0
JN851130.1	0.0	0.0	0.0	0.0	0.0	0.0	0.0	1.0	0.0	0.0
JN851130.2	0.0	0.0	0.0	0.0	0.0	0.0	0.0	1.0	0.0	0.0
n26	1.1297452958962629e-10	4.755346881998773e-10	2.2575544859834437e-10	1.083803951004481e-09	1.0613099432176842e-10	3.1785012626017956e-10	7.092874507861591e-10	0.9999999966246245	2.364322939283937e-10	1.0760606291142445e-10
n96	3.400250272009811e-08	1.4312402616546997e-07	6.794673350644368e-08	3.2619783349349587e-07	3.194277007588452e-08	9.566492396121184e-08	2.1347775080182655e-07	0.999998984096534	7.116019643207646e-08	3.2386728762097245e-08
FJ906957	0.0	0.0	0.0	0.0	0.0	0.0	0.0	1.0	0.0	0.0
FJ906957.1	0.0	0.0	0.0	0.0	0.0	0.0	0.0	1.0	0.0	0.0
n109	0.0	0.0	0.0	0.0	0.0	0.0	0.0	1.0	0.0	0.0
GQ868544	0.0	0.0	0.0	0.0	0.0	0.0	0.0	1.0	0.0	0.0
AF100460.1	0.0	0.0	0.0	0.0	0.0	0.0	0.0	1.0	0.0	0.0
AF100460	0.0	0.0	0.0	0.0	0.0	0.0	0.0	1.0	0.0	0.0
n116	2.256109657257631e-11	9.496462665574606e-11	4.5083528969880456e-11	2.1727519800417264e-10	2.1194437550964842e-11	6.347490376999057e-11	1.4164522510543285e-10	0.9999999993250963	4.7215702827622476e-11	2.1489009832197513e-11
DQ181798.1	0.0	0.0	0.0	0.0	0.0	0.0	0.0	1.0	0.0	0.0
n118	6.008427624694378e-09	2.52907957878581e-08	1.2006558280974832e-08	1.3388032443722463e-07	5.644461636047824e-09	1.690451366402167e-08	3.7722682525282556e-08	0.9999997442449299	1.2574394700906677e-08	5.722911556526379e-09
n119	0.0	0.0	0.0	1.0	0.0	0.0	0.0	0.0	0.0	0.0
AF489932.1	0.0	0.0	0.0	0.0	0.0	0.0	1.0	0.0	0.0	0.0
AF489932	0.0	0.0	0.0	0.0	0.0	0.0	1.0	0.0	0.0	0.0
AF489932.2	0.0	0.0	0.0	0.0	0.0	0.0	1.0	0.0	0.0	0.0
JX669488.2	0.0	0.0	0.0	0.0	0.0	0.0	1.0	0.0	0.0	0.0
JX669488	0.0	0.0	0.0	0.0	0.0	0.0	1.0	0.0	0.0	0.0
JX669488.1	0.0	0.0	0.0	0.0	0.0	0.0	1.0	0.0	0.0	0.0
JX669483	0.0	0.0	0.0	0.0	0.0	0.0	1.0	0.0	0.0	0.0
JX669483.1	0.0	0.0	0.0	0.0	0.0	0.0	1.0	0.0	0.0	0.0
KC294222.1	0.0	0.0	0.0	0.0	0.0	0.0	1.0	0.0	0.0	0.0
KC294222	0.0	0.0	0.0	0.0	0.0	0.0	1.0	0.0	0.0	0.0
JX669484	0.0	0.0	0.0	0.0	0.0	0.0	1.0	0.0	0.0	0.0
KC294201	0.0	0.0	0.0	0.0	0.0	0.0	1.0	0.0	0.0	0.0
n254	5.351302833629726e-11	0.9999999983277965	1.0693434849252968e-10	5.13369090818673e-10	5.0271427791115985e-11	1.5055714659792201e-10	3.359705909430044e-10	2.986262169027495e-10	1.1199168600714105e-10	5.0970128529441483e-11
EU569719	0.0	1.0	0.0	0.0	0.0	0.0	0.0	0.0	0.0	0.0
n257	5.155465830049393e-09	0.9999998388992529	1.0302096458590676e-08	4.945817660115483e-08	4.843168780808843e-09	1.4504733686111385e-08	3.236753664285589e-08	2.8769765140628003e-08	1.0789322309158377e-08	4.910481879952292e-09
n263	3.3042291866580467e-11	0.9999999989674769	6.602795736484531e-11	3.1698619684743047e-10	3.104072487142511e-11	9.296340228074451e-11	2.0744926358410554e-10	1.8439051058563513e-10	6.915067397089188e-11	3.1472146423165e-11
n265	7.245617634202579e-13	0.9999999999773584	1.4478818060346912e-12	6.9509729741220975e-12	6.806707731260777e-13	2.0385307097359612e-12	4.549012666856839e-12	4.0433730822109584e-12	1.5163577174477028e-12	6.901311205368554e-13
EU482728	0.0	1.0	0.0	0.0	0.0	0.0	0.0	0.0	0.0	0.0
n166	8.130232999709218e-11	3.4221942176748116e-10	0.9999999972796664	7.799615258128919e-10	7.637736713408936e-11	2.2874143356641533e-10	5.104410205233876e-10	4.5370273346953154e-10	1.7014893934730604e-10	7.743890298363165e-11
n173	2.286791210928569e-12	9.625608090211939e-12	0.9999999999234854	2.1937983353676935e-11	2.1482667456436588e-12	6.433811919948518e-12	1.4357162071023491e-11	1.2761299993610258e-11	4.785780420587624e-12	2.1781245719926167e-12
n197	0.0	0.0	1.0	0.0	0.0	0.0	0.0	0.0	0.0	0.0
n186	0.0	0.0	1.0	0.0	0.0	0.0	0.0	0.0	0.0	0.0
n187	3.559901507806431e-09	1.4984409846168257e-08	0.9999998808875901	3.415137317554889e-08	3.3442572240261087e-09	1.0015665901334073e-08	2.235011293436278e-08	1.9865814977650097e-08	7.45013661669725e-09	3.390737602528313e-09
FJ898461.1	0.0	0.0	1.0	0.0	0.0	0.0	0.0	0.0	0.0	0.0
FJ898461	0.0	0.0	1.0	0.0	0.0	0.0	0.0	0.0	0.0	0.0
GQ868515	0.0	0.0	1.0	0.0	0.0	0.0	0.0	0.0	0.0	0.0
FJ898439	0.0	0.0	1.0	0.0	0.0	0.0	0.0	0.0	0.0	0.0
GQ868555	0.0	0.0	0.0	0.0	0.0	0.0	1.0	0.0	0.0	0.0
GQ868558	0.0	0.0	0.0	0.0	0.0	0.0	1.0	0.0	0.0	0.0
n207	1.580500474481289e-10	6.652684153702419e-10	3.1582956552797e-10	1.516229069534065e-09	1.484760215351482e-10	4.446686144150848e-10	0.9999999953881838	8.81988727196009e-10	3.3076601787491613e-10	1.5053962526451296e-10
n206	6.481744449585281e-08	2.728329546997604e-07	1.2952452580423628e-07	6.218162863239702e-07	6.08910686216529e-08	1.8236174995997287e-07	0.9999981086592875	3.61709827323889e-07	1.3564948793677476e-07	6.17373671349984e-08
FJ639732	0.0	0.0	0.0	0.0	0.0	0.0	1.0	0.0	0.0	0.0
KJ189305	0.0	0.0	0.0	0.0	0.0	0.0	1.0	0.0	0.0	0.0
EU482607	0.0	0.0	0.0	0.0	0.0	0.0	1.0	0.0	0.0	0.0
n211	1.9330308383961e-07	8.183349733367201e-07	3.87914901024363e-07	1.854423707429688e-06	1.8159357306362056e-07	5.438518737637997e-07	0.999994353200938	1.0787161638449857e-06	4.045433223014563e-07	1.8411746325631444e-07
GQ868553	0.0	0.0	0.0	0.0	0.0	0.0	1.0	0.0	0.0	0.0
EU687216	0.0	1.0	0.0	0.0	0.0	0.0	0.0	0.0	0.0	0.0
n146	2.188351909845667e-06	0.0038389552205242957	4.37295352229213e-06	2.0993620904589432e-05	2.0557904950921583e-06	6.1568561814133e-06	0.9961064011106485	1.2211965429843886e-05	4.5797673497451914e-06	2.084363034203873e-06
FJ898453	0.0	1.0	0.0	0.0	0.0	0.0	0.0	0.0	0.0	0.0
FJ898451.1	0.0	1.0	0.0	0.0	0.0	0.0	0.0	0.0	0.0	0.0
FJ898451	0.0	1.0	0.0	0.0	0.0	0.0	0.0	0.0	0.0	0.0
FJ850088	0.0	0.0	0.0	0.0	0.0	0.0	1.0	0.0	0.0	0.0
FJ850088.2	0.0	0.0	0.0	0.0	0.0	0.0	1.0	0.0	0.0	0.0
FJ850088.1	0.0	0.0	0.0	0.0	0.0	0.0	1.0	0.0	0.0	0.0
KF041233	0.0	0.0	0.0	0.0	0.0	0.0	0.0	0.0	1.0	0.0
KF041233.1	0.0	0.0	0.0	0.0	0.0	0.0	0.0	0.0	1.0	0.0
KC131142.1	0.0	0.0	0.0	1.0	0.0	0.0	0.0	0.0	0.0	0.0
KC131142	0.0	0.0	0.0	1.0	0.0	0.0	0.0	0.0	0.0	0.0
n90	1.1287159076984541e-08	4.7510139602556185e-08	2.2554974737062313e-08	1.0828164231077463e-07	1.0603429111497179e-08	3.1756051127365747e-08	7.08641170484444e-08	0.9999996627699991	2.3621686429674596e-08	1.0750801566876185e-08
n28	2.3914888842294447e-09	1.0066303661776402e-08	4.778879344205272e-09	2.2942384543897826e-08	2.2466222618025684e-09	6.728375383046896e-09	1.5014473266143122e-08	0.9999999285487347	5.004890968402328e-09	2.277847088747653e-09
FJ810411	0.0	0.0	0.0	0.0	0.0	0.0	0.0	1.0	0.0	0.0
n97	5.840614922256986e-08	2.4584435146929425e-07	1.167122046583307e-07	5.603105011396392e-07	5.4868143412620184e-08	1.6432378140629458e-07	3.6669104835216353e-07	0.9999982549811137	1.222319746793994e-07	5.563073190468051e-08
GQ868620	0.0	0.0	0.0	0.0	0.0	0.0	0.0	1.0	0.0	0.0
AF100464	0.0	0.0	0.0	0.0	0.0	0.0	0.0	1.0	0.0	0.0
AF100464.1	0.0	0.0	0.0	0.0	0.0	0.0	0.0	1.0	0.0	0.0
AF100464.2	0.0	0.0	0.0	0.0	0.0	0.0	0.0	1.0	0.0	0.0
DQ181798	0.0	0.0	0.0	0.0	0.0	0.0	0.0	1.0	0.0	0.0
DQ181798.2	0.0	0.0	0.0	0.0	0.0	0.0	0.0	1.0	0.0	0.0
FJ639831	0.0	0.0	0.0	0.0	0.0	0.0	0.0	1.0	0.0	0.0
FJ639831.1	0.0	0.0	0.0	0.0	0.0	0.0	0.0	1.0	0.0	0.0
FJ196851	0.0	0.0	0.0	1.0	0.0	0.0	0.0	0.0	0.0	0.0
FJ196851.1	0.0	0.0	0.0	1.0	0.0	0.0	0.0	0.0	0.0	0.0
EU482729	0.0	1.0	0.0	0.0	0.0	0.0	0.0	0.0	0.0	0.0
EU482729.1	0.0	1.0	0.0	0.0	0.0	0.0	0.0	0.0	0.0	0.0
n258	1.377626859953302e-10	0.9999999956951181	2.752892806012126e-10	1.3216053558716344e-09	1.2941758552331682e-10	3.8759078968165857e-10	8.649148150335065e-10	7.687763340659673e-10	2.8830877177295846e-10	1.312163043290203e-10
EU677143	0.0	1.0	0.0	0.0	0.0	0.0	0.0	0.0	0.0	0.0
EU482565.1	0.0	1.0	0.0	0.0	0.0	0.0	0.0	0.0	0.0	0.0
EU482565	0.0	1.0	0.0	0.0	0.0	0.0	0.0	0.0	0.0	0.0
EU482728.2	0.0	1.0	0.0	0.0	0.0	0.0	0.0	0.0	0.0	0.0
EU482728.1	0.0	1.0	0.0	0.0	0.0	0.0	0.0	0.0	0.0	0.0
n167	3.732753220244723e-10	1.5711980790439048e-09	0.9999999875104064	3.5809599764843008e-09	3.50663828618174e-10	1.0501978513764233e-09	2.3435326862914137e-09	2.08304035007705e-09	7.8118794540402e-10	3.555375528532921e-10
n171	3.953206117467865e-09	1.66399156100832e-08	0.9999998677278275	3.792448107383111e-08	3.7137370478972745e-09	1.1122215495244275e-08	2.4819395136357474e-08	2.2060627555542286e-08	8.273241713152577e-09	3.765352665979463e-09
n174	9.782741577497542e-11	4.117771485934218e-10	0.9999999967267468	9.384924205359299e-10	9.190143075471189e-11	2.752342193300728e-10	6.141894014915843e-10	5.459199748267257e-10	2.0473252161156149e-10	9.317872882128545e-11
n179	1.0947613082171174e-10	4.608091569377613e-10	0.999999996336987	1.0502425950012502e-09	1.0284451425301744e-10	3.0800749629633493e-10	6.873234705627745e-10	6.109249243564742e-10	2.2911086980935712e-10	1.0427390548375563e-10
KJ189370	0.0	0.0	1.0	0.0	0.0	0.0	0.0	0.0	0.0	0.0
KJ189370.1	0.0	0.0	1.0	0.0	0.0	0.0	0.0	0.0	0.0	0.0
EU482693.1	0.0	0.0	1.0	0.0	0.0	0.0	0.0	0.0	0.0	0.0
EU482693	0.0	0.0	1.0	0.0	0.0	0.0	0.0	0.0	0.0	0.0
n188	3.0758117630786514e-10	1.2946769444672376e-09	0.9999999897084976	2.9507331904631365e-09	2.8894916575258166e-10	8.653695313433422e-10	1.931085433744905e-09	1.716438144634273e-09	6.437037033729754e-10	2.9296514469570497e-10
GQ868604	0.0	0.0	1.0	0.0	0.0	0.0	0.0	0.0	0.0	0.0
FJ639733.1	0.0	0.0	0.0	0.0	0.0	0.0	1.0	0.0	0.0	0.0
FJ639733	0.0	0.0	0.0	0.0	0.0	0.0	1.0	0.0	0.0	0.0
JN819407	0.0	0.0	0.0	0.0	0.0	0.0	1.0	0.0	0.0	0.0
HQ332186	0.0	0.0	0.0	0.0	0.0	0.0	1.0	0.0	0.0	0.0
FJ898466	0.0	0.0	0.0	0.0	0.0	0.0	1.0	0.0	0.0	0.0
JN819408	0.0	0.0	0.0	0.0	0.0	0.0	1.0	0.0	0.0	0.0
n147	7.2802327790790094e-09	0.00012699668465178686	1.4547989028247924e-08	6.9841804863976e-08	6.8392260321350736e-09	2.0482695669894093e-08	0.9998728215262004	4.06268985437535e-08	1.5236019504066945e-08	6.934281463981632e-09
EU920842	0.0	0.0	0.0	0.0	0.0	0.0	1.0	0.0	0.0	0.0
n91	2.1689685657412158e-08	9.129666610444494e-08	4.334220052371678e-08	2.08076697437358e-07	2.0375813147524923e-08	6.102321779780261e-08	1.361742501091292e-07	0.9999993519704412	4.5392020247355114e-08	2.0659007723762398e-08
n95	5.72994746409535e-10	2.4118611430717212e-09	1.145007520633723e-09	5.496937870148816e-09	5.382850665410294e-10	1.6121018884013454e-09	3.5974301859983098e-09	0.9999999828804558	1.1991593396726505e-09	5.45766456864466e-10
n29	3.0775850954070974e-08	1.295423379118356e-07	6.149895966258619e-08	2.9524344098362074e-07	2.891157568629537e-08	8.658684525661569e-08	1.9321987839453854e-07	0.9999990805002235	6.440748251044265e-08	2.9313405118355734e-08
n32	4.782685462287482e-10	2.0131376942469705e-09	9.557174577008676e-10	4.588196489303933e-09	4.492969924146918e-10	1.3455928372286748e-09	3.002711134784317e-09	0.9999999857106201	1.000917020052316e-09	4.5554157614984965e-10
n98	3.129437097264158e-09	1.3172490292230332e-08	6.253511108383874e-09	3.002177838451761e-08	2.9398685881367987e-09	8.80456842884733e-09	1.9647530015632394e-08	0.9999999065008237	6.549263752621269e-09	2.9807285446442233e-09
n101	2.9091626760524595e-10	1.2245306717403284e-09	5.813339762187325e-10	2.7908609257975083e-09	2.732937491085378e-10	8.184833583760129e-10	1.8264582166571475e-09	0.9999999913082032	6.088275006839288e-10	2.770921402160134e-10
EU677146	0.0	1.0	0.0	0.0	0.0	0.0	0.0	0.0	0.0	0.0
n260	3.458324707149837e-08	0.9999989193242417	6.910722695614033e-08	3.3176911601936654e-07	3.248833530801912e-08	9.729882910857535e-08	2.1712383529591069e-07	1.929897178734258e-07	7.237557409008734e-08	3.2939876568414564e-08
n262	2.511658438432065e-10	0.9999999921514356	5.019012511525552e-10	2.4095212868196563e-09	2.359512435552837e-10	7.06646847460193e-10	1.5768933205671936e-09	1.4016157951428937e-09	5.256380958789391e-10	2.3923062739864506e-10
n168	2.2496643739521843e-09	9.469333047968418e-09	0.9999999247274275	2.1581812695127015e-08	2.113388900711365e-09	6.329356784233852e-09	1.4124057119291623e-08	1.2554115926168825e-08	4.708081639592317e-09	2.142761975043598e-09
n170	0.0	0.0	1.0	0.0	0.0	0.0	0.0	0.0	0.0	0.0
n172	2.458018947694024e-11	1.0346343358338697e-10	0.9999999991775599	2.3580630579578695e-10	2.309122205935414e-11	6.915555530192701e-11	1.543216864657338e-10	1.371682601874468e-10	5.1441246131651786e-11	2.3412156924557226e-11
FJ850061	0.0	0.0	1.0	0.0	0.0	0.0	0.0	0.0	0.0	0.0
n175	3.5028981199258394e-09	1.4744470026169735e-08	0.9999998827948934	3.360451985179495e-08	3.2907068684065524e-09	9.855288742863765e-09	2.1992228574628636e-08	1.9547711020489546e-08	7.330840331001227e-09	3.3364429737768218e-09
FJ850066	0.0	0.0	1.0	0.0	0.0	0.0	0.0	0.0	0.0	0.0
n180	1.6407449473466538e-09	6.906257010196561e-09	0.9999999451015473	1.5740236874491287e-08	1.5413553242739719e-09	4.616181988712369e-09	1.0301081184593798e-08	9.15607790778104e-09	3.433739384104605e-09	1.562777952403155e-09
n182	1.036559986835938e-11	4.363109383424761e-11	0.9999999996531724	9.94408043358739e-11	9.737694193254585e-12	2.916327457957443e-11	6.507829626026688e-11	5.78446029098338e-11	2.1693053856673026e-11	9.873034175056676e-12
n189	2.861469970614599e-09	1.2044557611457162e-08	0.9999999042567378	2.7451076548829006e-08	2.688133814819572e-09	8.050651724360686e-09	1.7965153281282805e-08	1.5968260041935534e-08	5.988464051296616e-09	2.7254950190594095e-09
n191	4.872788099699414e-12	2.0510638796830227e-11	0.9999999998369591	4.674635082832665e-11	4.577614512040118e-12	1.3709429181555771e-11	3.059280230696354e-11	2.719229916941493e-11	1.019773636078675e-11	4.641236787751514e-12
n148	2.380614316499022e-09	1.8319487624290088e-07	4.7571488450811576e-09	2.2838061033859687e-08	2.2364064309401484e-09	6.697780144113883e-09	0.9999997573606167	1.328487415761562e-08	4.9821327502152494e-09	2.267489272489556e-09
n154	1.3242542877373718e-08	0.0001298822387844659	2.646239129053056e-08	1.2704031912306158e-07	1.2440363753047016e-08	3.725745918897434e-08	0.9998697870917633	7.38992093063854e-08	2.7713899772945593e-08	1.2613266965094394e-08
n92	0.0	0.0	0.0	0.0	0.0	0.0	0.0	1.0	0.0	0.0
FJ639710	0.0	0.0	0.0	0.0	0.0	0.0	0.0	1.0	0.0	0.0
FJ639704	0.0	0.0	0.0	0.0	0.0	0.0	0.0	1.0	0.0	0.0
FJ639704.1	0.0	0.0	0.0	0.0	0.0	0.0	0.0	1.0	0.0	0.0
n30	8.020596643412751e-09	3.3760458555186474e-08	1.6027447955191887e-08	7.694437288758774e-08	7.534741679485573e-09	2.2565685071237553e-08	5.035567368728952e-08	0.999999760366112	1.6785447746184544e-08	7.639463781201545e-09
GU131924	0.0	0.0	0.0	0.0	0.0	0.0	0.0	1.0	0.0	0.0
n33	2.392021059712458e-14	1.0068543705645594e-13	4.7799427831532996e-14	2.2947489888378684e-13	2.2471222002698585e-14	6.729872641279196e-14	1.501781442094225e-13	0.9999999999992856	5.006004701477196e-14	2.278353975642541e-14
n85	1.8233803786120313e-08	7.675009782848125e-08	3.643635931339839e-08	1.7492322080934135e-07	1.7129274475568768e-08	5.1300207725351337e-08	1.1447720342426501e-07	0.9999994552229104	3.8159575187897166e-08	1.7367346821012972e-08
n99	8.82749640112218e-08	3.715687743017281e-07	1.763986464271677e-07	8.468524287524499e-07	8.292762747727834e-08	2.4835871021990115e-07	5.542162859114816e-07	0.9999973625811421	1.8474121833861582e-07	8.408020255007536e-08
n100	1.0125996205216134e-08	4.262254922106575e-08	2.0234638941338945e-08	9.714220306943728e-08	9.512604740747888e-09	2.848915754753967e-08	6.357399372369302e-08	0.999999697462427	2.1191613010524945e-08	9.644816302022337e-09
FJ687442.1	0.0	0.0	0.0	0.0	0.0	0.0	0.0	1.0	0.0	0.0
FJ687442	0.0	0.0	0.0	0.0	0.0	0.0	0.0	1.0	0.0	0.0
n261	0.0	1.0	0.0	0.0	0.0	0.0	0.0	0.0	0.0	0.0
EU482551	0.0	1.0	0.0	0.0	0.0	0.0	0.0	0.0	0.0	0.0
EU482556.1	0.0	1.0	0.0	0.0	0.0	0.0	0.0	0.0	0.0	0.0
EU482556	0.0	1.0	0.0	0.0	0.0	0.0	0.0	0.0	0.0	0.0
n169	1.0579298757837116e-11	4.453059954713342e-11	0.9999999996460222	1.0149089209974903e-10	9.938448077409839e-12	2.9764509382223224e-11	6.641996097977588e-11	5.90371366330238e-11	2.2140281376298046e-11	1.0076578250245768e-11
FJ850065	0.0	0.0	1.0	0.0	0.0	0.0	0.0	0.0	0.0	0.0
GQ199894.1	0.0	0.0	1.0	0.0	0.0	0.0	0.0	0.0	0.0	0.0
GQ199894	0.0	0.0	1.0	0.0	0.0	0.0	0.0	0.0	0.0	0.0
FJ850121	0.0	0.0	1.0	0.0	0.0	0.0	0.0	0.0	0.0	0.0
FJ850121.1	0.0	0.0	1.0	0.0	0.0	0.0	0.0	0.0	0.0	0.0
n176	1.7494360747496145e-14	7.363761914774679e-14	0.9999999999994148	1.6782948658699297e-13	1.643462387406983e-14	4.921980903688019e-14	1.0983476171840059e-13	9.762622168054663e-14	3.661207404329094e-14	1.666304157254116e-14
EU482635	0.0	0.0	1.0	0.0	0.0	0.0	0.0	0.0	0.0	0.0
n181	0.0	0.0	1.0	0.0	0.0	0.0	0.0	0.0	0.0	0.0
FJ744744	0.0	0.0	1.0	0.0	0.0	0.0	0.0	0.0	0.0	0.0
n183	3.057825941676257e-14	1.287106315933743e-13	0.9999999999989768	2.9334787665068843e-13	2.872595343674689e-14	8.603092795995111e-14	1.9197934038740118e-13	1.7064012658212637e-13	6.399396434314992e-14	2.912520298579005e-14
FJ744704.1	0.0	0.0	1.0	0.0	0.0	0.0	0.0	0.0	0.0	0.0
n190	0.0	0.0	1.0	0.0	0.0	0.0	0.0	0.0	0.0	0.0
FJ205885	0.0	0.0	1.0	0.0	0.0	0.0	0.0	0.0	0.0	0.0
n194	1.995802500619549e-11	8.400772486401218e-11	0.9999999993322152	1.9146427459829049e-10	1.874904942114264e-11	5.6151247464061595e-11	1.2530237329415415e-10	1.1137455101579518e-10	4.176801312327245e-11	1.900963431496912e-11
n193	0.0	0.0	1.0	0.0	0.0	0.0	0.0	0.0	0.0	0.0
FJ744708	0.0	0.0	1.0	0.0	0.0	0.0	0.0	0.0	0.0	0.0
n149	1.385031167609958e-10	5.853253390619933e-10	2.767688732161678e-10	1.3287085657029883e-09	1.3011316401938994e-10	3.896739673077005e-10	0.9999999959562187	7.729082631550773e-10	2.8985834002570874e-10	1.3192155036846993e-10
n150	2.0961030605136442e-09	1.619794980455054e-08	4.188613915486237e-09	2.0108645611974056e-08	1.96912970402527e-09	5.897317075439164e-09	0.9999999314618572	1.1697176307529002e-08	4.386709612403413e-09	1.9964977824450403e-09
n155	0.0	0.0	0.0	0.0	0.0	0.0	1.0	0.0	0.0	0.0
n156	4.821491583246418e-07	0.0005399880740194076	9.634720314771591e-07	4.6254245506831e-06	4.5294253289014497e-07	1.3565108118299138e-06	0.999447972546567	2.690604206297011e-06	1.0090383375121998e-06	4.5923778440884743e-07
GU131927.2	0.0	0.0	0.0	0.0	0.0	0.0	0.0	1.0	0.0	0.0
GU131927.3	0.0	0.0	0.0	0.0	0.0	0.0	0.0	1.0	0.0	0.0
GU131927.1	0.0	0.0	0.0	0.0	0.0	0.0	0.0	1.0	0.0	0.0
GU131927	0.0	0.0	0.0	0.0	0.0	0.0	0.0	1.0	0.0	0.0
FJ639718	0.0	0.0	0.0	0.0	0.0	0.0	0.0	1.0	0.0	0.0
n31	0.0	0.0	0.0	0.0	0.0	0.0	0.0	1.0	0.0	0.0
n34	3.030798608880047e-08	1.275729916031211e-07	6.05640317374493e-08	2.9075505062379125e-07	2.847205216236702e-08	8.527052283386146e-08	1.902824846403395e-07	0.9999990944787693	6.342833824008173e-08	2.8867772847885398e-08
n41	2.0512210198433343e-12	8.634041244901996e-12	4.098926750933835e-12	1.9678076587395507e-11	1.9269664339427758e-12	5.771042928994897e-12	1.28781711545826e-11	0.9999999999387151	4.2927807961435465e-12	1.95374850338625e-12
n51	4.447091442374688e-10	1.871878776683283e-09	8.886561662863013e-10	4.26624947519717e-09	4.177704818364573e-10	1.2511745626061464e-09	2.792015301176807e-09	0.9999999867132852	9.306841416815448e-10	4.2357689229534855e-10
n86	1.595437300963507e-07	6.715547143343009e-07	3.1881404144622445e-07	1.530558486629848e-06	1.4987922299332456e-07	4.488710414581935e-07	1.0016626404200276e-06	0.999995233261807	3.338919863228746e-07	1.519623292102439e-07
n89	0.0	0.0	0.0	0.0	0.0	0.0	0.0	1.0	0.0	0.0
GQ868638	0.0	0.0	0.0	0.0	0.0	0.0	0.0	1.0	0.0	0.0
JF730047	0.0	0.0	0.0	0.0	0.0	0.0	0.0	1.0	0.0	0.0
FJ639706	0.0	0.0	0.0	0.0	0.0	0.0	0.0	1.0	0.0	0.0
GQ868622	0.0	0.0	0.0	0.0	0.0	0.0	0.0	1.0	0.0	0.0
EU482721.1	0.0	1.0	0.0	0.0	0.0	0.0	0.0	0.0	0.0	0.0
EU482721	0.0	1.0	0.0	0.0	0.0	0.0	0.0	0.0	0.0	0.0
GQ199898	0.0	0.0	1.0	0.0	0.0	0.0	0.0	0.0	0.0	0.0
GQ199898.1	0.0	0.0	1.0	0.0	0.0	0.0	0.0	0.0	0.0	0.0
EU482762	0.0	0.0	1.0	0.0	0.0	0.0	0.0	0.0	0.0	0.0
EU482444	0.0	0.0	1.0	0.0	0.0	0.0	0.0	0.0	0.0	0.0
EU482639	0.0	0.0	1.0	0.0	0.0	0.0	0.0	0.0	0.0	0.0
FJ906961	0.0	0.0	1.0	0.0	0.0	0.0	0.0	0.0	0.0	0.0
FJ850120.1	0.0	0.0	1.0	0.0	0.0	0.0	0.0	0.0	0.0	0.0
FJ850120	0.0	0.0	1.0	0.0	0.0	0.0	0.0	0.0	0.0	0.0
FJ744704	0.0	0.0	1.0	0.0	0.0	0.0	0.0	0.0	0.0	0.0
FJ744704.2	0.0	0.0	1.0	0.0	0.0	0.0	0.0	0.0	0.0	0.0
JF357906	0.0	0.0	1.0	0.0	0.0	0.0	0.0	0.0	0.0	0.0
JF357906.1	0.0	0.0	1.0	0.0	0.0	0.0	0.0	0.0	0.0	0.0
n195	8.174028802448633e-14	3.44062883202848e-13	0.9999999999972649	7.841630094764054e-13	7.67887954541486e-14	2.299736140836483e-13	5.131896608024294e-13	4.561467317433912e-13	1.7106549479955961e-13	7.785604956719808e-14
HQ705625.3	0.0	0.0	1.0	0.0	0.0	0.0	0.0	0.0	0.0	0.0
FJ850050	0.0	0.0	1.0	0.0	0.0	0.0	0.0	0.0	0.0	0.0
FJ850050.1	0.0	0.0	1.0	0.0	0.0	0.0	0.0	0.0	0.0	0.0
HM181971	0.0	0.0	0.0	0.0	0.0	0.0	1.0	0.0	0.0	0.0
HM181971.1	0.0	0.0	0.0	0.0	0.0	0.0	1.0	0.0	0.0	0.0
n151	2.659094801471448e-10	1.1218866115377864e-09	5.313632567909665e-10	2.5509621172123566e-09	2.4980177063018613e-10	7.481275836735992e-10	0.9999999922382903	1.483891765494748e-09	5.564934733241766e-10	2.532736569330687e-10
JX669478	0.0	0.0	0.0	0.0	0.0	0.0	1.0	0.0	0.0	0.0
GQ199890.1	0.0	0.0	0.0	0.0	0.0	0.0	1.0	0.0	0.0	0.0
GQ199890	0.0	0.0	0.0	0.0	0.0	0.0	1.0	0.0	0.0	0.0
EU920846	0.0	0.0	0.0	0.0	0.0	0.0	1.0	0.0	0.0	0.0
EU920850	0.0	1.0	0.0	0.0	0.0	0.0	0.0	0.0	0.0	0.0
GU131932	0.0	0.0	0.0	0.0	0.0	0.0	0.0	1.0	0.0	0.0
GU131932.1	0.0	0.0	0.0	0.0	0.0	0.0	0.0	1.0	0.0	0.0
n35	1.1609278443614831e-08	4.886601099348024e-08	2.319866143688738e-08	1.1137184541688277e-07	1.0906035803421039e-08	3.266232337940519e-08	7.288647753302419e-08	0.9999996531459372	2.4295815554600406e-08	1.105761405776696e-08
n39	3.551856475907393e-10	1.4950546534131622e-09	7.097625942662361e-10	3.4074194386756365e-09	3.336699527278915e-10	9.993031468474164e-10	2.2299603587692177e-09	0.9999999893880069	7.433300031021472e-10	3.3830748646368897e-10
n42	7.256757332702531e-09	3.0545290589691824e-08	1.4501078366641105e-08	6.961659674293457e-08	6.817172632354317e-09	2.0416648272999573e-08	4.5560064982638124e-08	0.9999997831875793	1.518689025645738e-08	6.911921553576724e-09
n49	5.0743544067970665e-12	2.1359075797147552e-11	1.0140012617132837e-11	4.8680046510135274e-11	4.7669707560691714e-12	1.4276529362397508e-11	3.1858295092322234e-11	0.9999999998483922	1.0619572898091963e-11	4.8332248119651165e-12
EU482784	0.0	0.0	0.0	0.0	0.0	0.0	0.0	1.0	0.0	0.0
n52	2.3006552993399764e-09	9.6839650884237e-09	4.597367840869031e-09	2.207098637526012e-08	2.1612910042425883e-09	6.472818077071328e-09	1.4444193202963866e-08	0.9999999312625983	4.814795086444098e-09	2.1913298491044286e-09
n79	2.2373826877707534e-08	9.417636724645982e-08	4.4709310514379524e-08	2.146399020844101e-07	2.1018511888827082e-08	6.294802663781785e-08	1.404694906724995e-07	0.9999993315301389	4.682378613895001e-08	2.1310639055699033e-08
n87	0.0	0.0	0.0	0.0	0.0	0.0	0.0	1.0	0.0	0.0
FJ639707	0.0	0.0	0.0	0.0	0.0	0.0	0.0	1.0	0.0	0.0
FJ744724	0.0	0.0	0.0	0.0	0.0	0.0	0.0	1.0	0.0	0.0
FJ744724.1	0.0	0.0	0.0	0.0	0.0	0.0	0.0	1.0	0.0	0.0
n196	5.667768004270721e-15	2.3856884383500922e-14	0.9999999999998104	5.437286951951546e-14	5.324437783130105e-15	1.5946079017232518e-14	3.558392085365828e-14	3.1628636427772094e-14	1.1861464664392173e-14	5.39843983108663e-15
HQ705625	0.0	0.0	1.0	0.0	0.0	0.0	0.0	0.0	0.0	0.0
JX286520	0.0	0.0	0.0	0.0	0.0	0.0	1.0	0.0	0.0	0.0
n153	0.0	0.0	0.0	0.0	0.0	0.0	1.0	0.0	0.0	0.0
JX286525	0.0	0.0	0.0	0.0	0.0	0.0	1.0	0.0	0.0	0.0
n36	3.908310210204949e-08	1.6450938843907918e-07	7.809922537153239e-08	3.749377902220738e-07	3.671560751203681e-08	1.099590233559742e-07	2.453752536919022e-07	0.9999988323018687	8.179283876986093e-08	3.7225901792583635e-08
n38	0.0	0.0	0.0	0.0	0.0	0.0	0.0	1.0	0.0	0.0
FJ410221	0.0	0.0	0.0	0.0	0.0	0.0	0.0	1.0	0.0	0.0
FJ410221.1	0.0	0.0	0.0	0.0	0.0	0.0	0.0	1.0	0.0	0.0
n43	2.3636913901520893e-08	9.949297884219025e-08	4.7233319941243435e-08	2.2675713516202505e-07	2.2205086263061468e-08	6.650168046983642e-08	1.483995239153546e-07	0.9999992937924906	4.9467165700309144e-08	2.2513705111745213e-08
EU660413	0.0	0.0	0.0	0.0	0.0	0.0	0.0	1.0	0.0	0.0
n50	1.8768170261880124e-15	7.899936406891568e-15	3.7504176492095885e-15	1.8004958424556488e-14	1.7631271214219628e-15	5.280363024374046e-15	1.178321139227112e-14	0.999999999999944	3.927789355683615e-15	1.7876320594280583e-15
EU482468.2	0.0	0.0	0.0	0.0	0.0	0.0	0.0	1.0	0.0	0.0
n53	5.608630999214413e-12	2.3607963698788397e-11	1.1207650183183373e-11	5.380554766419629e-11	5.268883056143098e-12	1.5779698996956496e-11	3.521264127660776e-11	0.9999999998324292	1.1737703159809627e-11	5.342112973080697e-12
n77	9.756345641230766e-08	4.1066608547303195e-07	1.9495971303595484e-07	9.359601665738813e-07	9.165346097141448e-08	2.744915783378398e-07	6.125321834925036e-07	0.9999970850659338	2.0418010933026142e-07	9.292731261368132e-08
n80	5.564098954003835e-08	2.3420518508168548e-07	1.1118662409744225e-07	5.337833626777932e-07	5.227048580225842e-08	1.5654409551236105e-07	3.4933055949362426e-07	0.9999983375966592	1.1644506811564539e-07	5.299697057954426e-08
FM210214	0.0	0.0	0.0	0.0	0.0	0.0	0.0	1.0	0.0	0.0
EU687249.1	0.0	0.0	0.0	0.0	0.0	0.0	0.0	1.0	0.0	0.0
EU687249.2	0.0	0.0	0.0	0.0	0.0	0.0	0.0	1.0	0.0	0.0
EU687249	0.0	0.0	0.0	0.0	0.0	0.0	0.0	1.0	0.0	0.0
HQ705625.1	0.0	0.0	1.0	0.0	0.0	0.0	0.0	0.0	0.0	0.0
HQ705625.2	0.0	0.0	1.0	0.0	0.0	0.0	0.0	0.0	0.0	0.0
KC294211	0.0	0.0	0.0	0.0	0.0	0.0	1.0	0.0	0.0	0.0
KC294211.1	0.0	0.0	0.0	0.0	0.0	0.0	1.0	0.0	0.0	0.0
n37	0.0	0.0	0.0	0.0	0.0	0.0	0.0	1.0	0.0	0.0
FJ410215	0.0	0.0	0.0	0.0	0.0	0.0	0.0	1.0	0.0	0.0
EU482451	0.0	0.0	0.0	0.0	0.0	0.0	0.0	1.0	0.0	0.0
EU482451.1	0.0	0.0	0.0	0.0	0.0	0.0	0.0	1.0	0.0	0.0
n44	3.9964622899634306e-10	1.6821990371313167e-09	7.986075625668337e-10	3.833945257958837e-09	3.7543729382540146e-10	1.1243915315010647e-09	2.509097015148328e-09	0.999999988059644	8.363767924032481e-10	3.806553336925143e-10
EU482776	0.0	0.0	0.0	0.0	0.0	0.0	0.0	1.0	0.0	0.0
EU482468.1	0.0	0.0	0.0	0.0	0.0	0.0	0.0	1.0	0.0	0.0
EU482468	0.0	0.0	0.0	0.0	0.0	0.0	0.0	1.0	0.0	0.0
EU482676	0.0	0.0	0.0	0.0	0.0	0.0	0.0	1.0	0.0	0.0
n55	2.8687931122448314e-10	1.2075382328182475e-09	5.732669818083858e-10	2.7521329993224305e-09	2.695013350460029e-10	8.071255142673164e-10	1.8011130126483575e-09	0.9999999914288166	6.003789870139921e-10	2.7324701703774497e-10
n73	8.981908634246902e-09	3.7806832543063615e-08	1.794842448434451e-08	8.616657312686806e-08	8.437821318863288e-09	2.5270304765357658e-08	5.639107417858336e-08	0.9999997316446914	1.879727465973213e-08	8.555094932213697e-09
n78	2.6353385239661948e-11	1.1092720526011928e-10	5.26616072532084e-11	2.5281718940400386e-10	2.475700486994335e-11	7.414438330689762e-11	1.6545433297331287e-10	0.9999999992126317	5.515217764238496e-11	2.510109172685999e-11
EU482464	0.0	0.0	0.0	0.0	0.0	0.0	0.0	1.0	0.0	0.0
n81	0.0	0.0	0.0	0.0	0.0	0.0	0.0	1.0	0.0	0.0
n83	1.6866253733191638e-10	7.099377832549766e-10	3.370360285226459e-10	1.6180383756477869e-09	1.5844565015575277e-10	4.745265059393924e-10	1.0589132044349334e-09	0.9999999949608164	3.5297576140409963e-10	1.6064781742277934e-10
FJ410224	0.0	0.0	0.0	0.0	0.0	0.0	0.0	1.0	0.0	0.0
FJ410224.1	0.0	0.0	0.0	0.0	0.0	0.0	0.0	1.0	0.0	0.0
n45	4.302277451584499e-09	1.8109233770834467e-08	8.597181856875687e-09	4.1273243777001993e-08	4.041663067271703e-09	1.210431622207014e-08	2.701096802344506e-08	0.9999998714595035	9.003775724399473e-09	4.097836386655017e-09
n47	8.040529727247096e-09	3.3844361297162545e-08	1.6067279962453317e-08	7.713559789285076e-08	7.553467298569118e-09	2.2621766147534257e-08	5.048081947254328e-08	0.999999759770565	1.6827163562600334e-08	7.658449659530833e-09
n56	4.1550724835263455e-10	1.7489615624679908e-09	8.303024193899897e-10	3.986105532560112e-09	3.9033751745416693e-10	1.1690159882111306e-09	2.608677177393384e-09	0.9999999875857593	8.695706211721974e-10	3.957626490572435e-10
n62	7.295194415210573e-11	3.0707080739313766e-10	1.457788665994345e-10	6.998533704252795e-10	6.853281353499024e-11	2.0524789741458275e-10	4.5801384334591316e-10	0.9999999978203918	1.5267331110004652e-10	6.948532134151973e-11
n74	1.0902729418192544e-09	4.589199046228108e-09	2.178677423744222e-09	1.045936749025852e-08	1.0242286630244311e-09	3.0674470916064607e-09	6.845055415350134e-09	0.9999999674255723	2.2817154767427708e-09	1.0384639723146872e-09
EU482670	0.0	0.0	0.0	0.0	0.0	0.0	0.0	1.0	0.0	0.0
EU482658.1	0.0	0.0	0.0	0.0	0.0	0.0	0.0	1.0	0.0	0.0
EU482658	0.0	0.0	0.0	0.0	0.0	0.0	0.0	1.0	0.0	0.0
EU482649	0.0	0.0	0.0	0.0	0.0	0.0	0.0	1.0	0.0	0.0
EU482649.1	0.0	0.0	0.0	0.0	0.0	0.0	0.0	1.0	0.0	0.0
EU482649.2	0.0	0.0	0.0	0.0	0.0	0.0	0.0	1.0	0.0	0.0
n84	7.033377264533003e-13	2.960503466251142e-12	1.4054701048844586e-12	6.747363406508851e-12	6.60732401574478e-13	1.9788175792259e-12	4.415761896508062e-12	0.9999999999789859	1.4719402034757784e-12	6.699156342197471e-13
EU482669.2	0.0	0.0	0.0	0.0	0.0	0.0	0.0	1.0	0.0	0.0
n46	1.8892293164783446e-12	7.952182471685996e-12	3.775220958174941e-12	1.81240338418788e-11	1.7747875258963917e-12	5.315284595194398e-12	1.1861139415254949e-11	0.9999999999435548	3.953765708733356e-12	1.7994545267993147e-12
EU482469	0.0	0.0	0.0	0.0	0.0	0.0	0.0	1.0	0.0	0.0
FJ432726	0.0	0.0	0.0	0.0	0.0	0.0	0.0	1.0	0.0	0.0
FJ410228	0.0	0.0	0.0	0.0	0.0	0.0	0.0	1.0	0.0	0.0
n57	1.8805781496072548e-08	7.915767804100722e-08	3.7579334504068065e-08	1.8041040189506491e-07	1.766660411356438e-08	5.290944821510345e-08	1.1806824835511972e-07	0.9999994381337528	3.935660608088822e-08	1.7912144570245676e-08
n61	1.3438298736380294e-08	5.656476041771628e-08	2.68535675311072e-08	1.289182731556587e-07	1.2624261522182646e-08	3.780821186506359e-08	8.436960692160535e-08	0.9999995984997229	2.8123576245713116e-08	1.2799720649443041e-08
n63	8.456022745168285e-11	3.5593262960609e-10	1.6897553945367877e-10	8.112156690793315e-10	7.943791447613214e-11	2.379074209889417e-10	5.308940730708672e-10	0.9999999974735674	1.7696704402426566e-10	8.054198754376279e-11
n70	8.367913324704559e-10	3.5222390995575065e-09	1.672148610233474e-09	8.027630259600218e-09	7.861019335731911e-10	2.3542849140004808e-09	5.253623035244064e-09	0.999999974998922	1.7512309632449554e-09	7.970276228865897e-10
n75	2.0652938561467857e-09	8.693276913755485e-09	4.12704830615763e-09	1.98130822001024e-08	1.9401867953396155e-09	5.810636391451782e-09	1.296652457568791e-08	0.9999999382945661	4.3222323281073435e-09	1.9671526088435788e-09
EU482699	0.0	0.0	0.0	0.0	0.0	0.0	0.0	1.0	0.0	0.0
EU482669	0.0	0.0	0.0	0.0	0.0	0.0	0.0	1.0	0.0	0.0
EU482669.1	0.0	0.0	0.0	0.0	0.0	0.0	0.0	1.0	0.0	0.0
FJ410259	0.0	0.0	0.0	0.0	0.0	0.0	0.0	1.0	0.0	0.0
FJ410259.1	0.0	0.0	0.0	0.0	0.0	0.0	0.0	1.0	0.0	0.0
n58	4.200876548681803e-11	1.7682415027528557e-10	8.394553827299209e-11	4.030046965171405e-10	3.9464046166343787e-11	1.181902811414357e-10	2.6374343217937807e-10	0.999999998744891	8.791564634282251e-11	4.00125398018997e-11
n60	1.026487480473039e-10	4.3207119847361246e-10	2.0512158136576467e-10	9.847451377177225e-10	9.643070642309971e-11	2.8879887923233984e-10	6.444591457325116e-10	0.9999999969331309	2.1482257158192482e-10	9.777095492479383e-11
FJ410195	0.0	0.0	0.0	0.0	0.0	0.0	0.0	1.0	0.0	0.0
FJ205877	0.0	0.0	0.0	0.0	0.0	0.0	0.0	1.0	0.0	0.0
n64	2.704222577653753e-12	1.1382668686108223e-11	5.403810782355776e-12	2.5942547622927033e-11	2.5404118262433707e-12	7.608241351967524e-12	1.6977907723357593e-11	0.9999999999192051	5.6593778230375496e-12	2.5757199067304094e-12
FJ547067	0.0	0.0	0.0	0.0	0.0	0.0	0.0	1.0	0.0	0.0
n71	4.4895977498540124e-08	1.889770618098451e-07	8.971501432456308e-08	4.307027254185092e-07	4.217636267463005e-08	1.2631335725247834e-07	2.818702015946816e-07	0.9999986586287626	9.395798315509941e-08	4.2762553619177984e-08
n72	3.928188651662764e-08	1.6534611584081114e-07	7.849645353305217e-08	3.7684479824149647e-07	3.690235037922541e-08	1.105182967736351e-07	2.46623280934718e-07	0.9999988263627244	8.220885338223992e-08	3.7415240117767264e-08
n76	0.0	0.0	0.0	0.0	0.0	0.0	0.0	1.0	0.0	0.0
EU482474	0.0	0.0	0.0	0.0	0.0	0.0	0.0	1.0	0.0	0.0
n59	8.678586051562356e-14	3.65300809575087e-13	1.7342299139342448e-13	8.325669410602565e-13	8.152872778537493e-14	2.4416916647221175e-13	5.448672545308135e-13	0.9999999999974071	1.816248331087772e-13	8.266186015899823e-14
FJ024452	0.0	0.0	0.0	0.0	0.0	0.0	0.0	1.0	0.0	0.0
FM210206.1	0.0	0.0	0.0	0.0	0.0	0.0	0.0	1.0	0.0	0.0
FM210206	0.0	0.0	0.0	0.0	0.0	0.0	0.0	1.0	0.0	0.0
n65	1.0945454461411388e-08	4.607182958335732e-08	2.187215110365525e-08	1.0500355110048241e-07	1.0282423564965154e-08	3.0794676421065704e-08	6.871879458875255e-08	0.9999996729792152	2.2906569434725856e-08	1.0425334503689004e-08
n69	0.0	0.0	0.0	0.0	0.0	0.0	0.0	1.0	0.0	0.0
FJ461309	0.0	0.0	0.0	0.0	0.0	0.0	0.0	1.0	0.0	0.0
FJ410202	0.0	0.0	0.0	0.0	0.0	0.0	0.0	1.0	0.0	0.0
FJ205879	0.0	0.0	0.0	0.0	0.0	0.0	0.0	1.0	0.0	0.0
EU482679	0.0	0.0	0.0	0.0	0.0	0.0	0.0	1.0	0.0	0.0
EU482467	0.0	0.0	0.0	0.0	0.0	0.0	0.0	1.0	0.0	0.0
FJ410217.1	0.0	0.0	0.0	0.0	0.0	0.0	0.0	1.0	0.0	0.0
FJ410217	0.0	0.0	0.0	0.0	0.0	0.0	0.0	1.0	0.0	0.0
FJ024452.1	0.0	0.0	0.0	0.0	0.0	0.0	0.0	1.0	0.0	0.0
FJ024452.2	0.0	0.0	0.0	0.0	0.0	0.0	0.0	1.0	0.0	0.0
n66	4.8921628386904226e-09	2.0592191342333277e-08	9.775941712494805e-09	4.693221943733447e-08	4.595815608528944e-09	1.3763939372984934e-08	3.071444263844169e-08	0.9999998538353125	1.0238283677076074e-08	4.659690853374376e-09
EU677148	0.0	0.0	0.0	0.0	0.0	0.0	0.0	1.0	0.0	0.0
FJ410223	0.0	0.0	0.0	0.0	0.0	0.0	0.0	1.0	0.0	0.0
FJ410223.1	0.0	0.0	0.0	0.0	0.0	0.0	0.0	1.0	0.0	0.0
n67	7.885403192196698e-09	3.319139953007507e-08	1.5757292741112186e-08	7.564741509444509e-08	7.407737694999242e-09	2.2185322739173294e-08	4.9506889286731825e-08	0.9999997644053293	1.6502515850727963e-08	7.51069462350192e-09
FJ461311	0.0	0.0	0.0	0.0	0.0	0.0	0.0	1.0	0.0	0.0
FJ547064	0.0	0.0	0.0	0.0	0.0	0.0	0.0	1.0	0.0	0.0
FJ410237	0.0	0.0	0.0	0.0	0.0	0.0	0.0	1.0	0.0	0.0
