node	Africa	Caribbean	Central America	Eastern Asia	Europe	Oceania	South America	South-eastern Asia	Southern Asia	Western Asia
AF022434_EU003591	0.06774275072615524	0.07998062920069585	0.05734743376033542	0.20416504965116847	0.026585551549276627	0.10895390271102344	0.23768088970142043	0.12106965173777638	0.06769450978618033	0.028779631175967837
EF105379_EU003591	0.1936315527346408	0.0627327658097373	0.04508270185981943	0.16049137716196657	0.021144597445935286	0.08545063242530701	0.18676067816172973	0.17540407793288235	0.0466754793056564	0.022626137162325113
AF022434_JQ922552.1	0.02288045386133853	0.0368397844473107	0.022306609777632977	0.07979536779506809	0.010278752768487684	0.05047859256096657	0.09598948318570696	0.3812057462033959	0.2890919049499385	0.011133304450154114
EF105383_EU003591	0.9958440638699376	0.0002100008647820782	0.00015093527022685195	0.000537317639504415	0.0017965117484248219	0.0002860486404419498	0.000625251886894652	0.000319051441343846	0.00015506686235081067	7.57517760929835e-05
EF105379_EF105379.1	0.0	0.0	0.0	0.0	0.0	0.0	0.0	1.0	0.0	0.0
AF022434_GU131843.2	0.0017664047139668182	0.008852850369110028	0.001703251294140407	0.008234137642173045	0.0007875513021738524	0.014058448142972071	0.007159538894572736	0.9043249780148075	0.05225980286781227	0.0008530367582712828
AF100465_JQ922552.1	0.002168228892839243	0.016301958688190465	0.0025844398533587058	0.007533551340122508	0.0009778913088450028	0.020394946251448866	0.024458410403709142	0.012269364726372998	0.912252002455807	0.0010592060793061082
EF105384_EU003591	0.9995504231853869	2.420130989629689e-05	1.7394417045748162e-05	6.192274567724709e-05	0.00017844218418752654	3.296534510708704e-05	7.205661764826195e-05	3.59971366090617e-05	1.786710350964275e-05	8.72995493243595e-06
EF105383_JF260983	0.9871313988475763	0.0004627351980920671	0.0003325902081818885	0.0011839943549115579	0.0077492533159718375	0.0006303054557280069	0.0013777557289420903	0.0006237065491503922	0.00034133904179666565	0.00016692129964919076
EF105379.1	0.0	0.0	0.0	0.0	0.0	0.0	0.0	1.0	0.0	0.0
EF105379	0.0	0.0	0.0	0.0	0.0	0.0	0.0	1.0	0.0	0.0
AF276619_GU131843.2	0.0008685333886020433	0.001891446147022096	0.0007777160209693845	0.0031396065964236154	0.0003601493733141999	0.002842441526056756	0.0032346494275610105	0.9165509558785648	0.06994440351473025	0.00039009812675577067
AF022434_FJ639701.1	0.0010709403779537963	0.011838819553878995	0.0010370246743062542	0.007245102684310115	0.00047989553232605985	0.019405970417618875	0.0043342736390534955	0.9343216607568692	0.01974651167893466	0.0005198006847484431
JQ922550_JQ922552.1	0.0003800115290476106	0.0026725991084445224	0.0004464526779206131	0.0013202194027621703	0.00017140752482513492	0.0033481276137175588	0.00406978147013418	0.002033606650459059	0.9853721333434904	0.00018566067919872857
AF100465_HM582115.1	0.005089668563781053	0.23638859054187128	0.013284352117572333	0.017662082248077637	0.002298501744098167	0.2892591793919783	0.2965437468853451	0.010086765580319233	0.12689747161607137	0.002489641310885357
EF105384_EF105385.1	0.9999913980714104	7.38436368437105e-07	5.307521992050521e-07	1.8894348798844323e-06	4.6391397266951156e-07	1.0058461100316311e-06	2.1986403572979275e-06	9.639560112469613e-07	5.445732665627376e-07	2.663754241187752e-07
EF105387_EU003591	0.9999998582427613	1.212514055811384e-08	8.71496122467568e-09	3.1024556819265353e-08	8.117329659018172e-09	1.6516014155310543e-08	3.6101717376282774e-08	1.5841665489769465e-08	8.941963819255863e-09	4.3738895258685685e-09
EF105383_EF105383.2	0.9999999954277617	2.7740609766010894e-10	1.9938587941238872e-10	7.097976100772056e-10	1.5128923558369496e-09	3.778630957734801e-10	8.259558995344421e-10	3.6428138209180897e-10	2.0458764427971973e-10	1.0006835031163205e-10
JF260983	0.0	0.0	0.0	0.0	1.0	0.0	0.0	0.0	0.0	0.0
AY037116_GU131843.2	0.00025606044695221397	0.0002574944988119582	0.00012949638082327712	0.0006615802949438515	5.998259692060965e-05	0.0003991065141331194	0.0005376768534080474	0.9908949307360222	0.00673870108423725	6.49705937475795e-05
AF276619_JX475906.1	2.91079332919727e-05	4.037902041334789e-05	2.8284733238530703e-05	0.00010136447918121973	1.3105503523034722e-05	5.5338849954582415e-05	0.0001171858932275191	0.0012116064351256823	0.9983894318136437	1.419533840040495e-05
AF489932_FJ639701.1	0.0012123730628512295	0.1060174357602682	0.0011809660861816903	0.004597375062116952	0.0005471344280173467	0.004168142384533041	0.004896406434768762	0.873508387544131	0.003279146108949141	0.0005926331281826087
AF022434_KJ734727.1	0.0011653400973782111	0.00664523527911219	0.0011325431137982466	0.011975395723956306	0.0005244672160338509	0.04067013064963147	0.004710283610069956	0.922336160701974	0.010272363536440128	0.0005680800716054828
JQ922552_JQ922552.1	0.0	0.0	0.0	0.0	0.0	0.0	0.0	0.0	1.0	0.0
JQ922550_JQ922553.1	0.00015837728584548134	0.0008859894868196365	0.00017803504558102165	0.000550057427288317	7.146068219295281e-05	0.0011158864914575632	0.0014283516125021592	0.000703363980387137	0.9948310750008562	7.740298706954123e-05
HM582115_HM582115.1	1.2232533565173066e-07	1.7079380011875078e-06	1.7516219565174128e-07	4.2446822188317557e-07	5.5245455446996464e-08	0.9999939428872281	2.348474547300808e-06	2.2283353876198778e-07	9.408258884352769e-07	5.983958764852876e-08
AF100465_GQ868600	0.003129028290812902	0.3557170334902878	0.015803370904220567	0.010858016465302937	0.0014131126530641171	0.11807357213540288	0.43551091231331024	0.005959527435267714	0.05200480141810371	0.0015306248942269537
EF105385_EF105385.1	1.0	0.0	0.0	0.0	0.0	0.0	0.0	0.0	0.0	0.0
EF105384	1.0	0.0	0.0	0.0	0.0	0.0	0.0	0.0	0.0	0.0
EF105387_EF105388.1	0.9999999740381792	2.267512231960794e-09	1.6297785034008766e-09	5.80187951086502e-09	9.843892279359356e-10	3.0886456998604724e-09	6.751354806027061e-09	2.9481373917723162e-09	1.6721656054775136e-09	8.179578855978491e-10
EU003591	1.0	0.0	0.0	0.0	0.0	0.0	0.0	0.0	0.0	0.0
EF105383_EF105383.3	0.9999999999994618	4.5892542356851243e-14	3.2985352568939786e-14	1.1742518389457486e-13	3.2661268813742527e-14	6.251159345119335e-14	1.3664176516896756e-13	5.959603188000613e-14	3.3842910508882776e-14	1.6554782940585754e-14
EF105383.2	1.0	0.0	0.0	0.0	0.0	0.0	0.0	0.0	0.0	0.0
AY037116_JN851131.1	1.623463167664869e-05	2.1160064363978872e-05	1.4678690745571073e-05	0.0020336258509405297	6.801201009579826e-06	0.00022948612610673098	6.081826141521294e-05	0.9975317567261562	7.80716686516024e-05	7.366778933936099e-06
GQ398259_GU131843.2	0.0005868423391195869	2.3794064280655e-05	1.5651929973502475e-05	6.095305907723589e-05	7.251826382460143e-06	3.367251476129401e-05	6.487040052225125e-05	0.999010696397937	0.00018841259147728035	7.854876468559652e-06
AF276619_FJ882602.1	1.2065771210146034e-07	1.671200172311278e-07	1.1727033316157776e-07	6.369009420320978e-07	5.4336340060098596e-08	2.2894132754237063e-07	4.858555832014143e-07	4.6909774510376744e-06	0.9999934390854207	5.885487297683332e-08
JX475906_JX475906.1	5.588099529949211e-10	7.581996726013272e-10	5.446458417515332e-10	1.9391794564713054e-09	2.5236219439847747e-10	1.0329087997323917e-09	2.2562013357395367e-09	1.473449522684284e-09	0.9999999909108949	2.733482911507355e-10
AF489932_M20558	1.576128207533731e-05	0.998574835808448	1.5361795665141504e-05	5.522027156722122e-05	7.117814626183158e-06	3.173126376824052e-05	6.370990943192194e-05	0.0012099859713378528	1.8566161008042136e-05	7.709722072084522e-06
EU482664_FJ639701.1	1.0849625651328212e-07	3.731088050444653e-06	1.0572737646371129e-07	3.898836136734224e-07	4.898658472262311e-08	2.666412497279211e-07	4.3812162400638903e-07	0.9999946785267028	1.7946830787943882e-07	5.306023377369663e-08
AF022434_M84728	8.052094776328648e-05	0.00021244544026112084	7.841729781372282e-05	0.000441091927208734	3.632867441153848e-05	0.0009339273591625219	0.0003252252416824805	0.9975865208206955	0.0002661725963324953	3.9349694668586826e-05
AF204177_KJ734727.1	0.005542416891062396	0.010167187412996562	0.0054005534632330715	0.09153852492825416	0.0025021969621117596	0.3580178407414602	0.022381583852078592	0.4914301188100065	0.010309301266433188	0.0027102756723633705
JQ922552.1	0.0	0.0	0.0	0.0	0.0	0.0	0.0	0.0	1.0	0.0
JQ922552.2	0.0	0.0	0.0	0.0	0.0	0.0	0.0	0.0	1.0	0.0
JQ922552	0.0	0.0	0.0	0.0	0.0	0.0	0.0	0.0	1.0	0.0
JQ922553_JQ922553.1	0.0	0.0	0.0	0.0	0.0	0.0	0.0	0.0	1.0	0.0
JQ922550	0.0	0.0	0.0	0.0	0.0	0.0	0.0	0.0	1.0	0.0
HM582115	0.0	0.0	0.0	0.0	0.0	1.0	0.0	0.0	0.0	0.0
HM582115.1	0.0	0.0	0.0	0.0	0.0	1.0	0.0	0.0	0.0	0.0
AF100465_GQ868592	0.0005485595658478582	0.029007571808355018	0.02833974726293216	0.0019035014325870564	0.0002477440616664079	0.010043365819413501	0.9241605617932372	0.0010016955088164921	0.0044789066490213405	0.0002683460981229683
GQ868600	0.0	1.0	0.0	0.0	0.0	0.0	0.0	0.0	0.0	0.0
EF105385.1	1.0	0.0	0.0	0.0	0.0	0.0	0.0	0.0	0.0	0.0
EF105385	1.0	0.0	0.0	0.0	0.0	0.0	0.0	0.0	0.0	0.0
EF105388_EF105388.1	1.0	0.0	0.0	0.0	0.0	0.0	0.0	0.0	0.0	0.0
EF105387	1.0	0.0	0.0	0.0	0.0	0.0	0.0	0.0	0.0	0.0
EF105383.1_EF105383.3	0.9999999999999647	3.115168330768888e-15	2.2390334485473637e-15	7.970777729802638e-15	1.037557583387638e-15	4.2432631837418336e-15	9.275191915372512e-15	4.0417318687753565e-15	2.297227931387112e-15	1.1237325047423712e-15
EF105383	1.0	0.0	0.0	0.0	0.0	0.0	0.0	0.0	0.0	0.0
AY037116_JN851126	7.960738791017565e-06	1.0686769699424316e-05	7.6136398506144264e-06	0.0017585068494709723	3.52776523623026e-06	0.0008050486643157543	3.154099288463123e-05	0.997355459451458	1.583399898409313e-05	3.8211293092621525e-06
FJ196852_JN851131.1	0.00014865178318865976	0.00020115809843829847	0.00014431489817954025	0.014230012247794162	6.68683864129873e-05	0.0003753995601067609	0.0005978301672788823	0.9839834300268685	0.00017990576152632969	7.242907020574029e-05
GQ398262_GU131843.2	0.004849817654235803	0.00010181986060308223	7.23817160512656e-05	0.0002605657252784389	3.3537870869447513e-05	0.00013938934768433514	0.00029985898315518786	0.9940367741973752	0.00016952781118171554	3.632683356542957e-05
GQ398259	0.0	0.0	0.0	0.0	0.0	0.0	0.0	1.0	0.0	0.0
FJ882602_FJ882602.1	1.3258168080027738e-09	1.7979840975936947e-09	1.292298200921338e-09	4.60097426482135e-09	5.987879212030888e-10	2.449090421588274e-09	5.353343048609141e-09	2.342910044136829e-09	0.9999999795902129	6.485823110732762e-10
AF276619_JQ955623	5.234261039447497e-07	7.099203942143981e-07	5.101849251287823e-07	3.9214362748452533e-05	2.3639477235895484e-07	9.67036448992617e-07	2.1134417069926958e-06	1.0338504642281808e-06	0.999954435329305	2.560531308027109e-07
JQ922551	0.0	0.0	0.0	0.0	0.0	0.0	0.0	0.0	1.0	0.0
JX475906	0.0	0.0	0.0	0.0	0.0	0.0	0.0	0.0	1.0	0.0
JX475906.1	0.0	0.0	0.0	0.0	0.0	0.0	0.0	0.0	1.0	0.0
AF489932_GQ398284.2	6.497812372776343e-10	0.9999998661172478	6.335684989176524e-10	2.27216131822915e-09	2.934467015662666e-10	1.286571812333407e-09	8.756041777081715e-08	4.0126679810056855e-08	7.422756008007097e-10	3.178493190986595e-10
M20558	0.0	1.0	0.0	0.0	0.0	0.0	0.0	0.0	0.0	0.0
FJ639697_FJ639701.1	1.0602684849014435e-07	2.1261807134419382e-07	1.0334589496548615e-07	3.6816234429823375e-07	4.78853999559276e-08	1.971269126752018e-07	4.2811298571595366e-07	0.9999983774586437	1.0739541413911689e-07	5.186748457981906e-08
EU482664_FM210227	1.1645196955805744e-06	1.6120487477613699e-06	1.1350793506990252e-06	4.040914175148237e-06	5.259403591559435e-07	2.1517315720395245e-06	4.702065446987453e-06	0.999982932792772	1.1652310359788972e-06	5.696768446807365e-07
FM210222_FM210243	1.1437052101902e-07	1.5746316860301613e-07	1.1147911409098508e-07	3.968655167845872e-07	5.1653979873773325e-08	2.1131128036161286e-07	4.618021200706049e-07	0.9999983246814971	1.1442334772767696e-07	5.594945464543782e-08
AF022434_DQ181804	7.998346266750915e-08	1.278597741148936e-07	7.794863555408917e-08	3.079047764990044e-07	3.611645295996988e-08	2.9521980362211896e-07	3.2297377453158604e-07	0.9999985980177775	1.1485569864709549e-07	3.9119843803040036e-08
M84727_M84728	1.4636359057261511e-06	2.137603723073246e-06	1.4265332732789126e-06	5.317876428629262e-06	6.609769196747469e-07	3.865121119950665e-06	5.909976105827322e-06	0.9999767640076593	1.738326036138573e-06	7.159428282240773e-07
AF204177_M29095.1	0.0	0.0	0.0	0.0	0.0	1.0	0.0	0.0	0.0	0.0
KJ734727_KJ734727.1	1.2192383185455285e-07	1.6956223140145226e-07	1.1883870924189724e-07	0.9999970936357722	5.506381048705648e-08	7.785806307351851e-07	4.923047278224783e-07	9.809329286776683e-07	1.2951451637487412e-07	5.964284120765798e-08
JQ922553	0.0	0.0	0.0	0.0	0.0	0.0	0.0	0.0	1.0	0.0
JQ922553.1	0.0	0.0	0.0	0.0	0.0	0.0	0.0	0.0	1.0	0.0
AF100465_JX966379	0.0005403529897446324	0.021161041443619747	0.038421304089125086	0.001875013327081686	0.0002440392963029058	0.007524846453940323	0.9256108189866196	0.0009771342440974913	0.0033811159135668516	0.0002643332559015988
GQ868592	0.0	0.0	0.0	0.0	0.0	0.0	1.0	0.0	0.0	0.0
EF105388.1	1.0	0.0	0.0	0.0	0.0	0.0	0.0	0.0	0.0	0.0
EF105388.2	1.0	0.0	0.0	0.0	0.0	0.0	0.0	0.0	0.0	0.0
EF105388	1.0	0.0	0.0	0.0	0.0	0.0	0.0	0.0	0.0	0.0
EF105383.3	1.0	0.0	0.0	0.0	0.0	0.0	0.0	0.0	0.0	0.0
EF105383.1	1.0	0.0	0.0	0.0	0.0	0.0	0.0	0.0	0.0	0.0
AY037116_FJ196853.1	0.001510089956461455	0.002047810861225915	0.0014718290413551754	0.14366512291718464	0.0006819737401660778	0.2619026032302212	0.006097049950069015	0.5803701043166416	0.001514730237013708	0.0007386857496611304
AY858035_JN851126	2.289607008776144e-08	3.0817129033701775e-08	2.2005686523902237e-08	3.806382020226398e-06	1.0196310155575159e-08	7.413911403121105e-06	9.11617282903546e-08	0.9999885518703147	3.9715116574569314e-08	1.1044221259998944e-08
FJ196852_FJ196852.1	0.0	0.0	0.0	1.0	0.0	0.0	0.0	0.0	0.0	0.0
JN851131_JN851131.1	0.0	0.0	0.0	0.0	0.0	0.0	0.0	1.0	0.0	0.0
GQ398262_GQ398262.2	1.0822108331639584e-07	7.762732515659803e-09	5.562273817905378e-09	1.9863339977429943e-08	2.577280153317845e-09	1.0588821001245629e-08	2.304209235067969e-08	0.9999998118389285	7.751845037840528e-09	2.791603245747403e-09
GU131843_GU131843.2	1.0	0.0	0.0	0.0	0.0	0.0	0.0	0.0	0.0	0.0
FJ882602.1	0.0	0.0	0.0	0.0	0.0	0.0	0.0	0.0	1.0	0.0
FJ882602	0.0	0.0	0.0	0.0	0.0	0.0	0.0	0.0	1.0	0.0
DQ448231_JQ955623	1.769019560073825e-08	2.3990257194663313e-08	1.7242961630800648e-08	1.1832385065079212e-07	7.989546951393872e-09	3.2677879122540304e-08	7.142893849444304e-08	3.125711415821501e-08	0.9999996707426824	8.656573831761758e-09
AF276619_KF041236.1	4.5972227236149385e-05	6.23442545539408e-05	4.481000129720355e-05	0.004371575217055866	2.0762767899569532e-05	8.492098394046968e-05	0.00018562534866117057	8.097561026985745e-05	0.9950805242175501	2.2489371535553697e-05
AF489932_GQ868603.1	1.1358613387481818e-10	0.9999999882218834	1.1071466130721689e-10	3.9414202641853805e-10	5.1299723261407196e-11	2.0985380592271537e-10	1.0513607672027087e-08	2.1571703269293672e-10	1.1362976974755546e-10	5.556573853569168e-11
EU529701_GQ398284.2	5.280094421750837e-07	0.9999920584711603	5.146608974320243e-07	1.832151856978498e-06	2.384687396791897e-07	9.753539981828725e-07	2.13577537855084e-06	9.30767536526033e-07	5.280415141670637e-07	2.582994760324744e-07
AY702039_JN819419	7.809382710931488e-06	0.9856722312568368	7.65383474818901e-06	2.7097942680233815e-05	3.5270082498942445e-06	1.4425662103689747e-05	0.01424188150718322	1.3743293452965336e-05	7.809802570747888e-06	3.820309463358169e-06
FJ639697_JX649148.1	4.833911576058955e-07	6.740548952804221e-07	4.711704594129671e-07	1.6773984300142505e-06	2.1831738626452575e-07	8.932724335393837e-07	1.9518235109024514e-06	0.9999929103160067	4.837833569656805e-07	2.3647236340526712e-07
FJ639701_FJ639701.1	0.0	0.0	0.0	0.0	0.0	0.0	0.0	1.0	0.0	0.0
EU482664_FM210241	2.6643488997839467e-07	3.6153899972550533e-07	2.596991743706359e-07	9.245088534644627e-07	1.2033192421011355e-07	4.921681855885278e-07	1.0758033579822e-06	0.9999961027227169	2.66453334321511e-07	1.3033856351653932e-07
FM210227	0.0	0.0	0.0	0.0	0.0	0.0	0.0	1.0	0.0	0.0
FM210235_FM210243	5.949800030121758e-08	8.074159967333064e-08	5.799383686225346e-08	2.064535683656515e-07	2.6871513927246743e-08	1.099069688654363e-07	2.4023936406717523e-07	0.9999991296868024	5.950223297185462e-08	2.910611251154546e-08
FM210222_FM210234	3.3914444662789884e-07	4.5996941913417766e-07	3.3057056918795907e-07	1.1768046271662582e-06	1.5317027022978497e-07	6.26475611119246e-07	1.3693879727498416e-06	0.9999950394060686	3.3916331347704284e-07	1.65907701769976e-07
AF022434_DQ181805.1	5.3209921256901377e-08	8.358984044307413e-08	5.1857197534082085e-08	2.0253459517245897e-07	2.4027422243185984e-08	1.8521665440119705e-07	2.148606052450728e-07	0.999999084912952	7.376530427494992e-08	2.602550748788298e-08
DQ181804	0.0	0.0	0.0	0.0	0.0	0.0	0.0	1.0	0.0	0.0
M84727_M84727.1	3.6544694170941457e-10	4.972562440057122e-10	3.5620701797901e-10	1.2706774701987555e-09	1.650488517112989e-10	6.877135573024772e-10	1.4755930636086981e-09	0.9999999946348249	3.6845774950136017e-10	1.787740895769703e-10
M84728	0.0	0.0	0.0	0.0	0.0	0.0	0.0	1.0	0.0	0.0
AF204177	0.0	0.0	0.0	1.0	0.0	0.0	0.0	0.0	0.0	0.0
AF204178	0.0	0.0	0.0	1.0	0.0	0.0	0.0	0.0	0.0	0.0
M29095.1	0.0	0.0	0.0	0.0	0.0	1.0	0.0	0.0	0.0	0.0
M29095	0.0	0.0	0.0	0.0	0.0	1.0	0.0	0.0	0.0	0.0
KJ734727.1	0.0	0.0	0.0	1.0	0.0	0.0	0.0	0.0	0.0	0.0
KJ734727	0.0	0.0	0.0	1.0	0.0	0.0	0.0	0.0	0.0	0.0
JX966379	0.0	0.0	1.0	0.0	0.0	0.0	0.0	0.0	0.0	0.0
AF100465	0.0	0.0	0.0	0.0	0.0	0.0	1.0	0.0	0.0	0.0
FJ196853_FJ196853.1	1.0100099905043786e-06	1.3696961792913658e-06	9.844682684803015e-07	0.9999100904902316	4.561545533072504e-07	2.5665608771425132e-05	4.078158059591352e-06	5.484084388337158e-05	1.0104823163518883e-06	4.940877461200349e-07
AY037116	0.0	0.0	0.0	0.0	0.0	1.0	0.0	0.0	0.0	0.0
AY858035_JN851128.2	1.6573026015201649e-09	2.2439994753431215e-09	1.610703426318476e-09	9.340982216260788e-08	7.463205956570328e-10	1.1429387395673007e-07	6.672384437470482e-09	0.9999997766460502	1.911159489745314e-09	8.083835993572618e-10
EU179858_JN851126	1.407534359366349e-06	1.908782429219965e-06	1.3719330385075652e-06	5.094387089354327e-06	6.35686818245681e-07	0.0001609173434435335	5.683230253402386e-06	0.9998208839948268	1.4085580711980346e-06	6.885496702512438e-07
FJ196852	0.0	0.0	0.0	1.0	0.0	0.0	0.0	0.0	0.0	0.0
FJ196852.1	0.0	0.0	0.0	1.0	0.0	0.0	0.0	0.0	0.0	0.0
JN851131.1	0.0	0.0	0.0	0.0	0.0	0.0	0.0	1.0	0.0	0.0
JN851131.2	0.0	0.0	0.0	0.0	0.0	0.0	0.0	1.0	0.0	0.0
JN851131	0.0	0.0	0.0	0.0	0.0	0.0	0.0	1.0	0.0	0.0
GQ398262.1_GQ398262.2	2.5017934194986395e-11	1.9394383014645553e-11	1.3937952510038667e-11	4.962447451091478e-11	6.458166397624862e-12	2.641922985983755e-11	5.773798255092585e-11	0.9999999997799005	1.4514029028410573e-11	6.995218737306988e-12
GQ398262	0.0	0.0	0.0	0.0	0.0	0.0	0.0	1.0	0.0	0.0
GU131843.2	1.0	0.0	0.0	0.0	0.0	0.0	0.0	0.0	0.0	0.0
GU131843	1.0	0.0	0.0	0.0	0.0	0.0	0.0	0.0	0.0	0.0
GU131843.1	1.0	0.0	0.0	0.0	0.0	0.0	0.0	0.0	0.0	0.0
DQ448231_JQ922549.1	1.4494351593366965e-08	1.965621739854335e-08	1.412791809131312e-08	8.974357226985676e-08	6.546187806026734e-09	2.6774329259302495e-08	5.852487514688078e-08	2.554566297368916e-08	0.9999997374897504	7.09713508287544e-09
JQ955623	0.0	0.0	0.0	0.0	0.0	0.0	0.0	0.0	1.0	0.0
KF041236_KF041236.1	0.0	0.0	0.0	0.0	0.0	0.0	0.0	0.0	1.0	0.0
AF276619	0.0	0.0	0.0	1.0	0.0	0.0	0.0	0.0	0.0	0.0
GQ868603_GQ868603.1	1.5138542779337427e-09	0.999999977246632	1.4755826781483902e-09	5.2529548217734745e-09	6.83713006144994e-10	2.7964234557337542e-09	6.1127267419252445e-09	2.6636089533872713e-09	1.5139343919044108e-09	7.405696506878479e-10
AF489932_GQ398282	1.0221625147257263e-06	0.9995169602618246	9.963213256318748e-07	3.5468232249748752e-06	4.6164668283909354e-07	1.8881600973713297e-06	0.000471803885384047	1.7984857377177383e-06	1.0222166145340713e-06	5.000365936856967e-07
EU482561_EU482576.1	2.1634021937675578e-08	0.9999996748320185	2.1087094375804116e-08	7.506834806722053e-08	9.770730505313986e-09	3.9962820269652715e-08	8.73617286940341e-08	3.806481987468097e-08	2.1635166846453393e-08	1.058325117739674e-08
GQ398284_GQ398284.2	3.991609258801688e-11	0.9999999994000595	3.890697781433553e-11	1.3850568998942088e-10	1.802759489761615e-11	7.37338465097811e-11	1.6117300097775315e-10	7.023231529833789e-11	3.991820595482128e-11	1.952674519290668e-11
EU529701_EU529701.1	2.1595375285502316e-10	0.9999999967542031	2.1049424747533067e-10	7.493424737592789e-10	9.753276236863016e-11	3.9891432054919543e-10	8.719791518370064e-10	3.7997135021045413e-10	2.1596518892584648e-10	1.0564345435698644e-10
AY702039_EU920828	2.9164235590152014e-07	0.9868213483238367	3.4368093718131077e-07	1.0119759818134631e-06	1.3171655602921612e-07	5.387280542147482e-07	0.013175386390006781	5.132143824685926e-07	2.9165796304515546e-07	1.4266992584848094e-07
EU920834_JN819419	1.530140069078805e-05	0.0023870880200873327	1.4914668042707026e-05	5.309465231449208e-05	6.910682763207352e-06	2.826506912619584e-05	0.9974447152900122	2.69226407517318e-05	1.5302210459982348e-05	7.485365751368588e-06
JX649148_JX649148.1	6.079448370083331e-10	8.244975657570473e-10	5.925754435666017e-10	2.1095207616769367e-09	2.7457054344958225e-10	1.1230093562905721e-09	2.4547426798244356e-09	0.9999999911077574	6.079779414427912e-10	2.9740345674867756e-10
FJ639697_FJ639697.2	0.0	0.0	0.0	0.0	0.0	0.0	0.0	1.0	0.0	0.0
FJ639701	0.0	0.0	0.0	0.0	0.0	0.0	0.0	1.0	0.0	0.0
FJ639701.1	0.0	0.0	0.0	0.0	0.0	0.0	0.0	1.0	0.0	0.0
EU482664_EU482664.1	1.012263898994597e-10	1.372761289044122e-10	9.866729557874391e-11	3.5124758188249296e-10	4.571760990905022e-11	1.8698752102746098e-10	4.0872908927753427e-10	0.9999999985193971	1.012317522146816e-10	4.9519424226731955e-11
FM210221_FM210241	6.147577485516608e-08	8.337003168125795e-08	5.992161188334257e-08	2.133160890549066e-07	2.776475083337443e-08	1.1355936367201264e-07	2.482251663337549e-07	0.9999991008145329	6.147904923041257e-08	3.007362978516305e-08
FM210235_FM210237	2.0358815284328028e-07	2.760930777294548e-07	1.9844126094052345e-07	7.064348227404438e-07	9.194799659049947e-08	3.760723475220616e-07	8.220425561277075e-07	0.9999970221865588	2.0359895953121e-07	9.959426704547765e-08
FM210243	0.0	0.0	0.0	0.0	0.0	0.0	0.0	1.0	0.0	0.0
FM210234	0.0	0.0	0.0	0.0	0.0	0.0	0.0	1.0	0.0	0.0
FM210222	0.0	0.0	0.0	0.0	0.0	0.0	0.0	1.0	0.0	0.0
AF022434_EU726767.2	1.0696506519486242e-12	1.4509061394454562e-12	1.0426087066474457e-12	3.712110453020079e-12	4.830939773806798e-13	1.978343916505124e-12	4.319005834342766e-12	0.9999999999843509	1.070289541023023e-12	5.23267416026225e-13
DQ181805_DQ181805.1	5.991751234683976e-09	8.12608884809754e-09	5.840274028837249e-09	2.0791705948510483e-08	2.7060979554920162e-09	1.1071984584685479e-08	2.419332624597658e-08	0.9999999123546486	5.992989409714957e-09	2.931133384236072e-09
M84727_M84727.2	1.800055657606778e-12	2.4411992131137414e-12	1.7545485666648516e-12	6.246199547961462e-12	8.129721800568731e-13	3.325821965135338e-12	7.268214539783411e-12	0.9999999999736701	1.8003214597189972e-12	8.805778418402184e-13
M84727.1	0.0	0.0	0.0	0.0	0.0	0.0	0.0	1.0	0.0	0.0
FJ196853	0.0	0.0	0.0	1.0	0.0	0.0	0.0	0.0	0.0	0.0
FJ196853.1	0.0	0.0	0.0	1.0	0.0	0.0	0.0	0.0	0.0	0.0
AY858035_JX470186	1.3415297111406923e-06	1.8192847874269718e-06	1.3076145134435935e-06	0.0001005662415234488	6.058847552747019e-07	2.480898268042836e-06	5.416790702295738e-06	0.9998844638793458	1.3416070849174585e-06	6.562693082302913e-07
GU370051_JN851121	3.73502388499261e-07	5.065167284808123e-07	3.640599056832171e-07	1.2961355596630139e-06	1.6868759454580386e-07	6.900832812802133e-07	1.50811748534919e-06	0.9999945366591529	3.7352247786700197e-07	1.8271542569085499e-07
JN851128_JN851128.2	0.0	0.0	0.0	0.0	0.0	0.0	0.0	1.0	0.0	0.0
EU179858_HM488257	1.6700863593027855e-05	2.2648484024882228e-05	1.6278636440484006e-05	5.8121469880893724e-05	7.542725743557675e-06	0.002267537073844566	6.743422146433772e-05	0.9975188640383348	1.670251810621112e-05	8.1699685671185e-06
JN851126	0.0	0.0	0.0	0.0	0.0	0.0	0.0	1.0	0.0	0.0
GQ398262.2	0.0	0.0	0.0	0.0	0.0	0.0	0.0	1.0	0.0	0.0
GQ398262.1	0.0	0.0	0.0	0.0	0.0	0.0	0.0	1.0	0.0	0.0
DQ448231_KJ010186	6.042141927783702e-07	8.193912775766429e-07	5.889391136326583e-07	3.0924003524896274e-05	2.7288564563754903e-07	1.1161171638732627e-06	2.4396791879032583e-06	1.0631089692987465e-06	0.9999618664312258	3.0522969857218394e-07
JQ922549_JQ922549.1	0.0	0.0	0.0	0.0	0.0	0.0	0.0	0.0	1.0	0.0
KF041236	0.0	0.0	0.0	0.0	0.0	0.0	0.0	0.0	1.0	0.0
KF041236.1	0.0	0.0	0.0	0.0	0.0	0.0	0.0	0.0	1.0	0.0
GQ868603	0.0	1.0	0.0	0.0	0.0	0.0	0.0	0.0	0.0	0.0
GQ868603.1	0.0	1.0	0.0	0.0	0.0	0.0	0.0	0.0	0.0	0.0
AF489932_FJ898465.1	2.0691197766182407e-05	0.7281222203871894	2.0168105648564628e-05	7.179682262461773e-05	9.344915974850697e-06	3.822121560512473e-05	0.271650337117369	3.640591858404448e-05	2.06922927490108e-05	1.0122026489188705e-05
EU482551_GQ398282	3.183800633890842e-08	0.9999966269051326	3.1033112859915094e-08	1.1047536831019098e-07	1.4379230115424275e-08	5.881183483274901e-08	3.023124022026608e-06	5.601861434381267e-08	3.183969125476504e-08	1.5574987352926926e-08
EU482561_EU482575	1.5213627133520794e-09	0.9999999771338813	1.4829012935550737e-09	5.279008499793138e-09	6.871040953840717e-10	2.8102931951721463e-09	6.142943132222988e-09	2.6768197976847506e-09	1.521443224292963e-09	7.442427383001415e-10
EU482576_EU482576.1	7.149923889336071e-10	0.9999999892536593	6.969167372949427e-10	2.480967139084107e-09	3.2291720724658296e-10	1.3207489755850027e-09	2.8869764950416937e-09	1.2580206776571942e-09	7.150302264838774e-10	3.4977056341236636e-10
GQ398284.1_GQ398284.2	2.3886299377085326e-14	0.9999999999996411	2.3282432212710137e-14	8.288357295529103e-14	1.0787942928744265e-14	4.412327449898859e-14	9.644744448005194e-14	4.202766766681318e-14	2.3887563458354934e-14	1.168505360374308e-14
GQ398284	0.0	1.0	0.0	0.0	0.0	0.0	0.0	0.0	0.0	0.0
EU529701	0.0	1.0	0.0	0.0	0.0	0.0	0.0	0.0	0.0	0.0
EU529701.1	0.0	1.0	0.0	0.0	0.0	0.0	0.0	0.0	0.0	0.0
EU482603_EU920828	2.0193930645069947e-05	0.03208291916927748	0.0001463250686370778	7.007134497591459e-05	9.120331612147956e-06	3.730265332758768e-05	0.9675684627509875	3.553098522329511e-05	2.0194999317812687e-05	9.878765996055057e-06
AY702039_EU920849.1	1.4788339262550452e-07	0.999327850374046	1.4438007122196392e-07	5.131436967603419e-07	6.678965102817735e-08	2.7317331316703135e-07	0.000670523821447135	2.601993750284086e-07	1.4789121933277903e-07	7.234378765205335e-08
EU482546	0.0	1.0	0.0	0.0	0.0	0.0	0.0	0.0	0.0	0.0
EU920834_EU920835	1.1249180880441884e-06	6.633945700212637e-05	1.0964818993926994e-06	3.903376950375425e-06	5.080549289680114e-07	2.0779723472378303e-06	0.9999212951767841	1.9792802937809485e-06	1.1249776193820682e-06	5.503040865018864e-07
EU920840_JN819419	1.5338343458358745e-08	1.1741021300445726e-06	1.4950625322548236e-08	5.322284079970292e-08	6.9273674937271456e-09	2.8333310575715783e-08	0.9999986572951515	2.698763769846948e-08	1.5339155174467365e-08	7.503437961406736e-09
JX649148.1	0.0	0.0	0.0	0.0	0.0	0.0	0.0	1.0	0.0	0.0
JX649148	0.0	0.0	0.0	0.0	0.0	0.0	0.0	1.0	0.0	0.0
FJ639697.2	0.0	0.0	0.0	0.0	0.0	0.0	0.0	1.0	0.0	0.0
FJ639697	0.0	0.0	0.0	0.0	0.0	0.0	0.0	1.0	0.0	0.0
FJ639697.1	0.0	0.0	0.0	0.0	0.0	0.0	0.0	1.0	0.0	0.0
EU482664	0.0	0.0	0.0	0.0	0.0	0.0	0.0	1.0	0.0	0.0
EU482664.1	0.0	0.0	0.0	0.0	0.0	0.0	0.0	1.0	0.0	0.0
FM210221_FM210221.1	0.0	0.0	0.0	0.0	0.0	0.0	0.0	1.0	0.0	0.0
FM210241	0.0	0.0	0.0	0.0	0.0	0.0	0.0	1.0	0.0	0.0
FM210235_FM210235.1	2.5371705994729904e-10	3.440726015205976e-10	2.4730286413010384e-10	8.803781664147777e-10	1.1458807911392575e-10	4.686714883646615e-10	1.024451656812975e-09	0.9999999962889705	2.537304868239519e-10	1.2411706806758512e-10
FM210237	0.0	0.0	0.0	0.0	0.0	0.0	0.0	1.0	0.0	0.0
AF100462_EU726767.2	9.19075246200702e-07	1.246382902463187e-06	8.958401960978213e-07	3.1891185409442067e-06	4.1508863079681316e-07	1.6977351210362508e-06	3.7110163538140517e-06	0.9999865570122872	9.191238838789099e-07	4.4960683729995144e-07
DQ181803	0.0	0.0	0.0	0.0	0.0	0.0	0.0	1.0	0.0	0.0
AF169679_JF730047	5.378132480880878e-08	7.293431536673014e-08	5.2421684472732955e-08	1.8661695114784157e-07	2.4289650460678018e-08	9.934599524417438e-08	2.1715673087753393e-07	0.9999992133596316	5.378417120039735e-08	2.6309544787538384e-08
AF022434_EU687246.1	1.9256222892479572e-08	2.6113886843117665e-08	1.8769408232255817e-08	6.681757310887195e-08	8.696827847120563e-09	3.557049984880466e-08	7.77522388532218e-08	0.9999997183460562	1.925724193708516e-08	9.420044233396628e-09
DQ181805	0.0	0.0	0.0	0.0	0.0	0.0	0.0	1.0	0.0	0.0
DQ181805.1	0.0	0.0	0.0	0.0	0.0	0.0	0.0	1.0	0.0	0.0
M84727	0.0	0.0	0.0	0.0	0.0	0.0	0.0	1.0	0.0	0.0
M84727.2	0.0	0.0	0.0	0.0	0.0	0.0	0.0	1.0	0.0	0.0
AY858035_AY858035.1	7.591978800445593e-10	1.0295688634981887e-09	7.40004672948884e-10	3.3019070404156718e-09	3.428820539817954e-10	1.4024257513249868e-09	3.0654679876854143e-09	0.9999999882279119	7.592381013616033e-10	3.7139565967329207e-10
EU482640_JX470186	2.329247298489674e-05	3.1587555152471385e-05	2.2703618205704882e-05	0.0025133196354295007	1.051974876342645e-05	4.302825968700267e-05	9.404969638543371e-05	0.9972268107466218	2.329370999372821e-05	1.1394556776067047e-05
JN851121	0.0	0.0	0.0	0.0	0.0	0.0	0.0	1.0	0.0	0.0
GU370051	0.0	0.0	0.0	0.0	0.0	0.0	0.0	1.0	0.0	0.0
JN851128	0.0	0.0	0.0	0.0	0.0	0.0	0.0	1.0	0.0	0.0
JN851128.2	0.0	0.0	0.0	0.0	0.0	0.0	0.0	1.0	0.0	0.0
JN851128.1	0.0	0.0	0.0	0.0	0.0	0.0	0.0	1.0	0.0	0.0
EU179858	0.0	0.0	0.0	0.0	0.0	0.0	0.0	1.0	0.0	0.0
HM488257	0.0	0.0	0.0	0.0	0.0	1.0	0.0	0.0	0.0	0.0
DQ448231_KF479233	9.545703668581663e-06	1.2945187996679566e-05	9.304379681239051e-06	0.0005505302274587672	4.311195500181896e-06	1.7633024543596182e-05	3.854337560380712e-05	1.67955541198884e-05	0.999335713149221	4.6782022061688985e-06
KF041233_KJ010186	1.8769923037713646e-08	2.5454402402182344e-08	1.8295402475850873e-08	6.955414223831096e-08	8.477196710593112e-09	3.4672196526472174e-08	7.578867088486903e-08	3.3025458442724196e-08	0.9999977531297086	1.962832898590054e-06
JQ922549	0.0	0.0	0.0	0.0	0.0	0.0	0.0	0.0	1.0	0.0
JQ922549.1	0.0	0.0	0.0	0.0	0.0	0.0	0.0	0.0	1.0	0.0
EU687220_FJ898465.1	3.108724186803914e-05	0.004065065504930095	3.0301328391041533e-05	0.00010787027486319478	1.4040156902926716e-05	5.7425006876216623e-05	0.9955932162463889	5.46976354953717e-05	3.108888701150176e-05	1.520771727282015e-05
AF489932_JX669483.1	5.9341230981349e-06	0.0022937426001052204	5.784103120911327e-06	2.0590938636018138e-05	2.6800711279810572e-06	1.0961636968671387e-05	0.9976410281279906	1.0441019617973325e-05	5.934437133193979e-06	2.9029422012291066e-06
EU569708	0.0	1.0	0.0	0.0	0.0	0.0	0.0	0.0	0.0	0.0
EU482551_EU569714.1	3.101166661504456e-08	0.9999995314494509	3.022766374851894e-08	1.0760803470217356e-07	1.4006024302340062e-08	5.728540267973236e-08	1.2766304134553315e-07	5.456466174322099e-08	3.101330775908269e-08	1.5170746251549025e-08
GQ398269_GQ398282	1.7757826224847503e-07	0.9999971236094676	1.7308892382099106e-07	6.161825497353871e-07	8.020096073820338e-08	3.280263001156079e-07	9.2440865278517e-07	3.124468597354785e-07	1.7758765973093127e-07	8.687036365390624e-08
EU482561_EU482590.1	3.0750320022850737e-09	0.9999999537822485	2.9972924233589924e-09	1.067011826612546e-08	1.3887990442146799e-09	5.680263775906693e-09	1.2416278957805892e-08	5.4104825491248074e-09	3.0751947336360326e-09	1.5042896855929776e-09
EU482575	0.0	1.0	0.0	0.0	0.0	0.0	0.0	0.0	0.0	0.0
EU482576.1	0.0	1.0	0.0	0.0	0.0	0.0	0.0	0.0	0.0	0.0
EU482576	0.0	1.0	0.0	0.0	0.0	0.0	0.0	0.0	0.0	0.0
GQ398284.1	0.0	1.0	0.0	0.0	0.0	0.0	0.0	0.0	0.0	0.0
GQ398284.2	0.0	1.0	0.0	0.0	0.0	0.0	0.0	0.0	0.0	0.0
EU482603_GQ868558.2	1.0443576107477555e-06	0.0006823496844499423	0.00030933912023494776	3.6238384545575678e-06	4.71670815310843e-07	1.929159339270486e-06	0.9989978493269456	1.8375349517785667e-06	1.0444128784945965e-06	5.108943193927291e-07
EU920828	0.0	0.0	0.0	0.0	0.0	0.0	1.0	0.0	0.0	0.0
AY702039_EU920833.3	1.3859667632992806e-06	0.9991460821197246	1.3510068510642521e-06	4.8091952429976896e-06	6.259542387698276e-07	2.560186949268882e-06	0.0008386829301044403	2.438592273770685e-06	1.3860401091849002e-06	6.78007742701975e-07
EU482726_EU920849.1	4.70030497409574e-08	0.9999891119342864	4.581548186045068e-08	1.630968715880322e-07	2.122832884565335e-08	8.682502185608213e-08	1.0371396461972535e-05	8.270131264795756e-08	4.7005537154437855e-08	2.299364782681686e-08
EU920835	0.0	0.0	0.0	0.0	0.0	0.0	1.0	0.0	0.0	0.0
EU920834	0.0	0.0	0.0	0.0	0.0	0.0	1.0	0.0	0.0	0.0
JN819419	0.0	0.0	0.0	0.0	0.0	0.0	1.0	0.0	0.0	0.0
FJ850085_FJ850085.2	0.0	0.0	0.0	0.0	0.0	0.0	1.0	0.0	0.0	0.0
EU920840_FJ850088.1	6.583127496943464e-07	9.313600629162526e-07	6.416700120314593e-07	2.284293265929263e-06	2.9731856998250784e-07	1.216049154131347e-06	0.9999918323118987	1.158293520557613e-06	6.583475877455407e-07	3.220431782575481e-07
FM210221	0.0	0.0	0.0	0.0	0.0	0.0	0.0	1.0	0.0	0.0
FM210221.1	0.0	0.0	0.0	0.0	0.0	0.0	0.0	1.0	0.0	0.0
FM210235.1	0.0	0.0	0.0	0.0	0.0	0.0	0.0	1.0	0.0	0.0
FM210235	0.0	0.0	0.0	0.0	0.0	0.0	0.0	1.0	0.0	0.0
EU726767_EU726767.2	0.0	0.0	0.0	0.0	0.0	0.0	0.0	1.0	0.0	0.0
AF100462	0.0	0.0	0.0	0.0	0.0	0.0	0.0	1.0	0.0	0.0
EU482451_JF730047	2.338789575653216e-07	3.1716960625149867e-07	2.2796628684602823e-07	8.11541517397919e-07	1.0562845280545866e-07	4.320261283866429e-07	9.443499212123879e-07	0.9999965791354235	2.3389133449016164e-07	1.1441237140989424e-07
AF169679_AF169679.1	0.0	0.0	0.0	0.0	0.0	0.0	0.0	1.0	0.0	0.0
AF100460_EU687246.1	2.2796864377706207e-09	3.0915446920621566e-09	2.2220539111419138e-09	7.910331951883601e-09	1.0295913484907808e-09	4.2110847248068225e-09	9.204854213087384e-09	0.9999999666558349	2.279807079279842e-09	1.115210765994042e-09
AF022434	0.0	0.0	0.0	0.0	0.0	0.0	0.0	1.0	0.0	0.0
AY858035_AY858035.2	2.2724031438523187e-12	3.0816676193262603e-12	2.214954745404523e-12	7.925596445322983e-12	1.0263019415200108e-12	4.197632052945806e-12	9.175445932163822e-12	0.9999999999667217	2.2725234026071207e-12	1.1116478164093204e-12
AY858035.1	0.0	0.0	0.0	0.0	0.0	0.0	0.0	1.0	0.0	0.0
EU482640	0.0	0.0	0.0	0.0	0.0	0.0	0.0	1.0	0.0	0.0
JX470186	0.0	0.0	0.0	1.0	0.0	0.0	0.0	0.0	0.0	0.0
DQ448231	0.0	0.0	0.0	0.0	0.0	0.0	0.0	0.0	1.0	0.0
KF479233	0.0	0.0	0.0	1.0	0.0	0.0	0.0	0.0	0.0	0.0
KF041233_KJ830750	2.3899027390488508e-08	3.2410120115818814e-08	2.3294838450427487e-08	8.646809388886635e-08	1.0793691373907757e-08	4.41467859408571e-08	9.649882515380465e-08	4.2050057033026924e-08	0.999996520382218	3.1200563427195386e-06
KJ010186	0.0	0.0	0.0	0.0	0.0	0.0	0.0	0.0	1.0	0.0
FJ898465_FJ898465.1	1.2320391179741533e-10	4.831892586566786e-09	1.2008920592831853e-10	4.275078466665614e-10	5.564347779815323e-11	2.2758485658443264e-10	0.9999999938138212	2.1677583002239624e-10	1.23210431774672e-10	6.027071380194935e-11
EU687220	0.0	0.0	0.0	0.0	0.0	0.0	1.0	0.0	0.0	0.0
AF489932_JX669488.1	3.073257536166775e-06	0.0004038545587424797	2.9955628173425514e-06	1.0663961008793266e-05	1.3879976291896484e-06	5.676985944777655e-06	0.9995623634741257	5.407360395953515e-06	3.073420173610331e-06	1.5034216259834494e-06
FJ850072_JX669483.1	4.502571844783999e-08	6.851204759580378e-06	4.3887427727490236e-08	1.5623568811599042e-07	2.0335292347842828e-08	8.317245391049238e-08	0.9999926538619904	7.922222067932238e-08	4.502810121845306e-08	2.2026347627331142e-08
EU482551_EU569719	7.54034945602041e-10	0.9999999886664561	7.349722629622837e-10	2.616441728211659e-09	3.4055028077054173e-10	1.3928692072429036e-09	3.0450150800367056e-09	1.3267155954217021e-09	7.540748492919794e-10	3.6886997937026906e-10
EU482554_EU569714.1	2.7301417516418754e-08	0.9999995896436479	2.661121308920157e-08	9.473376326378765e-08	1.2330337545863769e-08	5.043175252619062e-08	1.1025277208270722e-07	4.8036522189617406e-08	2.7302862313249234e-08	1.3355711661373734e-08
GQ398269	0.0	1.0	0.0	0.0	0.0	0.0	0.0	0.0	0.0	0.0
GQ398282	0.0	1.0	0.0	0.0	0.0	0.0	0.0	0.0	0.0	0.0
EU482590_EU482590.1	7.773856261564458e-12	0.999999999883159	7.577326172785915e-12	2.697466746138253e-11	3.510963182789713e-12	1.4360030753773887e-11	3.1389059642533324e-11	1.3678008425101568e-11	7.774267655693674e-12	3.802930110276519e-12
EU482561_GQ398285	1.3920763388772533e-09	0.9999999790770836	1.356883395084516e-09	4.830394987842986e-09	6.287135507760387e-10	2.571472685533727e-09	5.6208869527799024e-09	2.449341903283957e-09	1.3921500078536256e-09	6.809965153451931e-10
EU482603_GQ868515.1	1.597704087559239e-09	2.4878749410766915e-09	0.9999995038471434	5.54390704092192e-09	7.215827048600759e-10	2.9513125868067077e-09	4.776599565051201e-07	2.8111415024081287e-09	1.5977886383999244e-09	7.815885420896808e-10
FJ024473_GQ868558.2	5.490713091422149e-07	3.6800368968392817e-06	1.8643277348517087e-06	1.9052340921103307e-06	2.4798106451437116e-07	1.0142560680320672e-06	0.9999889553051414	9.660844941590887e-07	5.491003661133643e-07	2.6860283287584955e-07
EU482607_JN819408.2	1.1519447821597602e-07	1.784612025241348e-05	8.122127474726488e-06	3.997157445052444e-07	5.202611911884846e-08	2.1278966245460225e-07	0.9999728777898264	2.0268332739053466e-07	1.152005743354078e-07	5.635254049024072e-08
AY702039_EU677145	1.2999575040897926e-07	0.9999577803078323	1.267131385804867e-07	4.5107499041739303e-07	5.871092521502048e-08	2.401308836957553e-07	4.079074460889346e-05	2.2872599464398132e-07	1.300026298228628e-07	6.359324597787079e-08
EU920833_EU920833.3	1.730859635766543e-07	2.5698425523816538e-05	1.6871019650868103e-07	6.005946280223122e-07	7.817207125116275e-08	3.197280315428914e-07	0.9999723989729956	3.045427119347045e-07	1.7309512332272045e-07	8.467275447403457e-08
EU687216_EU920849.1	6.615829872864075e-08	0.9999777803553263	6.448580943416189e-08	2.295640732180159e-07	2.987955311454596e-08	1.2220900057786158e-07	2.1492417096124295e-05	1.1640474655712702e-07	6.616179984005339e-08	3.236429615038751e-08
EU482726	0.0	1.0	0.0	0.0	0.0	0.0	0.0	0.0	0.0	0.0
FJ850085	0.0	0.0	0.0	0.0	0.0	0.0	1.0	0.0	0.0	0.0
FJ850085.1	0.0	0.0	0.0	0.0	0.0	0.0	1.0	0.0	0.0	0.0
FJ850085.2	0.0	0.0	0.0	0.0	0.0	0.0	1.0	0.0	0.0	0.0
FJ850088_FJ850088.1	0.0	0.0	0.0	0.0	0.0	0.0	1.0	0.0	0.0	0.0
EU920840	0.0	0.0	0.0	0.0	0.0	0.0	1.0	0.0	0.0	0.0
EU726767	0.0	0.0	0.0	0.0	0.0	0.0	0.0	1.0	0.0	0.0
EU726767.2	0.0	0.0	0.0	0.0	0.0	0.0	0.0	1.0	0.0	0.0
EU726767.1	0.0	0.0	0.0	0.0	0.0	0.0	0.0	1.0	0.0	0.0
EU482451_FJ639704	3.5532862927725497e-10	4.818708045000751e-10	3.463456014583995e-10	1.2329622894692132e-09	1.6047965040872947e-10	6.563705157949655e-10	1.4347360128316036e-09	0.9999999948027343	3.553474333440414e-10	1.73824920072527e-10
FJ639706_JF730047	1.0900964655148947e-07	1.4783094227131934e-07	1.0625378449363218e-07	3.7825486693749565e-07	4.9232818659574295e-08	2.013649113474115e-07	4.4015610555104173e-07	0.9999984055545559	1.0901541536520545e-07	5.332695296038731e-08
AF169679	0.0	0.0	0.0	0.0	0.0	0.0	0.0	1.0	0.0	0.0
AF169679.1	0.0	0.0	0.0	0.0	0.0	0.0	0.0	1.0	0.0	0.0
DQ181798_EU687246.1	5.170237837939657e-07	7.011499950038156e-07	5.039529568181658e-07	1.7940317093875985e-06	2.3350720780653197e-07	9.550572053180427e-07	2.0876241906217446e-06	0.9999924376764566	5.170511448027327e-07	2.529253499116638e-07
AF100460_FJ639828	2.8929053638918766e-07	3.9231475321212927e-07	2.8197701104392766e-07	1.0038153210274195e-06	1.3065438673129288e-07	5.34383561973472e-07	1.1680892462089806e-06	0.9999957686499098	2.893058457059965e-07	1.4151942799506884e-07
AY858035	0.0	0.0	0.0	0.0	0.0	0.0	0.0	1.0	0.0	0.0
AY858035.2	0.0	0.0	0.0	0.0	0.0	0.0	0.0	1.0	0.0	0.0
KF041233_KF360005	8.729000805048095e-09	1.1837635061864583e-08	8.5083238018393e-09	3.0848893186978476e-08	3.942342052371768e-09	1.6124393839156393e-08	3.5245715597163444e-08	1.535857401029872e-08	0.9999993735098565	4.958952651708839e-07
KJ830750	0.0	0.0	0.0	0.0	0.0	0.0	0.0	0.0	0.0	1.0
FJ898465_FJ898465.2	9.149000423232712e-14	2.646339802726657e-13	8.917705451353337e-14	3.1746309131149883e-13	4.1320295313555446e-14	1.6900225965520024e-13	0.9999999999987296	1.6097558362246351e-13	9.149484590283877e-14	4.475643492466934e-14
FJ898465.1	0.0	0.0	0.0	0.0	0.0	0.0	1.0	0.0	0.0	0.0
JX669488_JX669488.1	0.0	0.0	0.0	0.0	0.0	0.0	1.0	0.0	0.0	0.0
AF489932	0.0	0.0	0.0	0.0	0.0	0.0	1.0	0.0	0.0	0.0
FJ850072_KC294201	3.824092750299203e-08	2.9894600389847885e-06	3.727416240929008e-08	1.326929992143251e-07	1.7271027919895676e-08	7.063944540766408e-08	0.9999965901867232	6.728446101567932e-08	3.824295122102187e-08	1.870726313336325e-08
JX669483_JX669483.1	1.4939562576833584e-09	2.0796995100415868e-09	1.4561876977724394e-09	5.183910262414616e-09	6.747263186943711e-10	2.759667413867077e-09	0.9999999814983831	2.6285984190828926e-09	1.4940353181667322e-09	7.30835642520191e-10
EU482728_EU569719	1.3926355462229083e-08	0.9999997906867734	1.3574284651647534e-08	4.832335393181529e-08	6.289661096523646e-09	2.5725056651015413e-08	5.6231463383118125e-08	2.4503258220134943e-08	1.39270924479265e-08	6.8127007667449034e-09
EU482551_EU482565.1	1.649194091997628e-09	0.9999999752125991	1.6075009798010675e-09	5.722573291052851e-09	7.448375096547922e-10	3.046426005728865e-09	6.659072725585395e-09	2.9017375580380854e-09	1.6492813677002595e-09	8.067771848518528e-10
EU569714_EU569714.1	3.675927461079623e-10	0.9999999944750784	3.5829967036843113e-10	1.275517806587693e-09	1.6601858259544057e-10	6.790250502923792e-10	1.4842559835746623e-09	6.467751022269381e-10	3.676121991943846e-10	1.7982446233343054e-10
EU482554_EU677144.1	3.3657535092989484e-08	0.9999994941269407	3.280664228801228e-08	1.1678898942241218e-07	1.5200997106056278e-08	6.217290656906049e-08	1.3590154492089942e-07	5.922003611595112e-08	3.365931625691575e-08	1.6465091369860154e-08
EU482590	0.0	1.0	0.0	0.0	0.0	0.0	0.0	0.0	0.0	0.0
EU482590.1	0.0	1.0	0.0	0.0	0.0	0.0	0.0	0.0	0.0	0.0
EU482561_GQ398297.1	5.23467602858758e-10	0.9999999921322785	5.102338703325765e-10	1.816391252786089e-09	2.364174766270274e-10	9.669603633941246e-10	2.1136428632269905e-09	9.210350746475984e-10	5.234953048758014e-10	2.560776327327177e-10
EU482740_GQ398285	1.2809662578946814e-08	0.999999807470689	1.2485822770342356e-08	4.4448517792644166e-08	5.7853209765407334e-09	2.366227807537621e-08	5.172249771062036e-08	2.2538450259727676e-08	1.2810340469018987e-08	6.26642040769553e-09
FJ898439_GQ868515.1	8.048214823432703e-08	1.0916518188855461e-07	0.9999987285989197	2.792667000974065e-07	3.6348737333828736e-08	1.4866831658425074e-07	3.560047491892976e-07	1.4160739079549916e-07	8.048640736675452e-08	3.9371448938839195e-08
EU482603_GQ868604	2.0337070424987328e-10	2.758098102778182e-10	0.9999999968462807	7.056802870990441e-10	9.184978870906285e-11	3.756706413371622e-10	8.406401078875062e-10	3.578283560376469e-10	2.0338146667086072e-10	9.948789233007238e-11
EU482635_GU369819.1	1.538409025983516e-10	2.0874814639465545e-10	0.9999999974524526	5.338157858754057e-10	6.948028454043627e-11	2.841781502216864e-10	7.976956437854141e-10	2.7068125407325905e-10	1.5384904389168564e-10	7.52581705910845e-11
FJ024473_HQ332189	5.277565898820823e-10	7.966860462474254e-10	5.510819736448945e-10	1.8312736991303052e-09	2.383545429971385e-10	9.748830704117586e-10	0.9999999933654222	9.285814967466099e-10	5.277845188732466e-10	2.5817578291002786e-10
GQ868555_GQ868558.2	7.223875898424725e-07	1.0475349974662177e-06	7.348630195723177e-07	2.506627902367312e-06	3.262571555613894e-07	1.334409546208275e-06	0.9999909810732667	1.2710324461420692e-06	7.224258187476094e-07	3.533882572906179e-07
GQ868553_JN819408.2	1.1520618007765643e-06	3.4008499898695294e-06	1.9553981286971106e-06	3.9975634904080174e-06	5.203140411565732e-07	2.128112783766932e-06	0.9999831029551935	2.027039153814606e-06	1.1521227681327768e-06	5.635826498020279e-07
EU482607_KJ189305	2.304067912909607e-06	4.29241204399155e-06	2.7745907881171588e-06	7.994933745619692e-06	1.040602931246478e-06	4.256122698300126e-06	0.999969851961654	4.053980323931735e-06	2.304189844674536e-06	1.1271380570088592e-06
AY702039	0.0	1.0	0.0	0.0	0.0	0.0	0.0	0.0	0.0	0.0
EU677145	0.0	1.0	0.0	0.0	0.0	0.0	0.0	0.0	0.0	0.0
EU920833_EU920833.1	4.380564036384618e-11	3.951280609359019e-09	4.2698194622543997e-11	1.5200211349288153e-10	1.9784259618538305e-11	8.091870001813004e-11	0.9999999955671974	7.707550767680333e-11	4.380795856766585e-11	2.1429491765016184e-11
EU920833.3	0.0	0.0	0.0	0.0	0.0	0.0	1.0	0.0	0.0	0.0
EU687216_JX669476	4.724285223469106e-06	0.9970450336350036	4.604851055105018e-06	1.6392896730786284e-05	2.1336632588135183e-06	8.726799006309841e-06	0.002903035914548944	8.312324143276152e-06	4.72453523364947e-06	2.311095796135737e-06
EU920849_EU920849.1	0.0	1.0	0.0	0.0	0.0	0.0	0.0	0.0	0.0	0.0
FJ850088	0.0	0.0	0.0	0.0	0.0	0.0	1.0	0.0	0.0	0.0
FJ850088.1	0.0	0.0	0.0	0.0	0.0	0.0	1.0	0.0	0.0	0.0
FJ639704	0.0	0.0	0.0	0.0	0.0	0.0	0.0	1.0	0.0	0.0
EU482451_GU131924	6.997633463559047e-09	9.489680788008308e-09	6.820726986315254e-09	2.4281235637120057e-08	3.1603920410368854e-09	1.2926175679008855e-08	2.8254848913201178e-08	0.9999998976480967	6.998003779812456e-09	3.423205948741301e-09
FJ810411_FJ810411.2	3.3816878245552967e-10	4.585998701824291e-10	3.296195710214682e-10	1.1734189758124962e-09	1.5272962411723953e-10	6.246724859111819e-10	1.365448462712492e-09	0.9999999950537253	3.3818667841952807e-10	1.65430412125587e-10
FJ639706_FJ639706.1	3.571119395943592e-10	4.842892000538372e-10	3.480838280843281e-10	1.2391502354725258e-09	1.6128505980352347e-10	6.596646841117207e-10	1.4419366134114325e-09	0.9999999947766501	3.571308380342684e-10	1.7469730621817947e-10
GQ868638_JF730047	9.871194949297059e-08	1.338659556160654e-07	9.621642249264856e-08	3.4252267117449993e-07	4.458199492120153e-08	1.8234278880257624e-07	3.9857635204472087e-07	0.9999985561753191	9.87171733503637e-08	4.828937303959954e-08
EU687246_EU687246.1	2.6417252995947686e-11	3.5825154251519796e-11	2.5749401044240254e-11	9.166578218485005e-11	1.1931015899765038e-11	4.8798505231905434e-11	1.06666846154397e-10	0.9999999996136042	2.6418651002603184e-11	1.2923182969794742e-11
DQ181798	0.0	0.0	0.0	0.0	0.0	0.0	0.0	1.0	0.0	0.0
FJ639828	0.0	0.0	0.0	0.0	0.0	0.0	0.0	1.0	0.0	0.0
AF100460	0.0	0.0	0.0	0.0	0.0	0.0	0.0	1.0	0.0	0.0
KF360005	0.0	0.0	0.0	0.0	0.0	0.0	0.0	0.0	1.0	0.0
KF041233	0.0	0.0	0.0	0.0	0.0	0.0	0.0	0.0	1.0	0.0
FJ898465.2	0.0	0.0	0.0	0.0	0.0	0.0	1.0	0.0	0.0	0.0
FJ898465	0.0	0.0	0.0	0.0	0.0	0.0	1.0	0.0	0.0	0.0
JX669488.1	0.0	0.0	0.0	0.0	0.0	0.0	1.0	0.0	0.0	0.0
JX669488	0.0	0.0	0.0	0.0	0.0	0.0	1.0	0.0	0.0	0.0
JX669484_KC294201	1.6356833664612455e-06	2.6797025798027476e-06	1.5943318175763526e-06	5.6756921401486556e-06	7.387355625213535e-07	3.0214687094166734e-06	0.999979340482493	2.877965595771532e-06	1.6357699271734039e-06	8.001678080862923e-07
FJ850072	0.0	0.0	0.0	0.0	0.0	0.0	1.0	0.0	0.0	0.0
JX669483	0.0	0.0	0.0	0.0	0.0	0.0	1.0	0.0	0.0	0.0
JX669483.1	0.0	0.0	0.0	0.0	0.0	0.0	1.0	0.0	0.0	0.0
EU482728_EU482728.3	2.5115313397379106e-10	0.9999999962251668	2.4480375651476597e-10	8.714815456934724e-10	1.1343011459884855e-10	4.639353502845094e-10	1.0140991083114649e-09	4.419009776999398e-10	2.511664250511373e-10	1.2286280879690833e-10
EU569719	0.0	1.0	0.0	0.0	0.0	0.0	0.0	0.0	0.0	0.0
EU482551_EU677143	1.3461163686928561e-08	0.9999997976786229	1.3120853343459181e-08	4.670917519962756e-08	6.079563155287976e-09	2.486574462170169e-08	5.4353110789483046e-08	2.368475877690385e-08	1.3461876054578141e-08	6.585131366202975e-09
EU482565_EU482565.1	1.7263215365785206e-10	0.9999999974053376	1.6826785731085722e-10	5.990199434335453e-10	7.796711378046997e-11	3.1888974431823177e-10	6.970492874071988e-10	3.0374423873130677e-10	1.726412893881948e-10	8.445075301858086e-11
EU569714_EU569714.2	2.60975240143338e-12	0.9999999999607754	2.5437755099285064e-12	9.055634786208766e-12	1.1786614376872552e-12	4.820789513385814e-12	1.0537585355436866e-11	4.591828576857508e-12	2.6098905100863486e-12	1.2766773212475303e-12
EU569714.1	0.0	1.0	0.0	0.0	0.0	0.0	0.0	0.0	0.0	0.0
EU677144_EU677144.1	0.0	1.0	0.0	0.0	0.0	0.0	0.0	0.0	0.0	0.0
EU482554	0.0	1.0	0.0	0.0	0.0	0.0	0.0	0.0	0.0	0.0
GQ398296_GQ398297.1	1.5371562695981859e-09	0.9999999768965313	1.4982955744726202e-09	5.3338108930053484e-09	6.942370539364079e-10	2.83946738427912e-09	6.20668664337083e-09	2.704608330644663e-09	1.5372376162353915e-09	7.519688639932285e-10
EU482561_GQ398302	9.500063268500328e-09	0.9999998572139879	9.259893111664369e-09	3.296446948690041e-08	4.290582594739811e-09	1.7548716635391987e-08	3.835909007168935e-08	1.671524929885872e-08	9.500566013872038e-09	4.647381613155943e-09
GQ398285	0.0	1.0	0.0	0.0	0.0	0.0	0.0	0.0	0.0	0.0
EU482740	0.0	1.0	0.0	0.0	0.0	0.0	0.0	0.0	0.0	0.0
GQ868515_GQ868515.1	0.0	0.0	1.0	0.0	0.0	0.0	0.0	0.0	0.0	0.0
FJ898439	0.0	0.0	1.0	0.0	0.0	0.0	0.0	0.0	0.0	0.0
EU596500_GQ868604	5.7736909962990145e-09	7.829859179751053e-09	0.9999999110192364	2.0034251909180734e-08	2.607614012241949e-09	1.0665283416618748e-08	2.3312866598968673e-08	1.0158741226251722e-08	5.773996541256351e-09	2.8244596502018683e-09
EU482603_EU482634.1	2.9366076534491416e-08	3.982413396296349e-08	0.9999995474271871	1.0189796704628024e-07	1.3262814498558164e-08	5.424563407969539e-08	1.1857355867102375e-07	5.166926538594263e-08	2.9367630593516678e-08	1.4365732130378693e-08
KJ189370	0.0	0.0	1.0	0.0	0.0	0.0	0.0	0.0	0.0	0.0
FJ850061_GU369819.1	2.560911801883438e-12	3.4729281813111744e-12	0.9999999999605235	8.886161761863304e-12	1.1566032028710235e-12	4.730570130884808e-12	1.0349379067305934e-11	4.505894117863965e-12	2.5610473258814748e-12	1.2527847535973208e-12
EU482635_FJ744704.1	2.0090919821903088e-13	2.724584406967072e-13	0.9999999999969036	6.971390555143477e-13	9.073808085677951e-14	3.711236956368329e-13	8.112556493218895e-13	3.534973652017636e-13	2.0091983037659478e-13	9.828373636341263e-14
FJ639733_HQ332189	2.4967135910098247e-08	3.386030019284515e-08	2.4336709037717922e-08	8.663399038748209e-08	1.1276088984750654e-08	4.6119818458093126e-08	0.9999996916943256	4.3929381228390584e-08	2.4968457176248682e-08	1.2213793222460584e-08
FJ850108_JN819407.2	7.698042513705551e-08	1.0439583485801209e-07	7.503455762529808e-08	2.6711599742005445e-07	3.476722869034754e-08	1.4219986004529494e-07	0.9999990494170227	1.354461502971799e-07	7.698449895755086e-08	3.7658424185563844e-08
FJ024473	0.0	0.0	0.0	0.0	0.0	0.0	1.0	0.0	0.0	0.0
GQ868558_GQ868558.2	0.0	0.0	0.0	0.0	0.0	0.0	1.0	0.0	0.0	0.0
GQ868555_GQ868555.1	0.0	0.0	0.0	0.0	0.0	0.0	1.0	0.0	0.0	0.0
JN819408_JN819408.2	1.5628080025710762e-11	2.132422791925762e-11	1.529210648387944e-11	5.4228203811499956e-11	7.0582233246642896e-12	2.8868518048272035e-11	0.9999999998068291	2.749742252333428e-11	1.5628907067034572e-11	7.645175585434086e-12
GQ868553	0.0	0.0	0.0	0.0	0.0	0.0	1.0	0.0	0.0	0.0
KJ189305	0.0	0.0	0.0	0.0	0.0	0.0	1.0	0.0	0.0	0.0
EU482607	0.0	0.0	0.0	0.0	0.0	0.0	1.0	0.0	0.0	0.0
EU920833_EU920833.2	1.1090977363551044e-12	1.7620492817182425e-12	1.0810587465541313e-12	3.848481578990537e-12	5.009098685951945e-13	2.0487486605258016e-12	0.9999999999860464	1.9514443889490235e-12	1.109156430043553e-12	5.425648526173719e-13
EU920833.1	0.0	0.0	0.0	0.0	0.0	0.0	1.0	0.0	0.0	0.0
EU687216_EU687216.2	5.448762726859133e-10	0.9999999619870142	5.311013098841125e-10	1.890677646815947e-09	2.460864297214234e-10	1.0065069084769475e-09	3.2023578135753964e-08	9.587033767637032e-10	5.449051076543246e-10	2.665506428280025e-10
EU920842_JX669476	8.323617196212083e-06	0.6002949070555702	8.113188656018589e-06	2.8882294499548814e-05	3.759255707881427e-06	1.5375560712540405e-05	0.39961359779336253	1.4645306306988223e-05	8.324057683807065e-06	4.071870304368103e-06
EU920849.1	0.0	1.0	0.0	0.0	0.0	0.0	0.0	0.0	0.0	0.0
EU920849	0.0	1.0	0.0	0.0	0.0	0.0	0.0	0.0	0.0	0.0
EU482451_FJ639707	4.233244641452066e-09	5.740818028570325e-09	4.126224403720215e-09	1.4689024680122998e-08	1.911891033201194e-09	7.819738517684725e-09	1.7092876953291047e-08	0.9999999380818317	4.2334686656601844e-09	2.0708812935917315e-09
FJ639718_GU131924	2.393707990070432e-08	3.246172415827004e-08	2.3331928958919634e-08	8.305977736049614e-08	1.0810877305564605e-08	4.421707733768685e-08	9.665247251656343e-08	0.9999996498808207	2.393834665607133e-08	1.1709895172175935e-08
FJ810411.1_FJ810411.2	9.72703886809407e-13	1.3191101584765575e-12	9.481130563646702e-13	3.3752056897174572e-12	4.3930932338296145e-13	1.7967990735768326e-12	3.927556580693636e-12	0.9999999999857725	9.72755362506286e-13	4.758416897698161e-13
FJ810411	0.0	0.0	0.0	0.0	0.0	0.0	0.0	1.0	0.0	0.0
FJ639706	0.0	0.0	0.0	0.0	0.0	0.0	0.0	1.0	0.0	0.0
FJ639706.1	0.0	0.0	0.0	0.0	0.0	0.0	0.0	1.0	0.0	0.0
GQ868638_GQ868638.1	0.0	0.0	0.0	0.0	0.0	0.0	0.0	1.0	0.0	0.0
JF730047	0.0	0.0	0.0	0.0	0.0	0.0	0.0	1.0	0.0	0.0
EU687246	0.0	0.0	0.0	0.0	0.0	0.0	0.0	1.0	0.0	0.0
EU687246.1	0.0	0.0	0.0	0.0	0.0	0.0	0.0	1.0	0.0	0.0
KC294201	0.0	0.0	0.0	0.0	0.0	0.0	1.0	0.0	0.0	0.0
JX669484	0.0	0.0	0.0	0.0	0.0	0.0	1.0	0.0	0.0	0.0
EU482728_EU482728.1	1.3626912027681565e-12	0.9999999999795187	1.3282411416856188e-12	4.7284308855776294e-12	6.154421282633282e-13	2.5171918442070364e-12	5.502236470390109e-12	2.3976391028001063e-12	1.3627633166768647e-12	6.666214593699019e-13
EU482728.3	0.0	1.0	0.0	0.0	0.0	0.0	0.0	0.0	0.0	0.0
EU482551_EU482552	8.553787196211616e-11	0.9999999987143654	8.337539750863824e-11	2.9680966227024803e-10	3.863209057234767e-11	1.580073557651765e-10	3.4538242982240553e-10	1.5050287707887368e-10	8.554239864452018e-11	4.184468272998976e-11
EU677143	0.0	1.0	0.0	0.0	0.0	0.0	0.0	0.0	0.0	0.0
EU482565	0.0	1.0	0.0	0.0	0.0	0.0	0.0	0.0	0.0	0.0
EU482565.1	0.0	1.0	0.0	0.0	0.0	0.0	0.0	0.0	0.0	0.0
EU569714	0.0	1.0	0.0	0.0	0.0	0.0	0.0	0.0	0.0	0.0
EU569714.2	0.0	1.0	0.0	0.0	0.0	0.0	0.0	0.0	0.0	0.0
EU677144	0.0	1.0	0.0	0.0	0.0	0.0	0.0	0.0	0.0	0.0
EU677144.1	0.0	1.0	0.0	0.0	0.0	0.0	0.0	0.0	0.0	0.0
GQ398297_GQ398297.1	8.764027402661984e-12	0.9999999998682766	8.542464895516256e-12	3.0410483144394447e-11	3.958161369131619e-12	1.618909570677038e-11	3.53871450145125e-11	1.5420202872043565e-11	8.764491196858898e-12	4.28731669012934e-12
GQ398296	0.0	1.0	0.0	0.0	0.0	0.0	0.0	0.0	0.0	0.0
EU482561_EU482561.1	5.863162949316346e-13	0.9999999999911877	5.714936908573947e-13	2.034471252210661e-12	2.6480228804235336e-13	1.083055788963435e-12	2.3674115563371494e-12	1.0316166072557673e-12	5.863473229148495e-13	2.868228864952744e-13
GQ398302	0.0	1.0	0.0	0.0	0.0	0.0	0.0	0.0	0.0	0.0
GQ868515.1	0.0	0.0	1.0	0.0	0.0	0.0	0.0	0.0	0.0	0.0
GQ868515	0.0	0.0	1.0	0.0	0.0	0.0	0.0	0.0	0.0	0.0
EU596500_HQ705625.1	9.51190964596602e-10	1.289935900422205e-09	0.9999999853408019	3.3005575481403926e-09	4.2959328602620985e-10	1.7570599512950353e-09	3.840692342342828e-09	1.6736092860320457e-09	9.512413018250548e-10	4.653176799488976e-10
GQ868604	0.0	0.0	1.0	0.0	0.0	0.0	0.0	0.0	0.0	0.0
EU482634_EU482634.1	2.7414009246799002e-12	3.717688247421778e-12	0.9999999999577514	9.5124447678796e-12	1.2381188167067832e-12	5.063973433810977e-12	1.106915208575284e-11	4.823462601147491e-12	2.74154600020076e-12	1.3410790951139894e-12
EU482603	0.0	0.0	1.0	0.0	0.0	0.0	0.0	0.0	0.0	0.0
FJ850061_GQ199897	3.756907457254205e-09	5.0948442362906595e-09	0.9999999421007418	1.3036172259020627e-08	1.696759409970506e-09	6.939838454691952e-09	1.5169535990078356e-08	6.610234370645261e-09	3.757106273597076e-09	1.8378596168999856e-09
GQ199894_GU369819.1	9.855879199512005e-09	1.3365825457391334e-08	0.9999998481069605	3.4199122674914284e-08	4.4512823287712495e-09	1.820598730519752e-08	3.979579373794404e-08	1.734130323379262e-08	9.856400774738575e-09	4.8214449187061884e-09
FJ873808_FJ873808.1	2.669927759163265e-11	3.620761546521525e-11	0.9999999995885265	9.264438526529881e-11	1.2058388716906863e-11	4.9319466995423016e-11	1.0780559719896246e-10	4.697706409212389e-11	2.6700690523089826e-11	1.3061147937332369e-11
FJ744704_FJ744704.1	8.733045277341184e-11	1.1843119880566185e-10	0.9999999986541144	3.030297761565094e-10	3.9441686867786236e-11	1.6131864873390596e-10	3.526204625442336e-10	1.5365690187874098e-10	8.733507431957427e-11	4.2721603953255155e-11
FJ850066_FJ850066.1	1.5076272071110825e-10	2.0445342010703266e-10	0.9999999976765334	5.231347377571673e-10	6.809006289079304e-11	2.784920679120518e-10	6.087455019787896e-10	2.652652293396985e-10	1.5077069910640118e-10	7.37523399981286e-11
FJ850120_FJ850120.2	0.0	0.0	1.0	0.0	0.0	0.0	0.0	0.0	0.0	0.0
EU482635_FJ882594.1	3.624336992246019e-11	4.915061828215848e-11	0.9999999994414384	1.257616321222652e-10	1.636885647694975e-11	6.694951504058193e-11	1.463424665779154e-10	6.376978200696903e-11	3.6245287929316426e-11	1.7730068339117485e-11
GQ868641_HQ332189	1.8297258289062126e-07	2.481342076732346e-07	1.7834692491554483e-07	6.349004164673717e-07	8.263723696116136e-08	3.3799080263390286e-07	0.9999977405882231	3.2193810203493797e-07	1.8298226583868155e-07	8.950923729708586e-08
FJ639733_FJ639733.1	5.853776379052828e-10	7.938465334149064e-10	5.705787731788874e-10	2.0312141864386424e-09	2.6437835554991937e-10	1.0813218819664274e-09	0.9999999927715453	1.0299650512862803e-09	5.85408616214568e-10	2.86363700352821e-10
FJ850108_HQ332186.1	1.1558407589201113e-07	1.5674672866854287e-07	1.1266201730235932e-07	4.010676176807453e-07	5.2202075947819896e-08	2.1350933547127204e-07	0.9999985727260082	2.0336881859715847e-07	1.155901926259271e-07	5.6543129650014404e-08
JN819407_JN819407.2	0.0	0.0	0.0	0.0	0.0	0.0	1.0	0.0	0.0	0.0
GQ868558.2	0.0	0.0	0.0	0.0	0.0	0.0	1.0	0.0	0.0	0.0
GQ868558	0.0	0.0	0.0	0.0	0.0	0.0	1.0	0.0	0.0	0.0
GQ868558.1	0.0	0.0	0.0	0.0	0.0	0.0	1.0	0.0	0.0	0.0
GQ868555	0.0	0.0	0.0	0.0	0.0	0.0	1.0	0.0	0.0	0.0
GQ868555.1	0.0	0.0	0.0	0.0	0.0	0.0	1.0	0.0	0.0	0.0
JN819408.1_JN819408.2	4.3538598644293184e-15	5.9060051593014005e-15	4.244522779322591e-15	1.5107549980967334e-14	1.966365362659902e-15	8.042541493846015e-15	0.9999999999999463	7.660565091975511e-15	4.3540902716207286e-15	2.1298856342669987e-15
JN819408	0.0	0.0	0.0	0.0	0.0	0.0	1.0	0.0	0.0	0.0
EU920833	0.0	0.0	0.0	0.0	0.0	0.0	1.0	0.0	0.0	0.0
EU920833.2	0.0	0.0	0.0	0.0	0.0	0.0	1.0	0.0	0.0	0.0
EU687216_EU687216.1	1.7827674346635456e-12	0.9999999999716959	1.7376974680542283e-12	6.186062244139477e-12	8.051642088530882e-13	3.2931654930603347e-12	8.707490085626128e-12	3.1367582793995635e-12	1.782861779095922e-12	8.721205703818901e-13
EU687216.2	0.0	1.0	0.0	0.0	0.0	0.0	0.0	0.0	0.0	0.0
EU920850_JX669476	6.82998924982812e-06	0.5986363318357264	6.6573209694396795e-06	2.3699523451422068e-05	3.084677666804481e-06	1.2616499762209246e-05	0.4012885913216619	1.2017285547765143e-05	6.830350694314029e-06	3.3411952700305185e-06
EU920842	0.0	0.0	0.0	0.0	0.0	0.0	1.0	0.0	0.0	0.0
EU482451_FM210214	3.7695221276606134e-15	5.111951333421148e-15	3.67422521278651e-15	1.3079944169369705e-14	1.7024566652154865e-15	6.96314053912595e-15	1.5220471141660644e-14	0.9999999999999448	3.769721611574529e-15	1.844030648149551e-15
EU687249_FJ639707	1.788803657681695e-07	2.42584522213418e-07	1.7435810899079993e-07	6.207007461436889e-07	8.078903921097316e-08	3.304315731148197e-07	7.222781436950502e-07	0.9999973835803228	1.7888983215522793e-07	8.750734593337426e-08
FJ639718_GU131932	1.1465470261974676e-12	1.5548635611903475e-12	1.1175612845956522e-12	3.97842765802434e-12	5.178233634469373e-13	2.117925776200321e-12	4.629495552431089e-12	0.9999999999832299	1.1466077017103122e-12	5.608848507184606e-13
GU131924	0.0	0.0	0.0	0.0	0.0	0.0	0.0	1.0	0.0	0.0
FJ810411.2	0.0	0.0	0.0	0.0	0.0	0.0	0.0	1.0	0.0	0.0
FJ810411.1	0.0	0.0	0.0	0.0	0.0	0.0	0.0	1.0	0.0	0.0
GQ868638.1	0.0	0.0	0.0	0.0	0.0	0.0	0.0	1.0	0.0	0.0
GQ868638	0.0	0.0	0.0	0.0	0.0	0.0	0.0	1.0	0.0	0.0
EU482728_EU482728.2	8.986323619975587e-14	0.9999999999986494	8.759141264217557e-14	3.1181833467605954e-13	4.0585586248051386e-14	1.6599725953801532e-13	3.628472647071206e-13	1.581133044515252e-13	8.986799178135667e-14	4.396062845162098e-14
EU482728.1	0.0	1.0	0.0	0.0	0.0	0.0	0.0	0.0	0.0	0.0
EU482552	0.0	1.0	0.0	0.0	0.0	0.0	0.0	0.0	0.0	0.0
EU529706_EU596490.1	1.5825691161286703e-08	0.9999997621397598	1.5425603433361105e-08	5.4913898850033414e-08	7.147471877528163e-09	2.923354949324339e-08	6.390053366437895e-08	2.7845116986195672e-08	1.582652866023387e-08	7.741845926680714e-09
EU482551	0.0	1.0	0.0	0.0	0.0	0.0	0.0	0.0	0.0	0.0
GQ398297.1	0.0	1.0	0.0	0.0	0.0	0.0	0.0	0.0	0.0	0.0
GQ398297	0.0	1.0	0.0	0.0	0.0	0.0	0.0	0.0	0.0	0.0
EU482561.1	0.0	1.0	0.0	0.0	0.0	0.0	0.0	0.0	0.0	0.0
EU482561	0.0	1.0	0.0	0.0	0.0	0.0	0.0	0.0	0.0	0.0
FJ205885_HQ705625.1	5.084506695446551e-10	6.895237619340114e-10	0.9999999921640558	1.7642836798122402e-09	2.2963526993188932e-10	9.392207684026302e-10	2.053007909548439e-09	8.946129575568778e-10	5.084775768623888e-10	2.487314269446622e-10
EU596500	0.0	0.0	1.0	0.0	0.0	0.0	0.0	0.0	0.0	0.0
EU482634	0.0	0.0	1.0	0.0	0.0	0.0	0.0	0.0	0.0	0.0
EU482634.1	0.0	0.0	1.0	0.0	0.0	0.0	0.0	0.0	0.0	0.0
FJ850061_FJ850061.1	1.2027960630943386e-12	1.6311444077885523e-12	0.9999999999814635	4.173607375048177e-12	5.432275246466647e-13	2.221830179952015e-12	4.856616342241187e-12	2.1163054899824293e-12	1.2028597153181967e-12	5.884015874436796e-13
FJ850121_GQ199897	6.739980427426908e-09	9.140270508134788e-09	0.9999998961273681	2.338719994412136e-08	3.044026328402539e-09	1.2450233572778537e-08	2.721450468185195e-08	1.1858916086108714e-08	6.740337108626763e-09	3.2971634215652343e-09
GU369819_GU369819.1	0.0	0.0	1.0	0.0	0.0	0.0	0.0	0.0	0.0	0.0
GQ199894_KJ189308	3.994969694492223e-08	5.4176869017110235e-08	0.9999993843186612	1.3862229426601442e-07	1.804277187767316e-08	7.379592025252848e-08	1.6130777028974722e-07	7.029102069902773e-08	3.995181109139396e-08	1.954318427000246e-08
FJ873808_FJ873808.2	5.889033241154779e-14	7.98627791803564e-14	0.9999999999990922	2.0434480392258895e-13	2.6597068682818946e-14	1.0878346036714681e-13	2.377857390506046e-13	1.0361684545992209e-13	5.889344890048283e-14	2.880884477364881e-14
FJ873808.1	0.0	0.0	1.0	0.0	0.0	0.0	0.0	0.0	0.0	0.0
FJ744704	0.0	0.0	1.0	0.0	0.0	0.0	0.0	0.0	0.0	0.0
FJ744704.1	0.0	0.0	1.0	0.0	0.0	0.0	0.0	0.0	0.0	0.0
FJ850066.1	0.0	0.0	1.0	0.0	0.0	0.0	0.0	0.0	0.0	0.0
FJ850066	0.0	0.0	1.0	0.0	0.0	0.0	0.0	0.0	0.0	0.0
FJ850120.2	0.0	0.0	1.0	0.0	0.0	0.0	0.0	0.0	0.0	0.0
FJ850120	0.0	0.0	1.0	0.0	0.0	0.0	0.0	0.0	0.0	0.0
FJ850120.1	0.0	0.0	1.0	0.0	0.0	0.0	0.0	0.0	0.0	0.0
FJ882594_FJ882594.1	0.0	0.0	1.0	0.0	0.0	0.0	0.0	0.0	0.0	0.0
EU482635_FJ410291.1	8.74558504522691e-09	1.18601254003624e-08	0.9999998652181639	3.0346489620167e-08	3.949832113254e-09	1.615502859631335e-08	3.5312678978867044e-08	1.538775376160363e-08	8.746047863450338e-09	4.2782947846509615e-09
FJ906956	0.0	0.0	1.0	0.0	0.0	0.0	0.0	0.0	0.0	0.0
GQ868641_GQ868641.1	0.0	0.0	0.0	0.0	0.0	0.0	1.0	0.0	0.0	0.0
HQ332189	0.0	0.0	0.0	0.0	0.0	0.0	1.0	0.0	0.0	0.0
FJ639733.1	0.0	0.0	0.0	0.0	0.0	0.0	1.0	0.0	0.0	0.0
FJ639733	0.0	0.0	0.0	0.0	0.0	0.0	1.0	0.0	0.0	0.0
HQ332186_HQ332186.1	0.0	0.0	0.0	0.0	0.0	0.0	1.0	0.0	0.0	0.0
FJ850108	0.0	0.0	0.0	0.0	0.0	0.0	1.0	0.0	0.0	0.0
JN819407	0.0	0.0	0.0	0.0	0.0	0.0	1.0	0.0	0.0	0.0
JN819407.1	0.0	0.0	0.0	0.0	0.0	0.0	1.0	0.0	0.0	0.0
JN819407.2	0.0	0.0	0.0	0.0	0.0	0.0	1.0	0.0	0.0	0.0
JN819408.1	0.0	0.0	0.0	0.0	0.0	0.0	1.0	0.0	0.0	0.0
JN819408.2	0.0	0.0	0.0	0.0	0.0	0.0	1.0	0.0	0.0	0.0
EU687216	0.0	1.0	0.0	0.0	0.0	0.0	0.0	0.0	0.0	0.0
EU687216.1	0.0	1.0	0.0	0.0	0.0	0.0	0.0	0.0	0.0	0.0
GU131881_JX669476	7.529774470689617e-06	0.009173147364042726	7.339414989448755e-06	2.612772291794142e-05	3.4007267502500553e-06	1.3909157737156836e-05	0.9907440835901858	1.3248549392200772e-05	7.530172947958469e-06	3.6835265657991803e-06
EU920850_EU920850.1	1.1786342466403152e-11	0.9999999964871967	1.1488373112024786e-11	4.089767779591202e-11	5.323151479387467e-12	2.1771979645273128e-11	3.3832449511682043e-09	2.073793058840903e-11	1.1786966202156998e-11	5.765817523167707e-12
EU482451_FJ410221	1.8607921181206835e-08	2.523470728463389e-08	1.81374961722177e-08	6.456801735483298e-08	8.40403063515382e-09	3.437294329032983e-08	7.513454431440711e-08	0.9999997278285354	1.8608905916359286e-08	9.102898403143688e-09
EU482464_EU482676	1.127488936051308e-09	1.5290183675462441e-09	1.0989850001354159e-09	3.912297589903136e-09	5.092160197315302e-10	2.0827212713318486e-09	4.55254332844592e-09	0.9999999835086191	1.1275486030059622e-09	5.515617319955772e-10
EU482469_EU660413	1.5655877094578185e-10	2.1231360124466205e-10	1.5260082419223045e-10	5.432465744581875e-10	7.07077751683086e-11	2.891986537839625e-10	6.321486316975068e-10	0.9999999977100703	1.565670560692878e-10	7.658773767162247e-11
EU482669_FM210214	7.583173249918328e-08	1.0283747194910682e-07	7.391463799436463e-08	2.631301246589203e-07	3.424843628871141e-08	1.4007797085009136e-07	3.0619125104917434e-07	0.9999988908361392	7.583574553061952e-08	3.709648971275713e-08
FJ639707	0.0	0.0	0.0	0.0	0.0	0.0	0.0	1.0	0.0	0.0
EU687249	0.0	0.0	0.0	0.0	0.0	0.0	0.0	1.0	0.0	0.0
GU131932	0.0	0.0	0.0	0.0	0.0	0.0	0.0	1.0	0.0	0.0
GQ868631_KF955402	1.1797776028506597e-09	1.5999284486958792e-09	1.1499517623378179e-09	4.09373513537014e-09	5.328315302108476e-10	2.1793099961613732e-09	4.76367304651163e-09	0.9999999827438113	1.1798400369326984e-09	5.771410762369451e-10
FJ639718_FJ639718.3	2.451207622466107e-12	3.3241492289459424e-12	2.389238885786512e-12	8.50549692071652e-12	1.1070567072872611e-12	4.5279222638230924e-12	9.897417661033302e-12	0.9999999999641468	2.4513373408956023e-12	1.1991180387659633e-12
EU482728	0.0	1.0	0.0	0.0	0.0	0.0	0.0	0.0	0.0	0.0
EU482728.2	0.0	1.0	0.0	0.0	0.0	0.0	0.0	0.0	0.0	0.0
EU529706_EU529706.1	0.0	1.0	0.0	0.0	0.0	0.0	0.0	0.0	0.0	0.0
EU596490_EU596490.1	2.558297394047595e-10	0.9999999961548773	2.493621331478758e-10	8.877089973087254e-10	1.1554224388656708e-10	4.725740741755088e-10	1.0329821749064117e-09	4.501294098105161e-10	2.558432779690613e-10	1.251505798861738e-10
FJ205885_JF357906.1	8.853739975301582e-09	1.2006797238406343e-08	0.9999998635513434	3.072177868841204e-08	3.99867891010138e-09	1.635481465741194e-08	3.574938393410618e-08	1.557805108573757e-08	8.854208517106952e-09	4.3312036147497904e-09
FJ850050_HQ705625.1	8.41504497996767e-09	1.1411871040757479e-08	0.9999998703122539	2.919954169071849e-08	3.800547902109022e-09	1.5544448037222605e-08	3.397803353733476e-08	1.480617241441525e-08	8.415490305940438e-09	4.1165963013586864e-09
FJ850061.1	0.0	0.0	1.0	0.0	0.0	0.0	0.0	0.0	0.0	0.0
FJ850061	0.0	0.0	1.0	0.0	0.0	0.0	0.0	0.0	0.0	0.0
FJ850121_FJ850121.2	1.8915996859563932e-11	2.565249707905262e-11	0.9999999997084779	6.563701563535304e-11	8.54316909203173e-12	3.49420271615574e-11	7.637848368207258e-11	3.328247342230096e-11	1.8916997898146905e-11	9.253607425030376e-12
GQ199897	0.0	0.0	1.0	0.0	0.0	0.0	0.0	0.0	0.0	0.0
GU369819	0.0	0.0	1.0	0.0	0.0	0.0	0.0	0.0	0.0	0.0
GU369819.1	0.0	0.0	1.0	0.0	0.0	0.0	0.0	0.0	0.0	0.0
GQ199894_GQ199894.2	1.6462713046153872e-10	2.23255322711805e-10	0.9999999974628629	5.712431449598168e-10	7.435174699544304e-11	3.041026971416482e-10	6.647268283524655e-10	2.8965949481036997e-10	1.646358425643488e-10	8.053473724437157e-11
KJ189308	0.0	0.0	1.0	0.0	0.0	0.0	0.0	0.0	0.0	0.0
FJ873808.2	0.0	0.0	1.0	0.0	0.0	0.0	0.0	0.0	0.0	0.0
FJ873808	0.0	0.0	1.0	0.0	0.0	0.0	0.0	0.0	0.0	0.0
FJ882594	0.0	0.0	1.0	0.0	0.0	0.0	0.0	0.0	0.0	0.0
FJ882594.1	0.0	0.0	1.0	0.0	0.0	0.0	0.0	0.0	0.0	0.0
FJ410291_FJ410291.1	0.0	0.0	1.0	0.0	0.0	0.0	0.0	0.0	0.0	0.0
EU482635	0.0	0.0	1.0	0.0	0.0	0.0	0.0	0.0	0.0	0.0
GQ868641	0.0	0.0	0.0	0.0	0.0	0.0	1.0	0.0	0.0	0.0
GQ868641.1	0.0	0.0	0.0	0.0	0.0	0.0	1.0	0.0	0.0	0.0
HQ332186.1	0.0	0.0	0.0	0.0	0.0	0.0	1.0	0.0	0.0	0.0
HQ332186	0.0	0.0	0.0	0.0	0.0	0.0	1.0	0.0	0.0	0.0
GU131881_HM181971	3.4812106785028165e-08	2.0798513657702906e-05	3.393202536767252e-08	1.207952620373372e-07	1.5722444707638667e-08	6.430565567674408e-08	0.9999788188235053	6.125149139370877e-08	3.481394904913431e-08	1.70299018454327e-08
JX669476	0.0	0.0	0.0	0.0	0.0	0.0	1.0	0.0	0.0	0.0
EU920850	0.0	1.0	0.0	0.0	0.0	0.0	0.0	0.0	0.0	0.0
EU920850.1	0.0	1.0	0.0	0.0	0.0	0.0	0.0	0.0	0.0	0.0
EU482451_EU482661	2.361062727016494e-09	3.201901287989898e-09	2.301372934494027e-09	8.192701250681189e-09	1.0663439132258585e-09	4.361404717396055e-09	9.533433120475542e-09	0.9999999654655727	2.3611876749589204e-09	1.1550196240720858e-09
FJ410221	0.0	0.0	0.0	0.0	0.0	0.0	0.0	1.0	0.0	0.0
EU482467_EU482676	2.635754598030258e-12	3.5744183946026198e-12	2.569120347573318e-12	9.145860355458631e-12	1.1904049986500004e-12	4.8688213177096184e-12	1.0642576283460101e-11	0.9999999999614476	2.635894082725008e-12	1.289397460782461e-12
EU482464_EU482705	7.119833875116469e-09	9.655400084950929e-09	6.939838061393573e-09	2.47052614171828e-08	3.215582300730923e-09	1.3151906848848525e-08	2.8748266321195836e-08	0.9999998958607147	7.120210658241683e-09	3.4829857554374404e-09
EU660413	0.0	0.0	0.0	0.0	0.0	0.0	0.0	1.0	0.0	0.0
EU482469_EU482541	2.2074170196728718e-09	2.993538171411747e-09	2.1516115290320822e-09	7.65956277692852e-09	9.969517861364673e-10	4.0775871359534385e-09	8.913046775611462e-09	0.9999999677128941	2.207533836651739e-09	1.079856941985885e-09
FM210211	0.0	0.0	0.0	0.0	0.0	0.0	0.0	1.0	0.0	0.0
EU482669_EU482669.1	1.476137768286689e-10	2.0018305178618258e-10	1.4388196758381462e-10	5.122081511024427e-10	6.666788248715247e-11	2.726752725569191e-10	5.960307843388721e-10	0.9999999978409057	1.476215885811808e-10	7.221189300461939e-11
FM210214	0.0	0.0	0.0	0.0	0.0	0.0	0.0	1.0	0.0	0.0
GQ868631_GQ868631.1	0.0	0.0	0.0	0.0	0.0	0.0	0.0	1.0	0.0	0.0
KF955402	0.0	0.0	0.0	0.0	0.0	0.0	0.0	1.0	0.0	0.0
FJ639718_FJ639718.2	2.689543490975569e-15	3.647362973173293e-15	2.621549408853344e-15	9.332503567205342e-15	1.2146980671632066e-15	4.968181291822476e-15	1.085976357274763e-14	0.9999999999999608	2.6896858221899916e-15	1.3157107078631321e-15
FJ639718.3	0.0	0.0	0.0	0.0	0.0	0.0	0.0	1.0	0.0	0.0
EU529706.1	0.0	1.0	0.0	0.0	0.0	0.0	0.0	0.0	0.0	0.0
EU529706.2	0.0	1.0	0.0	0.0	0.0	0.0	0.0	0.0	0.0	0.0
EU529706	0.0	1.0	0.0	0.0	0.0	0.0	0.0	0.0	0.0	0.0
EU596490.1	0.0	1.0	0.0	0.0	0.0	0.0	0.0	0.0	0.0	0.0
EU596490	0.0	1.0	0.0	0.0	0.0	0.0	0.0	0.0	0.0	0.0
JF357906_JF357906.1	1.0879102531027452e-11	1.4753446406859314e-11	0.9999999998323377	3.774962684911965e-11	4.913408116005599e-12	2.0096106959350185e-11	4.392733628106691e-11	1.914165262003301e-11	1.0879678255450672e-11	5.322000458457632e-12
FJ205885	0.0	0.0	1.0	0.0	0.0	0.0	0.0	0.0	0.0	0.0
HQ705625_HQ705625.1	2.843938338339245e-11	3.856742018878461e-11	0.999999999561709	9.868241497681036e-11	1.28442853380258e-11	5.253382700462932e-11	1.1483174774256701e-10	5.003875971388836e-11	2.8440888401618763e-11	1.3912398653565465e-11
FJ850050	0.0	0.0	1.0	0.0	0.0	0.0	0.0	0.0	0.0	0.0
FJ850121_FJ850121.1	7.864451683526861e-14	1.0665196517942011e-13	0.999999999998788	2.728902642284701e-13	3.551879451413296e-14	1.4527380522248953e-13	3.175486330634487e-13	1.3837410001768567e-13	7.864867871985106e-14	3.847248920200681e-14
FJ850121.2	0.0	0.0	1.0	0.0	0.0	0.0	0.0	0.0	0.0	0.0
GQ199894_GQ199894.1	1.0627393169266162e-12	1.4412096505223709e-12	0.9999999999836217	3.68762152369192e-12	4.799726788209923e-13	1.9631144133400345e-12	4.2910991251902395e-12	1.869877296609985e-12	1.0627955573176344e-12	5.198865545915804e-13
GQ199894.2	0.0	0.0	1.0	0.0	0.0	0.0	0.0	0.0	0.0	0.0
FJ410291	0.0	0.0	1.0	0.0	0.0	0.0	0.0	0.0	0.0	0.0
FJ410291.1	0.0	0.0	1.0	0.0	0.0	0.0	0.0	0.0	0.0	0.0
GU131881_JX669478	1.7700045312228132e-09	3.7670481817255616e-07	1.725257222299836e-09	6.14177597686468e-09	7.994000060458582e-10	3.269589589448311e-09	0.9999996038388774	3.1143021012921423e-09	1.770098200239621e-09	8.658770243017692e-10
HM181971	0.0	0.0	0.0	0.0	0.0	0.0	1.0	0.0	0.0	0.0
EU482451_FJ410224.1	1.2994631234397408e-09	1.7622372336946452e-09	1.2666115251568236e-09	4.5090344423299515e-09	5.868859714254217e-10	2.4003956065215994e-09	5.246935898010338e-09	0.9999999809932137	1.299531891305023e-09	6.356906113322518e-10
EU482661	0.0	0.0	0.0	0.0	0.0	0.0	0.0	1.0	0.0	0.0
EU482676	0.0	0.0	0.0	0.0	0.0	0.0	0.0	1.0	0.0	0.0
EU482474_EU482670.1	5.244176964515306e-10	7.111770807693248e-10	5.111599447035047e-10	1.8196880025406415e-09	2.3684657429904406e-10	9.687153962571108e-10	2.117479124594044e-09	0.9999999923295283	5.244454487477293e-10	2.565424135840695e-10
EU482467_FJ205877.1	5.126491899936524e-13	6.952174895420245e-13	4.99688956689644e-13	1.7788522142861108e-12	2.3153147822577055e-13	9.469763636618376e-13	2.0699605779835348e-12	0.9999999999925018	5.126763194979824e-13	2.507853213436423e-13
EU482464_EU482658	1.0487085958687514e-08	1.422182208636753e-08	1.0221962979159423e-08	3.638936029383184e-08	4.736358823322646e-09	1.9371965703661773e-08	4.234446271665155e-08	0.9999998466091125	1.048764093751023e-08	5.130227987174646e-09
EU482705	0.0	0.0	0.0	0.0	0.0	0.0	0.0	1.0	0.0	0.0
EU482469_FJ410259	2.251043103011099e-10	3.0527006878634543e-10	2.1941347056862856e-10	7.810941841718998e-10	1.0166549511109902e-10	4.158174154458149e-10	9.089198956175861e-10	0.9999999967074791	2.25116222869159e-10	1.1011985953864832e-10
EU482541	0.0	0.0	0.0	0.0	0.0	0.0	0.0	1.0	0.0	0.0
EU482669	0.0	0.0	0.0	0.0	0.0	0.0	0.0	1.0	0.0	0.0
EU482669.1	0.0	0.0	0.0	0.0	0.0	0.0	0.0	1.0	0.0	0.0
GQ868631.1	0.0	0.0	0.0	0.0	0.0	0.0	0.0	1.0	0.0	0.0
GQ868631	0.0	0.0	0.0	0.0	0.0	0.0	0.0	1.0	0.0	0.0
FJ639718_FJ639718.1	2.6603214569473744e-16	3.607734179189155e-16	2.593066134167826e-16	9.231105416283377e-16	1.201500307628279e-16	4.914201736089313e-16	1.0741771660095617e-15	0.999999999999996	2.6604622417255314e-16	1.3014154405787604e-16
FJ639718.2	0.0	0.0	0.0	0.0	0.0	0.0	0.0	1.0	0.0	0.0
JF357906.1	0.0	0.0	1.0	0.0	0.0	0.0	0.0	0.0	0.0	0.0
JF357906	0.0	0.0	1.0	0.0	0.0	0.0	0.0	0.0	0.0	0.0
HQ705625.1	0.0	0.0	1.0	0.0	0.0	0.0	0.0	0.0	0.0	0.0
HQ705625	0.0	0.0	1.0	0.0	0.0	0.0	0.0	0.0	0.0	0.0
FJ850121.1	0.0	0.0	1.0	0.0	0.0	0.0	0.0	0.0	0.0	0.0
FJ850121	0.0	0.0	1.0	0.0	0.0	0.0	0.0	0.0	0.0	0.0
GQ199894	0.0	0.0	1.0	0.0	0.0	0.0	0.0	0.0	0.0	0.0
GQ199894.1	0.0	0.0	1.0	0.0	0.0	0.0	0.0	0.0	0.0	0.0
JX286520_JX669478	9.727822884500188e-09	3.677502984310427e-08	9.481894759411857e-09	3.375477737220365e-08	4.393447324855222e-09	1.796943898735988e-08	0.9999998562944612	1.7115989657533293e-08	9.728337682959292e-09	4.758800434452309e-09
GU131881_GU131881.1	5.791967280663355e-10	7.924587253887384e-10	5.645541130555698e-10	2.0097669172964633e-09	2.615868263332062e-10	1.0699043753407355e-09	0.9999999928408752	1.0190898133081987e-09	5.792273792805554e-10	2.8334003135965296e-10
FJ410215_FJ410224.1	2.315972750745003e-08	3.1407535465736606e-08	2.2574228734385497e-08	8.036242592990454e-08	1.045979599650268e-08	4.2781135650825135e-08	9.351370073920538e-08	0.9999996612508787	2.3160953125162812e-08	1.1329618418511426e-08
EU482451_EU482451.1	0.0	0.0	0.0	0.0	0.0	0.0	0.0	1.0	0.0	0.0
EU482474_EU482656	1.0197229576211456e-09	1.3828739973909237e-09	9.9394344271274e-10	3.538358153155802e-09	4.6054488794120997e-10	1.8836536898898124e-09	4.1174088712920486e-09	0.9999999850848739	1.0197769215772669e-09	4.988431750212554e-10
EU482670_EU482670.1	3.710851728728353e-11	5.0323868120052054e-11	3.617038054388016e-11	1.287636251725592e-10	1.6759589266878002e-11	6.854763344506468e-11	1.4983573443868805e-10	0.9999999994572268	3.7110481077922586e-11	1.815329393691763e-11
EU482467_FJ859028.1	1.2115396846985514e-10	1.6430018705132297e-10	1.1809108701461433e-10	4.203947051683045e-10	5.471764699967885e-11	2.2379815816388002e-10	4.891921093291216e-10	0.9999999982279236	1.2116037996367272e-10	5.926789217231836e-11
FJ024452_FJ205877.1	9.103124641372673e-09	1.234499455708028e-08	8.872989450582421e-09	3.158712379010829e-08	4.1113103186928864e-09	1.6815483256599516e-08	3.6756342371954704e-08	0.999999866851824	9.103606380667686e-09	4.453201298233088e-09
EU482642	0.0	0.0	0.0	0.0	0.0	0.0	0.0	1.0	0.0	0.0
EU482464	0.0	0.0	0.0	0.0	0.0	0.0	0.0	1.0	0.0	0.0
EU482658	0.0	0.0	0.0	0.0	0.0	0.0	0.0	1.0	0.0	0.0
EU482469_FJ432726	4.745942033070826e-09	6.436100885645261e-09	4.6259603434544645e-09	1.6468044150242588e-08	2.1434442810771114e-09	8.766803920402036e-09	1.9163032158449882e-08	0.9999999305827888	4.746193189334114e-09	2.3216901949200445e-09
FJ410259	0.0	0.0	0.0	0.0	0.0	0.0	0.0	1.0	0.0	0.0
FJ639718	0.0	0.0	0.0	0.0	0.0	0.0	0.0	1.0	0.0	0.0
FJ639718.1	0.0	0.0	0.0	0.0	0.0	0.0	0.0	1.0	0.0	0.0
JX286520_KC294211	1.3047389562172025e-07	1.7806148128578547e-07	1.271753980129339e-07	4.527341165526972e-07	5.892687341132019e-08	2.410141235767498e-07	0.9999983877388783	2.295672808350254e-07	1.3048080032806788e-07	6.382715213273839e-08
JX669478	0.0	0.0	0.0	0.0	0.0	0.0	1.0	0.0	0.0	0.0
GU131881	0.0	0.0	0.0	0.0	0.0	0.0	1.0	0.0	0.0	0.0
GU131881.1	0.0	0.0	0.0	0.0	0.0	0.0	1.0	0.0	0.0	0.0
FJ410224_FJ410224.1	0.0	0.0	0.0	0.0	0.0	0.0	0.0	1.0	0.0	0.0
FJ410215	0.0	0.0	0.0	0.0	0.0	0.0	0.0	1.0	0.0	0.0
EU482451	0.0	0.0	0.0	0.0	0.0	0.0	0.0	1.0	0.0	0.0
EU482451.1	0.0	0.0	0.0	0.0	0.0	0.0	0.0	1.0	0.0	0.0
EU482474_FJ410217	4.0690498738516385e-12	5.518149044876976e-12	3.966180627747074e-12	1.411928180015506e-11	1.8377345573859594e-12	7.51643449031178e-12	1.642989590762069e-11	0.9999999999404834	4.0692652088376834e-12	1.9905580660135753e-12
EU482656	0.0	0.0	0.0	0.0	0.0	0.0	0.0	1.0	0.0	0.0
EU482670.1	0.0	0.0	0.0	0.0	0.0	0.0	0.0	1.0	0.0	0.0
EU482670	0.0	0.0	0.0	0.0	0.0	0.0	0.0	1.0	0.0	0.0
EU482654_FJ859028.1	5.932626651777222e-12	8.045396126130106e-12	5.782644506065527e-12	2.0585746085305198e-11	2.6793952770404108e-12	1.095887270149176e-11	2.3954594160629332e-11	0.9999999999132255	5.9329406076433e-12	2.9022101474426004e-12
EU482467_GU131899.1	4.813254363393315e-10	6.527384964924902e-10	4.691570957433217e-10	1.6701612621977428e-09	2.1738450378647697e-10	8.891144672406708e-10	1.9434824005388105e-09	0.9999999929598234	4.813509081839465e-10	2.3546190373327767e-10
FJ205877_FJ205877.1	0.0	0.0	0.0	0.0	0.0	0.0	0.0	1.0	0.0	0.0
FJ024452	0.0	0.0	0.0	0.0	0.0	0.0	0.0	1.0	0.0	0.0
EU482469_EU482469.1	9.413655947998466e-14	1.2766114495686367e-13	9.175670246058244e-14	3.266464290684246e-13	4.251557828806655e-14	1.7389103216001565e-13	3.8010197006842683e-13	0.9999999999986231	9.414154120676368e-14	4.6051116007157175e-14
FJ432726	0.0	0.0	0.0	0.0	0.0	0.0	0.0	1.0	0.0	0.0
JX286520	0.0	0.0	0.0	0.0	0.0	0.0	1.0	0.0	0.0	0.0
KC294211	0.0	0.0	0.0	0.0	0.0	0.0	1.0	0.0	0.0	0.0
FJ410224	0.0	0.0	0.0	0.0	0.0	0.0	0.0	1.0	0.0	0.0
FJ410224.1	0.0	0.0	0.0	0.0	0.0	0.0	0.0	1.0	0.0	0.0
FJ410217	0.0	0.0	0.0	0.0	0.0	0.0	0.0	1.0	0.0	0.0
EU482699_FJ562098	1.2743487263530202e-10	1.7281789177257703e-10	1.2421320426508468e-10	4.421889467286243e-10	5.7554337380557676e-11	2.3540037641214646e-10	5.145529687049621e-10	0.9999999981360552	1.2744161651590583e-10	6.234047787069759e-11
EU482474	0.0	0.0	0.0	0.0	0.0	0.0	0.0	1.0	0.0	0.0
EU677148_FJ859028.1	4.0619987354287185e-11	5.508586804560441e-11	3.959307748454966e-11	1.4094814906533313e-10	1.834550000511397e-11	7.503409479146745e-11	1.6401425017877296e-10	0.9999999994058658	4.0622136972670144e-11	1.9871086857165873e-11
EU482654_JF730049.1	4.241686651606515e-11	5.7522664678165413e-11	4.134452992253618e-11	1.4718317788840198e-10	1.915703759580964e-11	7.835332776359269e-11	1.7126963866056602e-10	0.9999999993795834	4.241911122567607e-11	2.0750110811164045e-11
EU482467_EU482679.1	3.2272304482900124e-08	4.3765348589774324e-08	3.145643155552545e-08	1.1198234857297504e-07	1.4575375341508974e-08	5.961407945769463e-08	1.303082094816374e-07	0.9999995279644464	3.227401234012745e-08	1.578744374948527e-08
FJ410202_GU131899.1	3.619924766242682e-08	4.909078288701478e-08	3.52840980741861e-08	1.2560853136351704e-07	1.634892922008953e-08	6.686801147405243e-08	1.4616431094880686e-07	0.9999994705264411	3.6201163334323656e-08	1.770848395865447e-08
FJ205877	0.0	0.0	0.0	0.0	0.0	0.0	0.0	1.0	0.0	0.0
FJ205877.1	0.0	0.0	0.0	0.0	0.0	0.0	0.0	1.0	0.0	0.0
EU482469	0.0	0.0	0.0	0.0	0.0	0.0	0.0	1.0	0.0	0.0
EU482469.1	0.0	0.0	0.0	0.0	0.0	0.0	0.0	1.0	0.0	0.0
EU482701_FJ562098	1.1142015387806737e-08	1.5109989672363515e-08	1.086033520236723e-08	3.866191370448738e-08	5.032149359652981e-09	2.0581765116882586e-08	4.4988918469434157e-08	0.9999998370296919	1.1142605025634344e-08	5.45061606257784e-09
EU482699	0.0	0.0	0.0	0.0	0.0	0.0	0.0	1.0	0.0	0.0
FJ024454_FJ859028.1	3.226803052824991e-08	4.375955256379725e-08	3.145226565029866e-08	1.119675182877787e-07	1.4573445064318749e-08	5.960618451879274e-08	1.3029095222694802e-07	0.9999995280269601	3.226973815929866e-08	1.5785352953066826e-08
EU677148_FJ461311	3.442303361060085e-09	4.668201077130147e-09	3.3552788313557407e-09	1.1944520884041725e-08	1.5546724763139658e-09	6.358695152757317e-09	1.3899236347067727e-08	0.9999999496506494	3.4424855284871718e-09	1.6839569269122268e-09
FJ410241_JF730049.1	4.931418092432537e-08	6.687630007072708e-08	4.806747400963533e-08	1.7111631432408636e-07	2.227212181305412e-08	9.10941919741604e-08	1.9911942209479569e-07	0.9999992786989629	4.9316790641283936e-08	2.412424119905189e-08
EU482654_FJ547067	8.43763567863668e-09	1.1442506900761202e-08	8.22432464827943e-09	2.927792963150531e-08	3.810750703477056e-09	1.5586178050837612e-08	3.406924962932555e-08	0.999999876585695	8.43808220011403e-09	4.127647553824636e-09
EU482467_EU482467.1	4.189260011125465e-11	5.6811692768099395e-11	4.0833517444684734e-11	1.453640148559108e-10	1.892025935045361e-11	7.738489183643622e-11	1.6915277041713363e-10	0.9999999993872517	4.189481707657578e-11	2.049364240866505e-11
EU482679_EU482679.1	0.0	0.0	0.0	0.0	0.0	0.0	0.0	1.0	0.0	0.0
GU131899_GU131899.1	5.060972170041435e-12	6.86332181026527e-12	4.933026234791558e-12	1.7561173853078875e-11	2.28572363062485e-12	9.348734213817721e-12	2.043505204482479e-11	0.999999999925975	5.061239997766675e-12	2.4758013018430545e-12
FJ410202_FJ410202.1	7.648573120592615e-12	1.0372437735721081e-11	7.455210302469614e-12	2.6539944853641283e-11	3.4543806476132944e-12	1.412860510133675e-11	3.0883194875714637e-11	0.9999999998881269	7.648977884711325e-12	3.741642248360744e-12
EU482701_EU482701.1	0.0	0.0	0.0	0.0	0.0	0.0	0.0	1.0	0.0	0.0
FJ562098	0.0	0.0	0.0	0.0	0.0	0.0	0.0	1.0	0.0	0.0
FJ859028_FJ859028.1	1.6188383953491357e-10	2.1953507138142573e-10	1.5779127025074657e-10	5.617241420344079e-10	7.31127745834263e-11	2.9903523245650125e-10	6.536500448855342e-10	0.9999999976321825	1.6189240646218347e-10	7.919273357012151e-11
FJ024454	0.0	0.0	0.0	0.0	0.0	0.0	0.0	1.0	0.0	0.0
FJ390387_FJ461311	1.733042104458004e-09	2.3502254653846994e-09	1.6892292389783506e-09	6.0135192742708795e-09	7.827063967030366e-10	3.2013118174883316e-09	6.997628995099186e-09	0.9999999746514077	1.733133817415315e-09	8.477951970897374e-10
EU677148_EU677148.1	1.0020560440514278e-10	1.3589154160849682e-10	9.76723164631958e-11	3.4770553579178276e-10	4.525658514103333e-11	1.8510189956467834e-10	4.0460739012233134e-10	0.9999999985343282	1.0021090730707198e-10	4.902006126546067e-11
JF730049_JF730049.1	0.0	0.0	0.0	0.0	0.0	0.0	0.0	1.0	0.0	0.0
FJ410241_FJ410241.1	4.2767338884731145e-10	5.79979497757598e-10	4.168614203402596e-10	1.4839928933696451e-09	1.9315323977956325e-10	7.900072769266969e-10	1.7268476619996603e-09	0.999999993744573	4.2769602141414496e-10	2.0921560073766142e-10
EU482654_EU482654.1	3.0763886386925376e-11	4.171974184283631e-11	2.998614762776047e-11	1.0674825687348919e-10	1.3894117517717503e-11	5.682769783203447e-11	1.242175610328934e-10	0.9999999995500276	3.076551441834577e-11	1.5049533450779297e-11
FJ547067	0.0	0.0	0.0	0.0	0.0	0.0	0.0	1.0	0.0	0.0
EU482467.1	0.0	0.0	0.0	0.0	0.0	0.0	0.0	1.0	0.0	0.0
EU482467	0.0	0.0	0.0	0.0	0.0	0.0	0.0	1.0	0.0	0.0
EU482679	0.0	0.0	0.0	0.0	0.0	0.0	0.0	1.0	0.0	0.0
EU482679.1	0.0	0.0	0.0	0.0	0.0	0.0	0.0	1.0	0.0	0.0
GU131899_GU131899.2	3.1482042857304274e-15	4.269365333666188e-15	3.068614845567164e-15	1.0924020312537584e-14	1.4218463742055217e-15	5.815429156539833e-15	1.2711731316656307e-14	0.999999999999954	3.148370889371805e-15	1.5400851866402306e-15
GU131899.1	0.0	0.0	0.0	0.0	0.0	0.0	0.0	1.0	0.0	0.0
FJ410202.1	0.0	0.0	0.0	0.0	0.0	0.0	0.0	1.0	0.0	0.0
FJ410202	0.0	0.0	0.0	0.0	0.0	0.0	0.0	1.0	0.0	0.0
EU482701.1	0.0	0.0	0.0	0.0	0.0	0.0	0.0	1.0	0.0	0.0
EU482701	0.0	0.0	0.0	0.0	0.0	0.0	0.0	1.0	0.0	0.0
FJ859028.1	0.0	0.0	0.0	0.0	0.0	0.0	0.0	1.0	0.0	0.0
FJ859028	0.0	0.0	0.0	0.0	0.0	0.0	0.0	1.0	0.0	0.0
FJ390387_FJ547064.2	1.3756485302611158e-10	1.865554332997484e-10	1.3408708962679344e-10	4.773391788963364e-10	6.212941402178137e-11	2.5411268920166504e-10	5.554555205357408e-10	0.9999999979878875	1.3757213298743542e-10	6.729601166866465e-11
FJ461311	0.0	0.0	0.0	0.0	0.0	0.0	0.0	1.0	0.0	0.0
EU677148.1	0.0	0.0	0.0	0.0	0.0	0.0	0.0	1.0	0.0	0.0
EU677148	0.0	0.0	0.0	0.0	0.0	0.0	0.0	1.0	0.0	0.0
JF730049.1	0.0	0.0	0.0	0.0	0.0	0.0	0.0	1.0	0.0	0.0
JF730049	0.0	0.0	0.0	0.0	0.0	0.0	0.0	1.0	0.0	0.0
FJ410241.1	0.0	0.0	0.0	0.0	0.0	0.0	0.0	1.0	0.0	0.0
FJ410241	0.0	0.0	0.0	0.0	0.0	0.0	0.0	1.0	0.0	0.0
EU482654.1	0.0	0.0	0.0	0.0	0.0	0.0	0.0	1.0	0.0	0.0
EU482654	0.0	0.0	0.0	0.0	0.0	0.0	0.0	1.0	0.0	0.0
GU131899.2	0.0	0.0	0.0	0.0	0.0	0.0	0.0	1.0	0.0	0.0
GU131899	0.0	0.0	0.0	0.0	0.0	0.0	0.0	1.0	0.0	0.0
FJ390387_FJ410237.1	2.900038664202464e-09	3.932821194405102e-09	2.8267230744925227e-09	1.0062905199159227e-08	1.3097655315577495e-09	5.357012402066193e-09	1.170969510280795e-08	0.9999999575821629	2.9001921348662906e-09	1.418683853416422e-09
FJ547064_FJ547064.2	1.0941145609893765e-13	1.483758471113213e-13	1.0664543593378134e-13	3.7964911434322704e-13	4.941429082475427e-14	2.021071423926403e-13	4.4177852091677257e-13	0.9999999999983997	1.0941724617649934e-13	5.3523516104234223e-14
FJ390387_FJ390387.1	0.0	0.0	0.0	0.0	0.0	0.0	0.0	1.0	0.0	0.0
FJ410237_FJ410237.1	2.7113253568919385e-10	3.67690195311415e-10	2.6427806095788134e-10	9.408084922199965e-10	1.2245355695187552e-10	5.008417212568803e-10	1.0947713782446327e-09	0.9999999960342405	2.7114688408073446e-10	1.326366283547097e-10
FJ547064.1_FJ547064.2	3.256976616125225e-17	4.41687444505217e-17	3.174637313470314e-17	1.130145171114809e-16	1.4709720120450766e-17	6.016355692492352e-17	1.3150929193659524e-16	0.9999999999999994	3.257148976021496e-17	1.5932960457692464e-17
FJ547064	0.0	0.0	0.0	0.0	0.0	0.0	0.0	1.0	0.0	0.0
FJ390387	0.0	0.0	0.0	0.0	0.0	0.0	0.0	1.0	0.0	0.0
FJ390387.1	0.0	0.0	0.0	0.0	0.0	0.0	0.0	1.0	0.0	0.0
FJ410237.1	0.0	0.0	0.0	0.0	0.0	0.0	0.0	1.0	0.0	0.0
FJ410237	0.0	0.0	0.0	0.0	0.0	0.0	0.0	1.0	0.0	0.0
FJ547064.2	0.0	0.0	0.0	0.0	0.0	0.0	0.0	1.0	0.0	0.0
FJ547064.1	0.0	0.0	0.0	0.0	0.0	0.0	0.0	1.0	0.0	0.0
