node	Africa	Caribbean	Central America	Eastern Asia	Europe	Oceania	South America	South-eastern Asia	Southern Asia	Western Asia
AF022434_EU003591	0.06447367383810841	0.08502974272096604	0.05756344036582879	0.21517068792011781	0.026888254171239422	0.10785155905537801	0.2222168378013452	0.12128067450742762	0.0724433133367662	0.027081816282822482
AF022434_JQ922552.2	0.022146921388065274	0.03914107212621826	0.022669418501107083	0.08517571016535398	0.01053128075533303	0.0505813915729738	0.09103314253733442	0.38154158381863673	0.28656689269175856	0.01061258644321891
EF105379_EU003591	0.18366471132481976	0.06775620555954906	0.04595981079503183	0.17178629233153517	0.021699978456436814	0.08591980751302354	0.17733944296988588	0.17249006679926335	0.051759775189838285	0.021623909060616463
AF022434_GU131843.2	0.0017746285013129004	0.009291344566493926	0.0017953573693632882	0.008997845687522458	0.0008366466744161577	0.014483695140441814	0.007034057676422798	0.905179740081779	0.049763569680760636	0.0008431146214870121
AF100465_JQ922552.2	0.0020336064939548426	0.016101112396783687	0.002519663714655623	0.007790155472059165	0.0009705172778584634	0.0200407633970663	0.0235890974560225	0.0118552268836868	0.9141218348128842	0.000978022095028279
EF105379_EF105379.1	0.0	0.0	0.0	0.0	0.0	0.0	0.0	1.0	0.0	0.0
EF105383_EU003591	0.9958262341674414	0.00022323961781284482	0.00015144216009131946	0.000566051119060009	0.0018078602448142387	0.00028308015903642336	0.0005843363107391531	0.00031703711607042486	0.00016946594602446375	7.125315890990553e-05
AF276619_GU131843.2	0.0008607071828591157	0.0019959259047199135	0.0008032006763130058	0.0033804478064461516	0.00037480967523922346	0.0028774507192435585	0.0031121624212528663	0.9185663598041679	0.06765122684108539	0.00037770896867279127
AF022434_FJ639701.1	0.001056289130615906	0.012167914580639486	0.0010734105093362664	0.007725585461079202	0.0005005810497485256	0.01978426182075902	0.00418081938890189	0.9343108007009597	0.018695885195622056	0.0005044521623381096
0.968272	0.00040888932457037026	0.0030411302956632577	0.0005000180705238656	0.0015661740524670186	0.0001951564378019492	0.0037863195656511455	0.0045086831095327755	0.002262352562521206	0.9835346109747515	0.0001966656065170472
AF100465_HM582115.1	0.004870856655946122	0.23474140926451526	0.012843441478060205	0.018634498374795933	0.0023273145176458967	0.2891070051141483	0.2966873611982448	0.010180619419229868	0.128262173374655	0.0023453206027586543
EF105379	0.0	0.0	0.0	0.0	0.0	0.0	0.0	1.0	0.0	0.0
EF105379.1	0.0	0.0	0.0	0.0	0.0	0.0	0.0	1.0	0.0	0.0
0.991190	0.9995861788010867	2.3648170159737054e-05	1.6042579336055135e-05	5.9962953904867225e-05	0.00016384704891987364	2.9987175045542398e-05	6.189990834287046e-05	3.293629769841962e-05	1.7949071336100117e-05	7.547994169993042e-06
EF105383_JF260983	0.9875027554323476	0.00047689970402350944	0.00032352534908979447	0.0012092525086738882	0.007509694400513132	0.0006047341077281078	0.0012483116650652416	0.000610866836382985	0.00036174206702201995	0.0001522179291538545
AY037116_GU131843.2	0.00025977125512085484	0.0002768468038034716	0.00013380024425917124	0.0006960470807336652	6.245045707600531e-05	0.0004075075871801741	0.0005175421368349116	0.9908880183266617	0.006695082529433871	6.293357889605359e-05
AF276619_JX475906.1	2.4143639143549347e-05	3.718289220336057e-05	2.4625471497281504e-05	9.27342842951288e-05	1.1497063394513368e-05	4.752682109172843e-05	9.503064929841377e-05	0.0010426405474985394	0.9986130326150502	1.1586016527111574e-05
AF489932_FJ639701.1	0.0011708191161485936	0.1075026531012348	0.0011974478496640005	0.004881274720040634	0.0005590077378806183	0.004179702301617377	0.004624587714517297	0.8720719477150888	0.003249227122541524	0.0005633326212660695
AF022434_KJ734727.1	0.0011398535134214867	0.006955953595487988	0.001162800409590422	0.012456465774484119	0.000542608000983763	0.04055133867712121	0.004505986353741566	0.9221745076484956	0.009963680773057116	0.0005468052536164765
JQ922550_JQ922553.1	0.00017984314641811765	0.0010675466329301692	0.00021084201212339304	0.0006886324530068477	8.586150315695529e-05	0.0013307164838796846	0.0016607012008961809	0.0008281097562320242	0.9938612212442712	8.65255670853768e-05
JQ922552_JQ922552.2	0.0	0.0	0.0	0.0	0.0	0.0	0.0	0.0	1.0	0.0
AF100465_GQ868600	0.0029760435633614264	0.3541468831933895	0.015134468046082688	0.011385178078721457	0.0014220003377387283	0.1168262835639633	0.4385501926144921	0.00598846827459546	0.05213748006572394	0.0014330022619315542
HM582115_HM582115.1	1.2727741321831972e-07	1.8528695144041002e-06	1.876593943040782e-07	4.86899548426669e-07	6.081673101709618e-08	0.999993406755576	2.5290969876152977e-06	2.456120533958821e-07	1.0417255100845569e-06	6.128727153794323e-08
EF105384_EF105385.1	0.999992228067979	7.060764556490905e-07	4.789988874137244e-07	1.7903714384253602e-06	4.1361874961972084e-07	8.953419711450148e-07	1.8481995458496997e-06	8.784882709655667e-07	5.354688092861798e-07	2.2536789258411132e-07
EF105387_EU003591	0.9999998880653441	1.0134636849251046e-08	6.875288561955277e-09	2.569801439283293e-08	6.3086920443382844e-09	1.2851251103894129e-08	2.652804793090971e-08	1.2618052438822577e-08	7.68586469475321e-09	3.2348077023633154e-09
EF105383_EF105383.3	0.9999999948609474	3.306933568168941e-10	2.2434063974796585e-10	8.385261274373587e-10	1.6904141743185199e-09	4.1933655414862857e-10	8.656102248250836e-10	4.1378090964090555e-10	2.507986243648209e-10	1.0555176126730369e-10
JF260983	0.0	0.0	0.0	0.0	1.0	0.0	0.0	0.0	0.0	0.0
GQ398259_GU131843.2	0.0006074808251786673	2.6089641487257845e-05	1.626674435909378e-05	6.599694443859356e-05	7.594203734834278e-06	3.4580090828253736e-05	6.279854019257647e-05	0.998979772689888	0.00019176736078144405	7.652959111179123e-06
AY037116_JN851131.2	1.5644936856771964e-05	2.2519779438066717e-05	1.4768980545782797e-05	0.0019440126935490012	6.895243424432975e-06	0.0002225454560399107	5.6997595415948645e-05	0.9976315527956012	7.811392716888567e-05	6.948591960071919e-06
0.856077	1.4471881358112987e-07	2.2262302762124066e-07	1.4763525740406065e-07	8.498954581357154e-07	6.892755946380914e-08	2.844309938653398e-07	5.697254149220217e-07	5.915630589723592e-06	0.99999172695203	6.946085530867275e-08
JX475906_JX475906.1	5.423783483681315e-10	8.185656698215973e-10	5.550669007364062e-10	2.0749753649381064e-09	2.5915255194377897e-10	1.0381378983659101e-09	2.1417106544929347e-09	1.4198595603667522e-09	0.9999999908889954	2.611576386673196e-10
AF489932_M20558	1.5511304328425037e-05	0.9985318991691389	1.5873995103012834e-05	5.990099656273606e-05	7.4112480086467545e-06	3.239173766875248e-05	6.134596424698048e-05	0.001247775181657572	2.042181406734717e-05	7.468589217546915e-06
EU482664_FJ639701.1	1.0629884573689448e-07	3.857942748302534e-06	1.0876314820481058e-07	4.2070926085389034e-07	5.0777717227993455e-08	2.7119109116351026e-07	4.1980820794532546e-07	0.999994524942057	1.8839634180486366e-07	5.1170581706822205e-08
AF204177_KJ734727.1	0.005396837119984233	0.010878410793157944	0.005521453861698081	0.09427233601173567	0.002577736502180986	0.3558463725846582	0.021314442997768804	0.4908948392855567	0.010699890657027547	0.002597680186231806
AF022434_M84728	7.991989093429337e-05	0.00022881092538510906	8.171626359695712e-05	0.0004730806675405572	3.814620805535654e-05	0.0009460536383108984	0.00031569942948065423	0.9975276943049208	0.0002704373427611179	3.8441329014327874e-05
JQ922553_JQ922553.1	0.0	0.0	0.0	0.0	0.0	0.0	0.0	0.0	1.0	0.0
JQ922550	0.0	0.0	0.0	0.0	0.0	0.0	0.0	0.0	1.0	0.0
JQ922552	0.0	0.0	0.0	0.0	0.0	0.0	0.0	0.0	1.0	0.0
JQ922552.1	0.0	0.0	0.0	0.0	0.0	0.0	0.0	0.0	1.0	0.0
JQ922552.2	0.0	0.0	0.0	0.0	0.0	0.0	0.0	0.0	1.0	0.0
AF100465_GQ868592	0.0004918258527921143	0.02736224272637143	0.02674520395763997	0.0018814819640631548	0.00023500790784775622	0.009401710063240821	0.9284215977154512	0.000951281102061344	0.004272822541939395	0.00023682616859288874
GQ868600	0.0	1.0	0.0	0.0	0.0	0.0	0.0	0.0	0.0	0.0
HM582115.1	0.0	0.0	0.0	0.0	0.0	1.0	0.0	0.0	0.0	0.0
HM582115	0.0	0.0	0.0	0.0	0.0	1.0	0.0	0.0	0.0	0.0
EF105385_EF105385.1	1.0	0.0	0.0	0.0	0.0	0.0	0.0	0.0	0.0	0.0
EF105384	1.0	0.0	0.0	0.0	0.0	0.0	0.0	0.0	0.0	0.0
0.507536	0.9999999788817625	1.9497044380793573e-09	1.3226706617602006e-09	4.943793837297221e-09	8.074351448614165e-10	2.472327343277065e-09	5.103475517042174e-09	2.417948552799022e-09	1.478568423674198e-09	6.223135601654673e-10
EU003591	1.0	0.0	0.0	0.0	0.0	0.0	0.0	0.0	0.0	0.0
EF105383.1_EF105383.3	0.9999999999993636	5.74526296083612e-14	3.897560870507292e-14	1.4568053782758882e-13	3.763302282182584e-14	7.285294221740806e-14	1.5038593093067327e-13	7.117366452374693e-14	4.356917098124305e-14	1.833793596845276e-14
EF105383	1.0	0.0	0.0	0.0	0.0	0.0	0.0	0.0	0.0	0.0
GQ398262_GU131843.2	0.004945613590396933	0.00011037952314351804	7.408901544925607e-05	0.0002797982090311461	3.4590802869241006e-05	0.00014079475870958154	0.00028588844624487215	0.9939151898413615	0.00017879737864275725	3.485843415138655e-05
GQ398259	0.0	0.0	0.0	0.0	0.0	0.0	0.0	1.0	0.0	0.0
AY037116_JN851126	7.273852070594926e-06	1.084085700793384e-05	7.292048474971086e-06	0.001643198571090853	3.4045291993714997e-06	0.0007681075047633699	2.8137572315738368e-05	0.9975126077616103	1.5706433186330704e-05	3.4308702805157476e-06
FJ196852_JN851131.2	0.00014218695709876597	0.00021396166577689475	0.00014489344556731256	0.014227999138167947	6.764854563579897e-05	0.00036946984030665513	0.0005590720281729402	0.9840134563140879	0.00019314011686217715	6.817194832330161e-05
FJ882602_FJ882602.1	1.617214197432947e-09	2.439812854132229e-09	1.655149305051668e-09	6.1873062237730776e-09	7.727650589470838e-10	3.093816086756708e-09	6.386331872391937e-09	3.035238431066067e-09	0.9999999740336221	7.787440129136499e-10
AF276619_JQ955623	5.875518036104134e-07	8.865242752579705e-07	6.013214275214861e-07	4.6103758314019456e-05	2.8074816880809293e-07	1.1242175318654143e-06	2.3201784230966283e-06	1.2516765385947137e-06	0.9999465611030297	2.829204875113025e-07
JQ922551	0.0	0.0	0.0	0.0	0.0	0.0	0.0	0.0	1.0	0.0
JX475906.1	0.0	0.0	0.0	0.0	0.0	0.0	0.0	0.0	1.0	0.0
JX475906	0.0	0.0	0.0	0.0	0.0	0.0	0.0	0.0	1.0	0.0
AF489932_GQ398284.2	7.712872848200951e-10	0.9999998259374518	7.897752450952699e-10	2.9729958202105294e-09	3.6852465691086243e-10	1.583977337192487e-09	1.1613294732250069e-07	5.008246758177711e-08	9.891970624709535e-10	3.71375954125711e-10
M20558	0.0	1.0	0.0	0.0	0.0	0.0	0.0	0.0	0.0	0.0
FJ639697_FJ639701.1	9.613404479986033e-08	2.118580478671252e-07	9.838861524919778e-08	3.680069711001842e-07	4.5936169044765214e-08	1.85134312453259e-07	3.796314952399271e-07	0.9999984574273707	1.1119139228794865e-07	4.6291581255025915e-08
EU482664_FM210227	1.1167074141097027e-06	1.7186194420947978e-06	1.1429027116286724e-06	4.271998693615763e-06	5.336045809950479e-07	2.1369282777049264e-06	4.409848718055356e-06	0.9999828534490446	1.2782079888073277e-06	5.377331283992579e-07
FM210222_FM210243	1.0854439133055977e-07	1.6617170681537015e-07	1.1109059130150725e-07	4.1523657623786583e-07	5.1866574837063773e-08	2.0769413057017504e-07	4.2863898737890514e-07	0.9999983342627323	1.2422643791914223e-07	5.226787126792204e-08
AF204177_M29095.1	0.0	0.0	0.0	0.0	0.0	1.0	0.0	0.0	0.0	0.0
KJ734727_KJ734727.1	1.2860260711760786e-07	1.9881851426429605e-07	1.3161587122841709e-07	0.999996818149607	6.144926719140125e-08	8.52454737138459e-07	5.078526757144771e-07	1.0840583324695976e-06	1.5507368293519808e-07	6.192470491863929e-08
AF022434_DQ181804	5.977951043812003e-08	1.0552461475421597e-07	6.117070310499043e-08	2.5239695976436136e-07	2.855886943975094e-08	2.2675881104381802e-07	2.3608159269369302e-07	0.9999989071906437	9.375846565040135e-08	2.877982922813295e-08
M84727_M84728	1.4460807891781114e-06	2.343260727858069e-06	1.4798857062645638e-06	5.781774899051356e-06	6.9092819961609e-07	3.950869163817582e-06	5.710681378685164e-06	0.9999759785107031	1.921734487772703e-06	6.962739448378414e-07
JQ922553.1	0.0	0.0	0.0	0.0	0.0	0.0	0.0	0.0	1.0	0.0
JQ922553	0.0	0.0	0.0	0.0	0.0	0.0	0.0	0.0	1.0	0.0
AF100465_JX966379	0.00048440358986117613	0.019987171633822715	0.03622554850567105	0.001853076607363994	0.00023146264099059742	0.007047019899533335	0.9297717055737929	0.0009283503765867894	0.0032380076960090045	0.00023325347636846255
GQ868592	0.0	0.0	0.0	0.0	0.0	0.0	1.0	0.0	0.0	0.0
EF105385	1.0	0.0	0.0	0.0	0.0	0.0	0.0	0.0	0.0	0.0
EF105385.1	1.0	0.0	0.0	0.0	0.0	0.0	0.0	0.0	0.0	0.0
EF105388_EF105388.2	1.0	0.0	0.0	0.0	0.0	0.0	0.0	0.0	0.0	0.0
EF105387	1.0	0.0	0.0	0.0	0.0	0.0	0.0	0.0	0.0	0.0
EF105383.2_EF105383.3	0.9999999999999634	3.413479244854065e-15	2.315689363253783e-15	8.655435595915951e-15	1.0812613619205336e-15	4.328470341106279e-15	8.935000755549367e-15	4.225477931722179e-15	2.5885964567252358e-15	1.0895266241610717e-15
EF105383.1	1.0	0.0	0.0	0.0	0.0	0.0	0.0	0.0	0.0	0.0
GQ398262_GQ398262.2	1.207847562021029e-07	9.235773913028243e-09	6.246871217975209e-09	2.3416766329584486e-08	2.9165665003758933e-09	1.1730923983021537e-08	2.410376013940659e-08	0.9999997893837619	9.241687558270784e-09	2.9391322205088434e-09
GU131843_GU131843.2	1.0	0.0	0.0	0.0	0.0	0.0	0.0	0.0	0.0	0.0
AY858035_JN851126	1.9439932791507693e-08	2.9059831291295983e-08	1.9588197871334408e-08	3.3649184920334747e-06	9.145399695777122e-09	6.791241147680964e-06	7.558330876054015e-08	0.9999896446576398	3.714989170388311e-08	9.216158343092611e-09
0.416736	0.0014490251091782082	0.002185987729521731	0.0014829287643939218	0.14604855799189206	0.0006923577918379931	0.2656009903828383	0.005721825992652768	0.574458587280847	0.0016620243294509466	0.0006977146273873441
JN851131_JN851131.2	0.0	0.0	0.0	0.0	0.0	0.0	0.0	1.0	0.0	0.0
FJ196852_FJ196852.1	0.0	0.0	0.0	1.0	0.0	0.0	0.0	0.0	0.0	0.0
FJ882602	0.0	0.0	0.0	0.0	0.0	0.0	0.0	0.0	1.0	0.0
FJ882602.1	0.0	0.0	0.0	0.0	0.0	0.0	0.0	0.0	1.0	0.0
AF276619_KF041236.1	4.7113158965006436e-05	7.107710291737183e-05	4.8218322588855874e-05	0.00467230107600117	2.2512431292266048e-05	9.012953228596592e-05	0.000186048595109228	8.810566687160745e-05	0.9947518075018223	2.268661214626643e-05
DQ448231_JQ955623	1.9731443388926287e-08	2.9767880839749583e-08	2.0194284539441753e-08	1.491929051432544e-07	9.428416779058183e-09	3.774730352091383e-08	7.79188939620811e-08	3.7040975518755954e-08	0.9999996094726291	9.505267200117268e-09
0.999521	1.261083254823164e-10	0.9999999851243688	1.2906674430199897e-10	4.824273932699828e-10	6.02592803070519e-11	2.4130174992141647e-10	1.3372834893229502e-08	2.5857934542068527e-10	1.4432786939831674e-10	6.072551186735179e-11
AY702039_JN819419	7.795848949423388e-06	0.982483905857727	8.047477468173803e-06	2.982236153848253e-05	3.7251493019873708e-06	1.4913779978761323e-05	0.01742455444933215	1.4562071588388477e-05	8.919032992819714e-06	3.753971123013586e-06
EU529701_GQ398284.2	5.560483269536542e-07	0.9999912724832937	5.69092049154293e-07	2.1271168562928075e-06	2.657007648609589e-07	1.0637479600945056e-06	2.2011601848844224e-06	1.040728717242615e-06	6.361653307427854e-07	2.677565159916308e-07
0.641040	4.3065657279075944e-07	6.692219293950857e-07	4.407586998547631e-07	1.6475145214183506e-06	2.0578379468775248e-07	8.242213791044796e-07	1.7006517401942013e-06	0.999993380760074	4.930553256612063e-07	2.0737596269904995e-07
FJ639701_FJ639701.1	0.0	0.0	0.0	0.0	0.0	0.0	0.0	1.0	0.0	0.0
EU482664_FM210241	2.5579344332216966e-07	3.8613055828836336e-07	2.6179380816901363e-07	9.785170313985164e-07	1.2222770935966033e-07	4.893473607462021e-07	1.01012162183037e-06	0.9999960802443704	2.9265070015022226e-07	1.2317339633121928e-07
FM210227	0.0	0.0	0.0	0.0	0.0	0.0	0.0	1.0	0.0	0.0
FM210235_FM210243	5.6252437088842986e-08	8.492191263932679e-08	5.757199840503613e-08	2.1518915200177705e-07	2.6879526053316136e-08	1.0761422245133745e-07	2.2213940382084841e-07	0.9999991379858869	6.435796512836286e-08	2.7087495405943854e-08
FM210222_FM210234	3.249816047975582e-07	4.903294059078147e-07	3.326049772519169e-07	1.243189794188964e-06	1.5528841118722357e-07	6.217037696327711e-07	1.2833438606519394e-06	0.9999950202645039	3.718037806931226e-07	1.5648989183447192e-07
AF204177	0.0	0.0	0.0	1.0	0.0	0.0	0.0	0.0	0.0	0.0
AF204178	0.0	0.0	0.0	1.0	0.0	0.0	0.0	0.0	0.0	0.0
M29095.1	0.0	0.0	0.0	0.0	0.0	1.0	0.0	0.0	0.0	0.0
M29095	0.0	0.0	0.0	0.0	0.0	1.0	0.0	0.0	0.0	0.0
KJ734727	0.0	0.0	0.0	1.0	0.0	0.0	0.0	0.0	0.0	0.0
KJ734727.1	0.0	0.0	0.0	1.0	0.0	0.0	0.0	0.0	0.0	0.0
0.995998	4.905682852504939e-08	8.598728873617046e-08	5.019892344914501e-08	2.0618229380426069e-07	2.343648949667508e-08	1.8161997747933113e-07	1.9373496354767494e-07	0.9999991102321256	7.593329166213197e-08	2.3617817575690798e-08
DQ181804	0.0	0.0	0.0	0.0	0.0	0.0	0.0	1.0	0.0	0.0
M84727_M84727.2	3.762680171049299e-10	5.69525592235563e-10	3.850931046734122e-10	1.4422740951338796e-09	1.7979424973360617e-10	7.335254283838184e-10	1.4858742530587913e-09	0.9999999942128877	4.3357236411614725e-10	1.8118533395498243e-10
M84728	0.0	0.0	0.0	0.0	0.0	0.0	0.0	1.0	0.0	0.0
JX966379	0.0	0.0	1.0	0.0	0.0	0.0	0.0	0.0	0.0	0.0
AF100465	0.0	0.0	0.0	0.0	0.0	0.0	1.0	0.0	0.0	0.0
EF105388	1.0	0.0	0.0	0.0	0.0	0.0	0.0	0.0	0.0	0.0
EF105388.2	1.0	0.0	0.0	0.0	0.0	0.0	0.0	0.0	0.0	0.0
EF105388.1	1.0	0.0	0.0	0.0	0.0	0.0	0.0	0.0	0.0	0.0
EF105383.2	1.0	0.0	0.0	0.0	0.0	0.0	0.0	0.0	0.0	0.0
EF105383.3	1.0	0.0	0.0	0.0	0.0	0.0	0.0	0.0	0.0	0.0
GQ398262.1_GQ398262.2	2.8236374611489825e-11	2.3725852471593337e-11	1.6093481017489667e-11	6.016056039781146e-11	7.513810772823919e-12	3.0087747922704193e-11	6.209614243769124e-11	0.9999999997462776	1.823653520324976e-11	7.571945811965295e-12
GQ398262	0.0	0.0	0.0	0.0	0.0	0.0	0.0	1.0	0.0	0.0
GU131843	1.0	0.0	0.0	0.0	0.0	0.0	0.0	0.0	0.0	0.0
GU131843.1	1.0	0.0	0.0	0.0	0.0	0.0	0.0	0.0	0.0	0.0
GU131843.2	1.0	0.0	0.0	0.0	0.0	0.0	0.0	0.0	0.0	0.0
AY858035_JN851128.2	1.4938300579641005e-09	2.248930239343098e-09	1.523444756508289e-09	9.466845885877742e-08	7.112733522145104e-10	1.2196793935734312e-07	5.8782071440020104e-09	0.9999997688191593	1.971980515442823e-09	7.167765366347457e-10
EU179858_JN851126	1.3726940177696122e-06	2.0708920828136605e-06	1.4048769421180716e-06	5.438655195662052e-06	6.559165447903728e-07	0.00016372411945363472	5.4206652808260535e-06	0.999817679876192	1.5713128593437372e-06	6.609914311100405e-07
FJ196853_FJ196853.1	1.0486720555700233e-06	1.582065707612583e-06	1.0732628366324209e-06	0.9999017285461042	5.010907583949788e-07	2.8540150759691563e-05	4.141144579307912e-06	5.9679913976285154e-05	1.2001854787663764e-06	5.049677434418154e-07
AY037116	0.0	0.0	0.0	0.0	0.0	1.0	0.0	0.0	0.0	0.0
JN851131	0.0	0.0	0.0	0.0	0.0	0.0	0.0	1.0	0.0	0.0
JN851131.2	0.0	0.0	0.0	0.0	0.0	0.0	0.0	1.0	0.0	0.0
JN851131.1	0.0	0.0	0.0	0.0	0.0	0.0	0.0	1.0	0.0	0.0
FJ196852.1	0.0	0.0	0.0	1.0	0.0	0.0	0.0	0.0	0.0	0.0
FJ196852	0.0	0.0	0.0	1.0	0.0	0.0	0.0	0.0	0.0	0.0
KF041236_KF041236.1	0.0	0.0	0.0	0.0	0.0	0.0	0.0	0.0	1.0	0.0
AF276619	0.0	0.0	0.0	1.0	0.0	0.0	0.0	0.0	0.0	0.0
0.507618	1.64078747246211e-08	2.475370421582639e-08	1.6792762410899194e-08	1.1606740395239549e-07	7.840295750696905e-09	3.1389018998150107e-08	6.479424637713234e-08	3.0712080861009014e-08	0.9999996833327559	7.909856736369747e-09
JQ955623	0.0	0.0	0.0	0.0	0.0	0.0	0.0	0.0	1.0	0.0
GQ868603_GQ868603.1	1.698223742619337e-09	0.999999973368519	1.7380604366070755e-09	6.4964111378264394e-09	8.114750597755202e-10	3.248770397233271e-09	6.706424906038165e-09	3.1714686840610593e-09	1.9428931871186512e-09	8.177535165687098e-10
AF489932_GQ398282	1.087618046172013e-06	0.9994544891519503	1.1131312375441677e-06	4.160590748317189e-06	5.197047343510874e-07	2.08065712364504e-06	0.0005327499513585796	2.031153809695601e-06	1.2443152539576115e-06	5.237257374374193e-07
EU482561_EU482576.1	2.3106358198764556e-08	0.999999637637934	2.3648383903538996e-08	8.839141686843506e-08	1.104108541763904e-08	4.420339362901026e-08	9.125791137455976e-08	4.315162778503596e-08	2.6435377657851258e-08	1.1126511305852702e-08
AY702039_EU920828	3.048608932592675e-07	0.9836708621145822	4.0957176735989317e-07	1.166219574686509e-06	1.4567397999166603e-07	5.832113578984446e-07	0.016325463342039243	5.694211992548495e-07	3.487835331686337e-07	1.4680107290503974e-07
EU920834_JN819419	1.3277882076987437e-05	0.0021757634155949337	1.3589503630170526e-05	5.079341364175487e-05	6.344670541169681e-06	2.540112304616094e-05	0.9976684486260274	2.47967293982364e-05	1.5190876205282416e-05	6.393759837728929e-06
EU529701_EU529701.1	2.3465177284702796e-10	0.9999999963202096	2.4015620120814294e-10	8.976404910672893e-10	1.1212542647630438e-10	4.4889829983213734e-10	9.266445723192139e-10	4.382217629167027e-10	2.68458941309496e-10	1.1299295116121987e-10
GQ398284_GQ398284.2	4.0217100392633056e-11	0.9999999993693192	4.1160507488413974e-11	1.5384711260204586e-10	1.921724041750007e-11	7.693693358761113e-11	1.5881757580086472e-10	7.510683431659762e-11	4.601132963213248e-11	1.936592596512354e-11
JX649148_JX649148.1	6.208284946312404e-10	9.366618151250909e-10	6.353918018298118e-10	2.374927039235343e-09	2.966551619596405e-10	1.1876708663349923e-09	2.4516354932565323e-09	0.9999999904870044	7.102745212617264e-10	2.989504100936633e-10
FJ639697_FJ639697.2	0.0	0.0	0.0	0.0	0.0	0.0	0.0	1.0	0.0	0.0
FJ639701	0.0	0.0	0.0	0.0	0.0	0.0	0.0	1.0	0.0	0.0
FJ639701.1	0.0	0.0	0.0	0.0	0.0	0.0	0.0	1.0	0.0	0.0
FM210221_FM210241	5.929072672387222e-08	8.944975220400436e-08	6.06815602532448e-08	2.268116591593878e-07	2.8331335145527346e-08	1.1342556803538771e-07	2.3413752959196379e-07	0.9999990914883479	6.783298362004252e-08	2.855053727806358e-08
EU482664_EU482664.1	9.740670614031325e-11	1.4695238387827244e-10	9.969165896683055e-11	3.726211079405861e-10	4.654458108315027e-11	1.8634295606287446e-10	3.846565356953706e-10	0.9999999985074389	1.1144045964481014e-10	4.690470076614836e-11
FM210235_FM210237	1.9581707262599833e-07	2.954201118491301e-07	2.0041052199310798e-07	7.490816380325906e-07	9.356874875417952e-08	3.7460597637809444e-07	7.732764998640268e-07	0.9999969994975298	2.2402920199809483e-07	9.429269872548929e-08
FM210243	0.0	0.0	0.0	0.0	0.0	0.0	0.0	1.0	0.0	0.0
FM210222	0.0	0.0	0.0	0.0	0.0	0.0	0.0	1.0	0.0	0.0
FM210234	0.0	0.0	0.0	0.0	0.0	0.0	0.0	1.0	0.0	0.0
AF022434_EU726767.2	8.143610850298444e-13	1.228853764969385e-12	8.334640557550632e-13	3.115690458408858e-12	3.8913219259688754e-13	1.5599012286830551e-12	3.215890878248438e-12	0.9999999999875183	9.321395219564461e-13	3.9214294392968037e-13
DQ181805_DQ181805.1	6.2836391534112186e-09	9.480361137374214e-09	6.431039455705594e-09	2.4038431106465088e-08	3.002558461933459e-09	1.2025127615977059e-08	2.4813927248173146e-08	0.9999999037092154	7.189910860230496e-09	3.025789531402409e-09
M84727.1_M84727.2	1.8635061148137298e-12	2.8114767473153395e-12	1.9072199009855958e-12	7.128852434062091e-12	8.904531397497131e-13	3.565756446326761e-12	7.358937021023457e-12	0.9999999999714443	2.1321676486931637e-12	8.973426571549458e-13
M84727	0.0	0.0	0.0	0.0	0.0	0.0	0.0	1.0	0.0	0.0
GQ398262.2	0.0	0.0	0.0	0.0	0.0	0.0	0.0	1.0	0.0	0.0
GQ398262.1	0.0	0.0	0.0	0.0	0.0	0.0	0.0	1.0	0.0	0.0
AY858035_JX470186	1.3130197990858062e-06	1.9808800579613904e-06	1.3438202957836776e-06	0.00010378316546543383	6.274100899190171e-07	2.5148728296248078e-06	5.18508032715378e-06	0.999881117288594	1.5021981217624451e-06	6.32264419197115e-07
GU370051_JN851121	3.6063706665387055e-07	5.44073142881369e-07	3.690968334131521e-07	1.379699446847392e-06	1.7232592644499215e-07	6.900643815290944e-07	1.4241463202697937e-06	0.9999944737019231	4.125957308266271e-07	1.7365922790693465e-07
JN851128_JN851128.2	0.0	0.0	0.0	0.0	0.0	0.0	0.0	1.0	0.0	0.0
0.897128	1.618663012742842e-05	2.4419859099889732e-05	1.6566319598089876e-05	6.207267821292013e-05	7.734572917869182e-06	0.0023027448391071126	6.392052439898181e-05	0.9974800407729458	1.8519387575682275e-05	7.794416016296058e-06
JN851126	0.0	0.0	0.0	0.0	0.0	0.0	0.0	1.0	0.0	0.0
FJ196853.1	0.0	0.0	0.0	1.0	0.0	0.0	0.0	0.0	0.0	0.0
FJ196853	0.0	0.0	0.0	1.0	0.0	0.0	0.0	0.0	0.0	0.0
KF041236	0.0	0.0	0.0	0.0	0.0	0.0	0.0	0.0	1.0	0.0
KF041236.1	0.0	0.0	0.0	0.0	0.0	0.0	0.0	0.0	1.0	0.0
DQ448231_KJ010186	6.841027018463238e-07	1.0320678215275924e-06	7.001502867396116e-07	3.698046131851043e-05	3.268899537769771e-07	1.3087160160719518e-06	2.7015036819472005e-06	1.2775782591522068e-06	0.999954647061075	3.4146888541035907e-07
JQ922549_JQ922549.1	0.0	0.0	0.0	0.0	0.0	0.0	0.0	0.0	1.0	0.0
GQ868603.1	0.0	1.0	0.0	0.0	0.0	0.0	0.0	0.0	0.0	0.0
GQ868603	0.0	1.0	0.0	0.0	0.0	0.0	0.0	0.0	0.0	0.0
EU482551_GQ398282	3.456602357878929e-08	0.9999959399986769	3.537686850424392e-08	1.3222939648624638e-07	1.6516943760612406e-08	6.612619492896808e-08	3.6544422780872647e-06	6.4552800966401e-08	3.954607989211287e-08	1.664473686590541e-08
AF489932_FJ898465.2	2.0011683320854837e-05	0.7048985252220662	2.0481114576922005e-05	7.655300014166802e-05	9.562333579175968e-06	3.828315593867231e-05	0.29486668009353606	3.7372237256065265e-05	2.2894841355219318e-05	9.636318229099196e-06
0.999989	1.5825014755376365e-09	0.9999999751834049	1.6196235728389031e-09	6.0537254032644585e-09	7.561786160616725e-10	3.0273890403091568e-09	6.249294654578164e-09	2.9553546684650535e-09	1.810498379791229e-09	7.620292392098323e-10
EU482576_EU482576.1	7.909404182798216e-10	0.9999999875965875	8.094941874992062e-10	3.0256756006866506e-09	3.7794102572884394e-10	1.513100866403375e-09	3.123403333266939e-09	1.4770977728578788e-09	9.048941614446691e-10	3.8086519002918456e-10
0.999958	1.7510877876123056e-05	0.030538194012384758	0.00019857991086635676	6.69863806588642e-05	8.367354851212055e-06	3.34990144367818e-05	0.9690756946862129	3.2701933345877626e-05	2.0033735525877817e-05	8.432093841368022e-06
AY702039_EU920849.1	1.7810133915506876e-07	0.999053841939628	1.8269170442147437e-07	6.813115931510923e-07	8.510350621629475e-08	3.4071503365400047e-07	0.0009440680058259829	3.326083438485366e-07	2.0376106576610704e-07	8.576195983146277e-08
EU482546	0.0	1.0	0.0	0.0	0.0	0.0	0.0	0.0	0.0	0.0
EU920834_EU920835	9.126745541982989e-07	5.636690665846287e-05	9.340877939437276e-07	3.4913592304153814e-06	4.36110166073489e-07	1.7459831702823966e-06	0.9999329247880525	1.7044389939122604e-06	1.0441669898415417e-06	4.394843903355636e-07
EU920840_JN819419	1.1499670464021976e-08	9.272208243757305e-07	1.1769491792211091e-08	4.399101567684294e-08	5.494974274000676e-09	2.199933262413968e-08	0.9999989378548524	2.1475878014775362e-08	1.3156470988208734e-08	5.537489392787622e-09
EU529701	0.0	1.0	0.0	0.0	0.0	0.0	0.0	0.0	0.0	0.0
EU529701.1	0.0	1.0	0.0	0.0	0.0	0.0	0.0	0.0	0.0	0.0
GQ398284.1_GQ398284.2	2.2158295348014752e-14	0.9999999999996524	2.267808152751176e-14	8.476468269973113e-14	1.0588065394915353e-14	4.238971119276227e-14	8.750254542516269e-14	4.1381087045673673e-14	2.5350723817933623e-14	1.0669986225758672e-14
GQ398284	0.0	1.0	0.0	0.0	0.0	0.0	0.0	0.0	0.0	0.0
JX649148	0.0	0.0	0.0	0.0	0.0	0.0	0.0	1.0	0.0	0.0
JX649148.1	0.0	0.0	0.0	0.0	0.0	0.0	0.0	1.0	0.0	0.0
FJ639697	0.0	0.0	0.0	0.0	0.0	0.0	0.0	1.0	0.0	0.0
FJ639697.1	0.0	0.0	0.0	0.0	0.0	0.0	0.0	1.0	0.0	0.0
FJ639697.2	0.0	0.0	0.0	0.0	0.0	0.0	0.0	1.0	0.0	0.0
FM210221_FM210221.1	0.0	0.0	0.0	0.0	0.0	0.0	0.0	1.0	0.0	0.0
FM210241	0.0	0.0	0.0	0.0	0.0	0.0	0.0	1.0	0.0	0.0
EU482664	0.0	0.0	0.0	0.0	0.0	0.0	0.0	1.0	0.0	0.0
EU482664.1	0.0	0.0	0.0	0.0	0.0	0.0	0.0	1.0	0.0	0.0
FM210235_FM210235.1	2.654690173622665e-10	4.004983957496956e-10	2.716963522779673e-10	1.0155292485095499e-09	1.2685106286426342e-10	5.078529191179654e-10	1.0483302084476367e-09	0.9999999959322241	3.037161313290697e-10	1.2783252114541348e-10
FM210237	0.0	0.0	0.0	0.0	0.0	0.0	0.0	1.0	0.0	0.0
AF100462_EU726767.2	8.969569289137585e-07	1.3531891917179298e-06	9.179976185462065e-07	3.4312327856441606e-06	4.2859969463379406e-07	1.715914719939013e-06	3.5420594598935244e-06	0.9999862559489239	1.026184867146184e-06	4.319158096910788e-07
DQ181803	0.0	0.0	0.0	0.0	0.0	0.0	0.0	1.0	0.0	0.0
AF169679_JF730047	2.8085119793185903e-08	4.23704633763284e-08	2.874393658772513e-08	1.0743724805004178e-07	1.3420124622516528e-08	5.3727966240765766e-08	1.1090740373265062e-07	0.9999995696523318	3.213144828934786e-08	1.3523957354757208e-08
AF022434_EU687246.1	1.8021553869283488e-08	2.7188119215170734e-08	1.844430094825084e-08	6.8939928431004e-08	8.611375012794968e-09	3.447595817131723e-08	7.116664502718179e-08	0.9999997238561307	2.0617986513596663e-08	8.678002009270672e-09
DQ181805	0.0	0.0	0.0	0.0	0.0	0.0	0.0	1.0	0.0	0.0
DQ181805.1	0.0	0.0	0.0	0.0	0.0	0.0	0.0	1.0	0.0	0.0
M84727.2	0.0	0.0	0.0	0.0	0.0	0.0	0.0	1.0	0.0	0.0
M84727.1	0.0	0.0	0.0	0.0	0.0	0.0	0.0	1.0	0.0	0.0
EU482640_JX470186	2.2351990054554493e-05	3.372120812756594e-05	2.287631980298571e-05	0.0025345205284181974	1.0680619953480624e-05	4.27623248074259e-05	8.826742393392536e-05	0.9972084839986203	2.557232939414661e-05	1.0763256887412916e-05
AY858035_AY858035.2	7.856075102532459e-10	1.1852024960507912e-09	8.04036179840451e-10	3.742495416751442e-09	3.7539276158444593e-10	1.502921290543527e-09	3.1023435130689865e-09	0.9999999872249107	8.987929710688841e-10	3.782972097319166e-10
GU370051	0.0	0.0	0.0	0.0	0.0	0.0	0.0	1.0	0.0	0.0
JN851121	0.0	0.0	0.0	0.0	0.0	0.0	0.0	1.0	0.0	0.0
JN851128	0.0	0.0	0.0	0.0	0.0	0.0	0.0	1.0	0.0	0.0
JN851128.1	0.0	0.0	0.0	0.0	0.0	0.0	0.0	1.0	0.0	0.0
JN851128.2	0.0	0.0	0.0	0.0	0.0	0.0	0.0	1.0	0.0	0.0
EU179858	0.0	0.0	0.0	0.0	0.0	0.0	0.0	1.0	0.0	0.0
HM488257	0.0	0.0	0.0	0.0	0.0	1.0	0.0	0.0	0.0	0.0
0.520890	9.829290313611711e-06	1.482890536555306e-05	1.005986442479218e-05	0.0005973366118692324	4.6968039278262154e-06	1.8803828136649695e-05	3.881561044519464e-05	1.8356407125510393e-05	0.9992825289083511	4.7437700404035646e-06
KF041233_KJ010186	1.713704068224378e-08	2.5853703206639033e-08	1.7539038975103195e-08	7.018699266214945e-08	8.188721405186332e-09	3.278384882716563e-08	6.767372557849581e-08	3.200378215689012e-08	0.9999974804029901	2.248230156407787e-06
JQ922549.1	0.0	0.0	0.0	0.0	0.0	0.0	0.0	0.0	1.0	0.0
JQ922549	0.0	0.0	0.0	0.0	0.0	0.0	0.0	0.0	1.0	0.0
GQ398269_GQ398282	1.894473409256065e-07	0.9999967617994152	1.9389137003517923e-07	7.247147620815382e-07	9.052505181963528e-08	3.62420391057322e-07	1.0154376155004137e-06	3.537968733557517e-07	2.167417276275254e-07	9.12254524292462e-08
EU482551_EU569714.2	3.325826408128424e-08	0.9999994753001207	3.403843176792686e-08	1.272266732439704e-07	1.589204717616845e-08	6.362439829022074e-08	1.344846491877564e-07	6.211050373806216e-08	3.8049906530756545e-08	1.6015005399405164e-08
EU687220_FJ898465.2	2.668844653992613e-05	0.0036653964072428232	2.7314500369622282e-05	0.00010209439251024587	1.2752741707581586e-05	5.105607280800878e-05	0.9960214712451134	4.984123205771399e-05	3.0533550813473514e-05	1.2851410837139192e-05
AF489932_JX669483.1	4.9167992754117996e-06	0.001988980581815707	5.032136862094258e-06	1.8808799319474274e-05	2.3494312826918295e-06	9.406034982675335e-06	0.997953331201011	9.182225473766212e-06	5.625180929540427e-06	2.3676090475155927e-06
EU569708	0.0	1.0	0.0	0.0	0.0	0.0	0.0	0.0	0.0	0.0
EU482561_EU482590.1	3.1436386999096546e-09	0.9999999507019156	3.2173817349085468e-09	1.2025723672558266e-08	1.5021485908492425e-09	6.0139074076359685e-09	1.24141479875419e-08	5.8708110176758275e-09	3.5965544805836546e-09	1.5137708519538621e-09
EU482575	0.0	1.0	0.0	0.0	0.0	0.0	0.0	0.0	0.0	0.0
EU482576.1	0.0	1.0	0.0	0.0	0.0	0.0	0.0	0.0	0.0	0.0
EU482576	0.0	1.0	0.0	0.0	0.0	0.0	0.0	0.0	0.0	0.0
EU482603_GQ868558.2	1.39970677327593e-06	0.0010052750325720652	0.00044065324702899453	5.354459747119259e-06	6.688324447522739e-07	2.6776954149284602e-06	0.9985390816692348	2.6139817604210997e-06	1.601367761403786e-06	6.740072625802205e-07
EU920828	0.0	0.0	0.0	0.0	0.0	0.0	1.0	0.0	0.0	0.0
0.388774	1.439880373909379e-06	0.9988641483760498	1.47379421757146e-06	5.50814045483308e-06	6.880288993520198e-07	2.754549130555686e-06	0.001118957542475538	2.6890068335515338e-06	1.647329322952374e-06	6.933522419058162e-07
EU482726_EU920849.1	5.249903973088715e-08	0.9999810300576649	5.3731901626502916e-08	2.008306313629991e-07	2.5086012128224232e-08	1.0043277681645165e-07	1.835397604005137e-05	9.80430558284193e-08	6.006277266658828e-08	2.5280104899607805e-08
EU920835	0.0	0.0	0.0	0.0	0.0	0.0	1.0	0.0	0.0	0.0
EU920834	0.0	0.0	0.0	0.0	0.0	0.0	1.0	0.0	0.0	0.0
JN819419	0.0	0.0	0.0	0.0	0.0	0.0	1.0	0.0	0.0	0.0
FJ850085_FJ850085.2	0.0	0.0	0.0	0.0	0.0	0.0	1.0	0.0	0.0	0.0
EU920840_FJ850088.1	5.39515388240839e-07	8.426976512493872e-07	5.521712664388802e-07	2.063870436594221e-06	2.578007072539061e-07	1.0321146606214669e-06	0.9999928272328967	1.0075562706829534e-06	6.172453873200479e-07	2.597953349165173e-07
GQ398284.2	0.0	1.0	0.0	0.0	0.0	0.0	0.0	0.0	0.0	0.0
GQ398284.1	0.0	1.0	0.0	0.0	0.0	0.0	0.0	0.0	0.0	0.0
FM210221	0.0	0.0	0.0	0.0	0.0	0.0	0.0	1.0	0.0	0.0
FM210221.1	0.0	0.0	0.0	0.0	0.0	0.0	0.0	1.0	0.0	0.0
FM210235	0.0	0.0	0.0	0.0	0.0	0.0	0.0	1.0	0.0	0.0
FM210235.1	0.0	0.0	0.0	0.0	0.0	0.0	0.0	1.0	0.0	0.0
EU726767_EU726767.2	0.0	0.0	0.0	0.0	0.0	0.0	0.0	1.0	0.0	0.0
AF100462	0.0	0.0	0.0	0.0	0.0	0.0	0.0	1.0	0.0	0.0
EU482451_JF730047	2.2863894922855478e-07	3.4493490704689833e-07	2.3400232957997736e-07	8.746389412648841e-07	1.0925227361744693e-07	4.373955157400501e-07	9.028892323691303e-07	0.9999964965704652	2.61579817460764e-07	1.1009756845578074e-07
AF169679_AF169679.1	0.0	0.0	0.0	0.0	0.0	0.0	0.0	1.0	0.0	0.0
0.999768	2.0641251355162793e-09	3.114031157665115e-09	2.1125450929734764e-09	7.896135935103206e-09	9.863164821521577e-10	3.948754493734076e-09	8.151176190269887e-09	0.9999999683714564	2.361511360982233e-09	9.939477030295016e-10
AF022434	0.0	0.0	0.0	0.0	0.0	0.0	0.0	1.0	0.0	0.0
JX470186	0.0	0.0	0.0	1.0	0.0	0.0	0.0	0.0	0.0	0.0
EU482640	0.0	0.0	0.0	0.0	0.0	0.0	0.0	1.0	0.0	0.0
AY858035.1_AY858035.2	2.381862406840055e-12	3.5933837636169676e-12	2.4377358005081467e-12	9.157336207215176e-12	1.1381432790101103e-12	4.5566000819886586e-12	9.40591236672893e-12	0.999999999963457	2.725026231981389e-12	1.14694919770797e-12
AY858035	0.0	0.0	0.0	0.0	0.0	0.0	0.0	1.0	0.0	0.0
KF479233	0.0	0.0	0.0	1.0	0.0	0.0	0.0	0.0	0.0	0.0
DQ448231	0.0	0.0	0.0	0.0	0.0	0.0	0.0	0.0	1.0	0.0
0.348067	1.794981456425337e-08	2.7079890102549054e-08	1.8370878792658187e-08	7.310039258846024e-08	8.5770952795684e-09	3.433871798876365e-08	7.088334838727031e-08	3.352165436704433e-08	0.9999972577353584	2.458442849558824e-06
KJ010186	0.0	0.0	0.0	0.0	0.0	0.0	0.0	0.0	1.0	0.0
GQ398282	0.0	1.0	0.0	0.0	0.0	0.0	0.0	0.0	0.0	0.0
GQ398269	0.0	1.0	0.0	0.0	0.0	0.0	0.0	0.0	0.0	0.0
EU482551_EU569719	8.013200152807472e-10	0.9999999874332807	8.201172676284322e-10	3.0653818701661705e-09	3.829007868518295e-10	1.5329574533865217e-09	3.1649275153055878e-09	1.4964818867922835e-09	9.16769185790712e-10	3.8586332527783174e-10
EU482554_EU569714.2	2.8977829300364224e-08	0.9999995455525675	2.965758714923843e-08	1.1085223241676434e-07	1.3846694739654094e-08	5.543575420787697e-08	1.1445403113007085e-07	5.411670224083154e-08	3.315277350756006e-08	1.3953827883925285e-08
FJ898465_FJ898465.2	9.869280419977214e-11	4.007793856015979e-09	1.0100792613616083e-10	3.7754096608188134e-10	4.715912702051563e-11	1.8880330817726018e-10	0.9999999948342552	1.8431087583672351e-10	1.1291184548526222e-10	4.7524001501666964e-11
EU687220	0.0	0.0	0.0	0.0	0.0	0.0	1.0	0.0	0.0	0.0
AF489932_JX669488.1	2.46712598502823e-06	0.00033700444493024034	2.524999479799054e-06	9.437781562553108e-06	1.1788854177053535e-06	4.719711345120515e-06	0.999634049061295	4.607409372870102e-06	2.8225740495763175e-06	1.188006562058492e-06
FJ850072_JX669483.1	3.247766004030667e-08	5.0826145530643e-06	3.32395164270164e-08	1.2424053857945442e-07	1.5519045259568002e-08	6.21310713297235e-08	0.9999945363289505	6.065270934155841e-08	3.715683794708324e-08	1.5639117532843667e-08
EU482561_GQ398285	1.3825019072430157e-09	0.9999999783198067	1.414932442766951e-09	5.288643988816526e-09	6.606113138482393e-10	2.644781813276856e-09	5.459463885035188e-09	2.5818512244643514e-09	1.5816841258023767e-09	6.657225240340899e-10
EU482590_EU482590.1	7.832033165889911e-12	0.9999999998771792	8.015755899638287e-12	2.9960779732735944e-11	3.74243948070883e-12	1.4982994793428266e-11	3.092849419111838e-11	1.462648573100964e-11	8.960423465852223e-12	3.771395077430751e-12
EU482603_GQ868515.1	1.2347405326772932e-09	2.2514655696618426e-09	0.9999995927620845	4.723395361467693e-09	5.900053817504359e-10	2.362108354304608e-09	3.9176309191463173e-07	2.3059037673164413e-09	1.4126342175651352e-09	5.945703073787037e-10
0.925543	8.955279772962093e-07	0.0006365474307605973	0.00027902817459266586	3.4257664522325145e-06	4.2791688790449817e-07	1.713181078014023e-06	0.9990748338072076	1.6724172822992822e-06	1.0245500412340897e-06	4.312277200236366e-07
0.512016	1.4724946696263724e-07	0.9999416456931808	1.507105379506085e-07	5.632903681596499e-07	7.036132342675844e-08	2.8169415913005924e-07	5.662663953463165e-05	2.7499146519879447e-07	1.6846424820552523e-07	7.09057154246699e-08
EU920833_EU920833.3	1.5865646759205865e-07	2.4845558641865873e-05	1.623782121035804e-07	6.069268832264359e-07	7.581201657473514e-08	3.03516210609086e-07	0.9999732929440176	2.962942712625213e-07	1.815146980496252e-07	7.639858108430951e-08
0.999686	7.618903725018634e-08	0.9999674461606126	7.797638036997506e-08	2.9145471102496775e-07	3.6405982324500866e-08	1.457526959167166e-07	3.16599224241824e-05	1.422846205288605e-07	8.716587669625874e-08	3.668765874115037e-08
EU482726	0.0	1.0	0.0	0.0	0.0	0.0	0.0	0.0	0.0	0.0
FJ850085	0.0	0.0	0.0	0.0	0.0	0.0	1.0	0.0	0.0	0.0
FJ850085.1	0.0	0.0	0.0	0.0	0.0	0.0	1.0	0.0	0.0	0.0
FJ850085.2	0.0	0.0	0.0	0.0	0.0	0.0	1.0	0.0	0.0	0.0
FJ850088_FJ850088.1	0.0	0.0	0.0	0.0	0.0	0.0	1.0	0.0	0.0	0.0
EU920840	0.0	0.0	0.0	0.0	0.0	0.0	1.0	0.0	0.0	0.0
EU726767	0.0	0.0	0.0	0.0	0.0	0.0	0.0	1.0	0.0	0.0
EU726767.2	0.0	0.0	0.0	0.0	0.0	0.0	0.0	1.0	0.0	0.0
EU726767.1	0.0	0.0	0.0	0.0	0.0	0.0	0.0	1.0	0.0	0.0
EU482451_FJ639704	3.3993655529304117e-10	5.128434350199666e-10	3.4791073925225166e-10	1.300398509622869e-09	1.624344481846031e-10	6.503123173986551e-10	1.3424005686622021e-09	0.9999999947911598	3.8891248574059896e-10	1.63691218374108e-10
FJ639706_JF730047	1.0461730916490429e-07	1.5783033439408192e-07	1.0707140730648071e-07	4.002046581942809e-07	4.999007791353918e-08	2.001371247183901e-07	4.1313101850376907e-07	0.999998396951298	1.1968991603076558e-07	5.0376855720801856e-08
AF169679.1	0.0	0.0	0.0	0.0	0.0	0.0	0.0	1.0	0.0	0.0
AF169679	0.0	0.0	0.0	0.0	0.0	0.0	0.0	1.0	0.0	0.0
0.996636	2.7049591368749434e-07	4.080821887918703e-07	2.768411688310589e-07	1.0347592147454022e-06	1.2925310265070397e-07	5.174695740659502e-07	1.0681812905995743e-06	0.9999958551971296	3.0946727128002214e-07	1.302531457334854e-07
DQ181798_EU687246.1	5.036998199662232e-07	7.599039934605481e-07	5.15515539582401e-07	1.926861012687251e-06	2.4068668412659025e-07	9.635980364425832e-07	1.9890974190016706e-06	0.9999922818188595	5.762697362196455e-07	2.4254889902621137e-07
AY858035.2	0.0	0.0	0.0	0.0	0.0	0.0	0.0	1.0	0.0	0.0
AY858035.1	0.0	0.0	0.0	0.0	0.0	0.0	0.0	1.0	0.0	0.0
0.342552	8.52984873085094e-09	1.286850988877017e-08	8.729940724087659e-09	3.342395565731224e-08	4.0758819553808645e-09	1.6317944065941984e-08	3.3684149611449484e-08	1.5929670942018956e-08	0.9999994238765694	4.4256352908146557e-07
KJ830750	0.0	0.0	0.0	0.0	0.0	0.0	0.0	0.0	0.0	1.0
0.378223	1.4723134196505238e-08	0.9999997691139367	1.5068507410156434e-08	5.6322103251318913e-08	7.035266262245803e-09	2.8165948526613336e-08	5.81412926116095e-08	2.749576102139144e-08	1.6844351185822248e-08	7.0896987610934135e-09
EU482551_EU482565.1	1.7206274958044325e-09	0.9999999730173665	1.760989733884395e-09	6.5821147985432655e-09	8.221804141402671e-10	3.291629678401403e-09	6.7947170704372115e-09	3.2133078324249623e-09	1.968524732063589e-09	8.285416992397924e-10
EU569714_EU569714.2	4.0072176806468477e-10	0.9999999937159393	4.101218430058844e-10	1.5329271943569905e-09	1.914799048752908e-10	7.665968768716696e-10	1.5824401701682594e-09	7.483562822779491e-10	4.5845525137489745e-10	1.9296140242107628e-10
EU482554_EU677144.1	3.547538852065002e-08	0.9999994436800049	3.6307565200925744e-08	1.3570809506137433e-07	1.695147246967514e-08	6.786584661242938e-08	1.4009150933390216e-07	6.625102996998746e-08	4.058646037724468e-08	1.7082627563352625e-08
FJ898465.1_FJ898465.2	6.784525946668083e-14	1.998325704772921e-13	6.943676403223514e-14	2.5953629558724913e-13	3.241901205332687e-14	1.2979071306480697e-13	0.9999999999990042	1.2670244092275051e-13	7.761997965224463e-14	3.266984091615232e-14
FJ898465	0.0	0.0	0.0	0.0	0.0	0.0	1.0	0.0	0.0	0.0
JX669488_JX669488.1	0.0	0.0	0.0	0.0	0.0	0.0	1.0	0.0	0.0	0.0
AF489932	0.0	0.0	0.0	0.0	0.0	0.0	1.0	0.0	0.0	0.0
0.920292	2.7987774523690335e-08	2.2513709363178057e-06	2.8644307806697864e-08	1.0706486169718465e-07	1.3373609398235249e-08	5.3541739556775386e-08	0.9999974202518566	5.226775424034891e-08	3.202007783767713e-08	1.3477082237929229e-08
JX669483_JX669483.1	1.3028077421470865e-09	2.004617674488075e-09	1.3333688231417703e-09	4.983780707999184e-09	6.225304498478063e-10	2.492323666661835e-09	0.999999982709695	2.433020704477283e-09	1.4905081243871734e-09	6.273470249042173e-10
0.749809	1.2276847333396169e-08	0.9999998074762713	1.2564835893471008e-08	4.6964039985205473e-08	5.866338559346004e-09	2.3486103260785668e-08	4.848094912194036e-08	2.2927269144588816e-08	1.4045618628371704e-08	5.911726957591126e-09
EU482561_GQ398297.1	5.295127997032687e-10	0.9999999916962575	5.419340365718676e-10	2.0256063810694234e-09	2.530210949285495e-10	1.0129793060070935e-09	2.0910322010612655e-09	9.888762273093173e-10	6.058016884548227e-10	2.549787422932311e-10
EU482590.1	0.0	1.0	0.0	0.0	0.0	0.0	0.0	0.0	0.0	0.0
EU482590	0.0	1.0	0.0	0.0	0.0	0.0	0.0	0.0	0.0	0.0
FJ898439_GQ868515.1	7.857280547990802e-08	1.185638897400117e-07	0.9999987043481107	3.0057361455250533e-07	3.7545036277262896e-08	1.5031294051941733e-07	3.3561863623131523e-07	1.4673635745089218e-07	8.989308332685198e-08	3.7835525658576394e-08
0.881435	7.469232736979689e-11	1.1279981200855033e-10	0.9999999986772253	2.8572917410489736e-10	3.5690798153431325e-11	1.4288942965214675e-10	4.100629696930867e-10	1.394894834266396e-10	8.545353022740915e-11	3.5966941124704855e-11
EU482603_GQ868604	2.0076619480083063e-10	3.0290154759267967e-10	0.9999999967375451	7.680140792054193e-10	9.593362513920561e-11	3.8407381425528737e-10	8.094631845068417e-10	3.749350674755147e-10	2.2969133109369527e-10	9.667587237551276e-11
0.978584	9.491445227019043e-08	1.5167129748902803e-05	6.675156698938338e-06	3.630872006914132e-07	4.535368861981169e-08	1.8157516880829113e-07	0.9999771412345891	1.7725472592000146e-07	1.085891322699175e-07	4.570459425884641e-08
FJ024473_GQ868558.2	4.5573632224200354e-07	3.2386585764216205e-06	1.5833958235102058e-06	1.7433807132441068e-06	2.177679242447029e-07	8.718419341060299e-07	0.9999902972728206	8.510971129662256e-07	5.213959580568666e-07	2.1945281460188924e-07
EU677145	0.0	1.0	0.0	0.0	0.0	0.0	0.0	0.0	0.0	0.0
AY702039	0.0	1.0	0.0	0.0	0.0	0.0	0.0	0.0	0.0	0.0
EU920833.1_EU920833.3	3.75366939812306e-11	3.5645122565949448e-09	3.841722495771886e-11	1.4359344456874265e-10	1.79364416052854e-11	7.180920695442331e-11	0.9999999959950744	7.010056102676409e-11	4.294474582216904e-11	1.8075217495296737e-11
EU920833	0.0	0.0	0.0	0.0	0.0	0.0	1.0	0.0	0.0	0.0
EU687216_JX669476	5.255180814628522e-06	0.9965204827489886	5.378456146444726e-06	2.0103249246761204e-05	2.511122685815988e-06	1.0053372491708194e-05	0.003417858843717282	9.814160074560123e-06	6.012314362223973e-06	2.5305514718216302e-06
EU920849_EU920849.1	0.0	1.0	0.0	0.0	0.0	0.0	0.0	0.0	0.0	0.0
FJ850088	0.0	0.0	0.0	0.0	0.0	0.0	1.0	0.0	0.0	0.0
FJ850088.1	0.0	0.0	0.0	0.0	0.0	0.0	1.0	0.0	0.0	0.0
FJ639704	0.0	0.0	0.0	0.0	0.0	0.0	0.0	1.0	0.0	0.0
EU482451_GU131924	6.322893061408144e-09	9.538998223009554e-09	6.471214598592104e-09	2.4187692042921647e-08	3.0213156819063414e-09	1.2095949009904077e-08	2.496893937725425e-08	0.9999999031144504	7.233855904270579e-09	3.0446918778090002e-09
FJ810411_FJ810411.2	3.424249647568651e-10	5.165975604215582e-10	3.50457521475702e-10	1.3099177093314301e-09	1.6362350364751185e-10	6.550727448954834e-10	1.3522272325713599e-09	0.9999999947530298	3.917594096592929e-10	1.6488947366794026e-10
GQ868638_JF730047	9.503746854897027e-08	1.4337775995946662e-07	9.726684413517007e-08	3.6355778904940117e-07	4.5412470416151126e-08	1.8181050389972783e-07	3.7530047839184376e-07	0.9999985437429828	1.0872987196098345e-07	4.576383085532306e-08
FJ639706_FJ639706.1	3.4442512458666314e-10	5.196150906686901e-10	3.5250460077380166e-10	1.3175691514054805e-09	1.6457925510517483e-10	6.588991311838369e-10	1.3601258114418245e-09	0.9999999947223815	3.940477399938008e-10	1.658526198620892e-10
FJ639828	0.0	0.0	0.0	0.0	0.0	0.0	0.0	1.0	0.0	0.0
AF100460	0.0	0.0	0.0	0.0	0.0	0.0	0.0	1.0	0.0	0.0
EU687246_EU687246.1	2.4676851495346428e-11	3.7228597775961287e-11	2.525571761107905e-11	9.439920599027533e-11	1.1791526074989468e-11	4.720781049335194e-11	9.74482413390034e-11	0.9999999996218771	2.8232137750035766e-11	1.1882758191239682e-11
DQ181798	0.0	0.0	0.0	0.0	0.0	0.0	0.0	1.0	0.0	0.0
KF041233	0.0	0.0	0.0	0.0	0.0	0.0	0.0	0.0	1.0	0.0
KF360005	0.0	0.0	0.0	0.0	0.0	0.0	0.0	0.0	1.0	0.0
EU482728_EU482728.3	2.734321817970942e-10	0.9999999957120765	2.79846315505482e-10	1.0459916597829308e-09	1.3065616178829438e-10	5.230867731847882e-10	1.0797765368541063e-09	5.106403178770918e-10	3.128265785140437e-10	1.3166706046801319e-10
EU569719	0.0	1.0	0.0	0.0	0.0	0.0	0.0	0.0	0.0	0.0
EU482551_EU677143	1.3973850886875018e-08	0.9999997808641089	1.4301647517909476e-08	5.345578339263689e-08	6.677230566941429e-09	2.673253938632956e-08	5.518237194283769e-08	2.6096458770665348e-08	1.598711582841564e-08	6.72889291085167e-09
EU482565_EU482565.1	1.916396063242237e-10	0.9999999969947357	1.9613506128752614e-10	7.33101087742381e-10	9.157259853020309e-11	3.666142830287968e-10	7.567797946804241e-10	3.5789097262830784e-10	2.1924984089353552e-10	9.228110410457161e-11
EU569714.1_EU569714.2	2.8645064628496565e-12	0.9999999999550793	2.9317016530445435e-12	1.0957926933993716e-11	1.3687687286620517e-12	5.479916199223782e-12	1.1311861147950579e-11	5.349525725673296e-12	3.277206618530324e-12	1.3793590175677282e-12
EU569714	0.0	1.0	0.0	0.0	0.0	0.0	0.0	0.0	0.0	0.0
EU677144_EU677144.1	0.0	1.0	0.0	0.0	0.0	0.0	0.0	0.0	0.0	0.0
EU482554	0.0	1.0	0.0	0.0	0.0	0.0	0.0	0.0	0.0	0.0
FJ898465.2	0.0	0.0	0.0	0.0	0.0	0.0	1.0	0.0	0.0	0.0
FJ898465.1	0.0	0.0	0.0	0.0	0.0	0.0	1.0	0.0	0.0	0.0
JX669488	0.0	0.0	0.0	0.0	0.0	0.0	1.0	0.0	0.0	0.0
JX669488.1	0.0	0.0	0.0	0.0	0.0	0.0	1.0	0.0	0.0	0.0
JX669484_KC294201	1.3509417236038825e-06	2.367108025067242e-06	1.382631924773638e-06	5.167913178526432e-06	6.455306732575028e-07	2.584405911243622e-06	0.9999817824544904	2.5229119214886147e-06	1.5455769485117666e-06	6.505252031471177e-07
FJ850072	0.0	0.0	0.0	0.0	0.0	0.0	1.0	0.0	0.0	0.0
JX669483	0.0	0.0	0.0	0.0	0.0	0.0	1.0	0.0	0.0	0.0
JX669483.1	0.0	0.0	0.0	0.0	0.0	0.0	1.0	0.0	0.0	0.0
GQ398285	0.0	1.0	0.0	0.0	0.0	0.0	0.0	0.0	0.0	0.0
EU482740	0.0	1.0	0.0	0.0	0.0	0.0	0.0	0.0	0.0	0.0
0.999993	1.0016740557555746e-08	0.9999998429189358	1.0251711850386487e-08	3.831819287894838e-08	4.786374691807699e-09	1.916242799821273e-08	3.955584655793515e-08	1.870647247440053e-08	1.1459889819437189e-08	4.823407310785347e-09
0.983469	1.549913125210535e-09	0.9999999756944885	1.5862707695673453e-09	5.929061428333837e-09	7.4060667882752e-10	2.9650462138533287e-09	6.12056640647563e-09	2.8944951751388725e-09	1.773214903845575e-09	7.463368204723569e-10
GQ868515_GQ868515.1	0.0	0.0	1.0	0.0	0.0	0.0	0.0	0.0	0.0	0.0
FJ898439	0.0	0.0	1.0	0.0	0.0	0.0	0.0	0.0	0.0	0.0
FJ850061_GU369819.1	1.4570284494190825e-10	2.198146217138329e-10	0.9999999976436018	5.57373896569995e-10	6.96222893612117e-11	2.7873540891782575e-10	5.761902123506539e-10	2.721031100572645e-10	1.6669479855433673e-10	7.016096338493121e-11
EU482635_FJ850066.1	8.481422887659696e-12	1.2795453441760053e-11	0.9999999998628795	3.244496512911336e-11	4.052742269479212e-12	1.622530347804388e-11	3.349385083452507e-11	1.5839234617300687e-11	9.703373192721528e-12	4.08409870727275e-12
EU596500_GQ868604	5.744860554080506e-09	8.666952641034565e-09	0.999999907122589	2.197647762853061e-08	2.7451100491241066e-09	1.099014954962584e-08	2.26863199782705e-08	1.0728647228774773e-08	6.5725440925125065e-09	2.766349216771161e-09
EU482603_EU482634.1	2.8438895587745303e-08	4.290418516172238e-08	0.9999995402271845	1.0879058713101086e-07	1.358917197884989e-08	5.4404752316140466e-08	1.1230448478058487e-07	5.311023226145363e-08	3.2536193600043314e-08	1.3694312645955584e-08
KJ189370	0.0	0.0	1.0	0.0	0.0	0.0	0.0	0.0	0.0	0.0
0.998970	9.609223856267e-07	2.912627750900775e-06	1.6239897520202815e-06	3.6759272242874795e-06	4.591647912739222e-07	1.8382832140496782e-06	0.9999851724587727	1.7945426513517577e-06	1.0993660663407158e-06	4.6271739128083405e-07
EU482607_KJ189305	1.914272185089016e-06	3.816591446373197e-06	2.365766495081474e-06	7.322886161378852e-06	9.147111165847422e-07	3.6620797658657247e-06	0.9999733168926342	3.5749433394968548e-06	2.190068535716202e-06	9.217883201962938e-07
GQ868555_GQ868558.2	5.981014608864376e-07	9.574682086957872e-07	6.362763923832292e-07	2.28798649697879e-06	2.857953322311678e-07	1.1441921764876991e-06	0.9999920009342145	1.1169669864894607e-06	6.842721744882286e-07	2.8800655686893425e-07
FJ024473_HQ332189	4.058974106726563e-10	6.732352089294649e-10	4.420744568298219e-10	1.5527261769287402e-09	1.9395302121990358e-10	7.76498089571548e-10	0.9999999945377634	7.580219030935241e-10	4.643765681636723e-10	1.9545365349315502e-10
EU920833.2_EU920833.3	9.120995945310918e-13	1.58569677235938e-12	9.334954987151577e-13	3.489159770808857e-12	4.358354287591706e-13	1.74488324889449e-12	0.9999999999877126	1.703365067805197e-12	1.0435091931970982e-12	4.3920752735350417e-13
EU920833.1	0.0	0.0	0.0	0.0	0.0	0.0	1.0	0.0	0.0	0.0
EU920842_JX669476	7.878012270991833e-06	0.5596255668732977	8.062813576572233e-06	3.0136668906222415e-05	3.7644100232967385e-06	1.5070954672779768e-05	0.4402820013520205	1.4712352671362692e-05	9.013026952529027e-06	3.7935356081171224e-06
EU687216_EU687216.2	6.402640352959639e-10	0.999999950661568	6.552832595362166e-10	2.4492758554496507e-09	3.059421931721743e-10	1.2248508789567668e-09	4.182629089057034e-08	1.1957064759536062e-09	7.325092686268431e-10	3.0830929591662154e-10
EU920849.1	0.0	1.0	0.0	0.0	0.0	0.0	0.0	0.0	0.0	0.0
EU920849	0.0	1.0	0.0	0.0	0.0	0.0	0.0	0.0	0.0	0.0
EU482451_FJ639707	3.855337076796659e-09	5.816333309372143e-09	3.94577503233998e-09	1.474826555337118e-08	1.8422247942568527e-09	7.37541505826755e-09	1.522462531225824e-08	0.9999999409247559	4.410789903463554e-09	1.8564782560666144e-09
FJ639718_GU131924	2.2960688498194967e-08	3.4639517805569255e-08	2.3499297103429846e-08	8.783416975331698e-08	1.0971478965913998e-08	4.392472158063116e-08	9.067115853510434e-08	0.9999996481738807	2.6268720733637575e-08	1.1056366302641185e-08
FJ810411.1_FJ810411.2	9.824208748429781e-13	1.482123908843654e-12	1.005466365712923e-12	3.758167874493132e-12	4.694375765283307e-13	1.8794106895300757e-12	3.879554347775167e-12	0.9999999999849465	1.1239619232748568e-12	4.730696580147882e-13
FJ810411	0.0	0.0	0.0	0.0	0.0	0.0	0.0	1.0	0.0	0.0
GQ868638_GQ868638.1	0.0	0.0	0.0	0.0	0.0	0.0	0.0	1.0	0.0	0.0
JF730047	0.0	0.0	0.0	0.0	0.0	0.0	0.0	1.0	0.0	0.0
FJ639706	0.0	0.0	0.0	0.0	0.0	0.0	0.0	1.0	0.0	0.0
FJ639706.1	0.0	0.0	0.0	0.0	0.0	0.0	0.0	1.0	0.0	0.0
EU687246.1	0.0	0.0	0.0	0.0	0.0	0.0	0.0	1.0	0.0	0.0
EU687246	0.0	0.0	0.0	0.0	0.0	0.0	0.0	1.0	0.0	0.0
EU482728.1_EU482728.3	1.4883425363292569e-12	0.99999999997666	1.5232558664616288e-12	5.693528353790581e-12	7.11185939946672e-13	2.847259198260209e-12	5.877425760858639e-12	2.779510812758491e-12	1.7027736100291874e-12	7.166884506425823e-13
EU482728	0.0	1.0	0.0	0.0	0.0	0.0	0.0	0.0	0.0	0.0
EU482551_EU482552	9.49941127271743e-11	0.9999999985103164	9.722247127859717e-11	3.633919350240867e-10	4.539175337681142e-11	1.8172756246696383e-10	3.751292673862049e-10	1.7740349215899097e-10	1.0868026970384625e-10	4.574295352635424e-11
EU677143	0.0	1.0	0.0	0.0	0.0	0.0	0.0	0.0	0.0	0.0
EU482565.1	0.0	1.0	0.0	0.0	0.0	0.0	0.0	0.0	0.0	0.0
EU482565	0.0	1.0	0.0	0.0	0.0	0.0	0.0	0.0	0.0	0.0
EU569714.1	0.0	1.0	0.0	0.0	0.0	0.0	0.0	0.0	0.0	0.0
EU569714.2	0.0	1.0	0.0	0.0	0.0	0.0	0.0	0.0	0.0	0.0
EU677144.1	0.0	1.0	0.0	0.0	0.0	0.0	0.0	0.0	0.0	0.0
EU677144	0.0	1.0	0.0	0.0	0.0	0.0	0.0	0.0	0.0	0.0
KC294201	0.0	0.0	0.0	0.0	0.0	0.0	1.0	0.0	0.0	0.0
JX669484	0.0	0.0	0.0	0.0	0.0	0.0	1.0	0.0	0.0	0.0
EU482561_EU482561.1	4.2858537639710164e-13	0.9999999999932788	4.386390719482371e-13	1.6395170688026914e-12	2.047941830058273e-13	8.199010815051407e-13	1.6924724453355978e-12	8.003921535589151e-13	4.903332739339013e-13	2.0637869433985935e-13
GQ398302	0.0	1.0	0.0	0.0	0.0	0.0	0.0	0.0	0.0	0.0
GQ398297_GQ398297.1	9.18098850101347e-12	0.999999999856025	9.396354839509683e-12	3.5121094150319716e-11	4.38702098297646e-12	1.756360066352957e-11	3.625548353873643e-11	1.7145688030468932e-11	1.0503727839468765e-11	4.420963765765192e-12
GQ398296	0.0	1.0	0.0	0.0	0.0	0.0	0.0	0.0	0.0	0.0
GQ868515	0.0	0.0	1.0	0.0	0.0	0.0	0.0	0.0	0.0	0.0
GQ868515.1	0.0	0.0	1.0	0.0	0.0	0.0	0.0	0.0	0.0	0.0
FJ850061_FJ873808.2	3.887722269070695e-09	5.865191061274824e-09	0.9999999371470276	1.4872152364340068e-08	1.8576996549462266e-09	7.4373692350372954e-09	1.5352521295389854e-08	7.260402642616833e-09	4.447840951467564e-09	1.872072847169201e-09
GQ199894_GU369819.1	1.09907565677493e-08	1.658114511417922e-08	0.9999998223119864	4.204420865537054e-08	5.251796108466967e-09	2.1025759843257038e-08	4.3402213991504083e-08	2.0525467743332328e-08	1.2574235957789173e-08	5.292429735534658e-09
FJ744704_FJ850066.1	7.84622745409762e-09	1.1837168368211194e-08	0.9999998731497204	3.001507878043486e-08	3.749222044503433e-09	1.501014903828499e-08	3.098454708229458e-08	1.4652993861086734e-08	8.97666277823044e-09	3.778230118542086e-09
EU482635_FJ882594.1	4.6254636414085155e-10	6.97818056188481e-10	0.9999999925219939	1.7694319519173395e-09	2.2102201792991975e-10	8.848698184558951e-10	1.826583498026176e-09	8.638150084069129e-10	5.291871481524025e-10	2.2273208550772116e-10
FJ850120_FJ850120.2	1.7414596373346967e-12	2.627243609000639e-12	0.9999999999718457	6.6618063920962305e-12	8.321347934539452e-13	3.3314824039290857e-12	6.8769785746391195e-12	3.2522122924016583e-12	1.9923582381095933e-12	8.385730964971166e-13
EU596500_HQ705625.1	9.495133071140188e-10	1.432478085826932e-09	0.9999999846491793	3.632282760451304e-09	4.537131052353182e-10	1.816457187482264e-09	3.7496032562591224e-09	1.7732359584982248e-09	1.0863132392311159e-09	4.5722352504848145e-10
GQ868604	0.0	0.0	1.0	0.0	0.0	0.0	0.0	0.0	0.0	0.0
EU482634_EU482634.1	3.0125318286680897e-12	4.544839756331856e-12	0.9999999999512962	1.1524185437527491e-11	1.4395008056912895e-12	5.7630946840918144e-12	1.1896409439321823e-11	5.62596619203906e-12	3.4465585522271125e-12	1.4506383551494261e-12
EU482603	0.0	0.0	1.0	0.0	0.0	0.0	0.0	0.0	0.0	0.0
JN819408_JN819408.2	1.3484696059028731e-11	2.04445412881312e-11	1.3845208012642944e-11	5.1584563015770465e-11	6.443494026105003e-12	2.5796766505448463e-11	0.9999999998212968	2.5182951899826517e-11	1.5427486635710277e-11	6.493347929010247e-12
GQ868553	0.0	0.0	0.0	0.0	0.0	0.0	1.0	0.0	0.0	0.0
KJ189305	0.0	0.0	0.0	0.0	0.0	0.0	1.0	0.0	0.0	0.0
EU482607	0.0	0.0	0.0	0.0	0.0	0.0	1.0	0.0	0.0	0.0
GQ868555_GQ868555.1	0.0	0.0	0.0	0.0	0.0	0.0	1.0	0.0	0.0	0.0
GQ868558_GQ868558.2	0.0	0.0	0.0	0.0	0.0	0.0	1.0	0.0	0.0	0.0
0.991388	2.055307497347567e-08	3.100845493698589e-08	2.1035718464978925e-08	7.862404806871674e-08	9.82103083599035e-09	3.931885996827703e-08	0.999999727844265	3.838329734572186e-08	2.351423332702727e-08	9.897017050262177e-09
FJ850108_JN819407.2	6.319495055432148e-08	9.533913258138034e-08	6.467755017104777e-08	2.4174693258771867e-07	3.0196919870813966e-08	1.2089448487655507e-07	0.999999163201898	1.1801789177556409e-07	7.229968334869442e-08	3.043055620308616e-08
FJ024473	0.0	0.0	0.0	0.0	0.0	0.0	1.0	0.0	0.0	0.0
EU920833.3	0.0	0.0	0.0	0.0	0.0	0.0	1.0	0.0	0.0	0.0
EU920833.2	0.0	0.0	0.0	0.0	0.0	0.0	1.0	0.0	0.0	0.0
0.963327	6.388034405797885e-06	0.5579317484641589	6.537884019730239e-06	2.443688474032433e-05	3.0524426618241964e-06	1.2220567024556923e-05	0.44199330149304544	1.1929787847749083e-05	7.308382405691582e-06	3.0760596900188183e-06
EU920842	0.0	0.0	0.0	0.0	0.0	0.0	1.0	0.0	0.0	0.0
EU687216.1_EU687216.2	2.041774584696754e-12	0.9999999999658559	2.0896702460967767e-12	7.810635795366563e-12	9.756365498752043e-13	3.9059969900407895e-12	1.0188334036822042e-11	3.813056737178854e-12	2.3359406827305863e-12	9.831851391392323e-13
EU687216	0.0	1.0	0.0	0.0	0.0	0.0	0.0	0.0	0.0	0.0
EU687249_FJ639707	1.7714272146597456e-07	2.6724540315200077e-07	1.8129811054081872e-07	6.77644482177881e-07	8.464544269574015e-08	3.3888115859591573e-07	6.995319753867089e-07	0.999997285646018	2.0266433563401413e-07	8.530035223153367e-08
EU482451_EU660413	2.0677883167679844e-10	3.1195575961262476e-10	2.1162942046163797e-10	7.910149124805331e-10	9.880668876791803e-11	3.955762306903643e-10	8.165641997253076e-10	0.9999999968315325	2.365702310439291e-10	9.957116516042613e-11
0.999967	1.0390123394501399e-12	1.5675003140876491e-12	1.0633853449467766e-12	3.9746537307114704e-12	4.964791029022699e-13	1.9876724399085605e-12	4.103032561833648e-12	0.9999999999840792	1.1887067317674219e-12	5.003204071527739e-13
GU131924	0.0	0.0	0.0	0.0	0.0	0.0	0.0	1.0	0.0	0.0
FJ810411.2	0.0	0.0	0.0	0.0	0.0	0.0	0.0	1.0	0.0	0.0
FJ810411.1	0.0	0.0	0.0	0.0	0.0	0.0	0.0	1.0	0.0	0.0
GQ868638	0.0	0.0	0.0	0.0	0.0	0.0	0.0	1.0	0.0	0.0
GQ868638.1	0.0	0.0	0.0	0.0	0.0	0.0	0.0	1.0	0.0	0.0
EU482728.2_EU482728.3	9.349053311241575e-14	0.999999999998534	9.568362090446092e-14	3.576401185168981e-13	4.46732865887533e-14	1.7885115412416625e-13	3.691916708000145e-13	1.74595525783608e-13	1.069600637525313e-13	4.501892789501212e-14
EU482728.1	0.0	1.0	0.0	0.0	0.0	0.0	0.0	0.0	0.0	0.0
EU482552	0.0	1.0	0.0	0.0	0.0	0.0	0.0	0.0	0.0	0.0
EU529706_EU596490.1	1.6646060998735137e-08	0.9999997389588999	1.703654195917708e-08	6.367809691777807e-08	7.95411287981636e-09	3.184458492353679e-08	6.573485964586759e-08	3.1086867039313155e-08	1.90443212417278e-08	8.015654579025078e-09
EU482551	0.0	1.0	0.0	0.0	0.0	0.0	0.0	0.0	0.0	0.0
EU482561.1	0.0	1.0	0.0	0.0	0.0	0.0	0.0	0.0	0.0	0.0
EU482561	0.0	1.0	0.0	0.0	0.0	0.0	0.0	0.0	0.0	0.0
GQ398297	0.0	1.0	0.0	0.0	0.0	0.0	0.0	0.0	0.0	0.0
GQ398297.1	0.0	1.0	0.0	0.0	0.0	0.0	0.0	0.0	0.0	0.0
FJ850061_GQ199897	2.721313480468009e-09	4.105494779429613e-09	0.9999999560044138	1.041015430413629e-08	1.3003457458586287e-09	5.20598225844023e-09	1.0746395791714073e-08	5.082109836436841e-09	3.113383287818969e-09	1.3104066398851685e-09
FJ873808_FJ873808.2	6.009556229805407e-12	9.066284316445363e-12	0.9999999999028433	2.298904852406005e-11	2.8715915803208942e-12	1.1496523034929968e-11	2.3731580424485344e-11	1.1222971938852818e-11	6.875375463861218e-12	2.8938093471487724e-12
GQ199894_KJ189308	4.109394078425881e-08	6.19961502291466e-08	0.9999993356325818	1.5720139101931102e-07	1.9636227675683808e-08	7.861436331673648e-08	1.622788977499604e-07	7.674379382478125e-08	4.701449847164631e-08	1.9788154966064265e-08
GU369819_GU369819.1	0.0	0.0	1.0	0.0	0.0	0.0	0.0	0.0	0.0	0.0
FJ850066_FJ850066.1	7.401976456767222e-11	1.1166951517623247e-10	0.9999999988033194	2.831563420517022e-10	3.536942239689219e-11	1.4160278993177696e-10	2.9230211491162674e-10	1.3823345832814954e-10	8.468406878786064e-11	3.564307885452921e-11
FJ744704_FJ744704.1	3.55361283456914e-11	5.361138672598355e-11	0.9999999994254859	1.3594045011918937e-10	1.698049623840434e-11	6.79820443433471e-11	1.4033124168773622e-10	6.636446286352177e-11	4.065595121596878e-11	1.7111875891636364e-11
0.668739	1.2910736307418493e-10	1.9477712100793539e-10	0.9999999979127159	4.938892858353344e-10	6.169234508905943e-11	2.4698758390842045e-10	5.098416010641776e-10	2.411107006028927e-10	1.4770834356812668e-10	6.216966440829933e-11
FJ882594_FJ882594.1	0.0	0.0	1.0	0.0	0.0	0.0	0.0	0.0	0.0	0.0
FJ850120.1_FJ850120.2	1.0124872760536075e-15	1.5274834214805195e-15	0.9999999999999836	3.873184346582521e-15	4.838044317944123e-16	1.9369289256322853e-15	3.998285780021657e-15	1.8908411624868193e-15	1.158360103317656e-15	4.875476709547324e-16
FJ850120	0.0	0.0	1.0	0.0	0.0	0.0	0.0	0.0	0.0	0.0
0.669636	4.956524773021271e-10	7.477634137249015e-10	0.9999999919867664	1.8960765846995237e-09	2.368413616843833e-10	9.48203145909914e-10	1.9573186733534966e-09	9.256413670938861e-10	5.670629828111985e-10	2.386738249723948e-10
EU596500	0.0	0.0	1.0	0.0	0.0	0.0	0.0	0.0	0.0	0.0
EU482634	0.0	0.0	1.0	0.0	0.0	0.0	0.0	0.0	0.0	0.0
EU482634.1	0.0	0.0	1.0	0.0	0.0	0.0	0.0	0.0	0.0	0.0
JN819408.1_JN819408.2	3.0612848351185278e-15	4.619297605563013e-15	3.1334930940688335e-15	1.1710685935754665e-14	1.462796822482689e-15	5.856361148410711e-15	0.9999999999999594	5.7170134511718974e-15	3.5023355865905412e-15	1.4741146153544914e-15
JN819408	0.0	0.0	0.0	0.0	0.0	0.0	1.0	0.0	0.0	0.0
GQ868555.1	0.0	0.0	0.0	0.0	0.0	0.0	1.0	0.0	0.0	0.0
GQ868555	0.0	0.0	0.0	0.0	0.0	0.0	1.0	0.0	0.0	0.0
GQ868558	0.0	0.0	0.0	0.0	0.0	0.0	1.0	0.0	0.0	0.0
GQ868558.2	0.0	0.0	0.0	0.0	0.0	0.0	1.0	0.0	0.0	0.0
GQ868558.1	0.0	0.0	0.0	0.0	0.0	0.0	1.0	0.0	0.0	0.0
0.924395	1.5042204275060663e-07	2.2693347364820023e-07	1.5395065565067138e-07	5.754267882096024e-07	7.187729924465627e-08	2.8776342433850005e-07	0.999998008182676	2.8091631065903876e-07	1.720939088350776e-07	7.243342048619335e-08
FJ639733_FJ639733.1	4.96098680878639e-10	7.484365898697944e-10	5.077360999730549e-10	1.897783498701119e-09	2.370545745048351e-10	9.49056751317613e-10	0.999999993430897	9.264746616046138e-10	5.675734726052069e-10	2.388886874399488e-10
0.999975	9.542741966851227e-08	1.439660735239702e-07	9.766594964766056e-08	3.6504951403979254e-07	4.5598803700805286e-08	1.8255649609230873e-07	0.9999987363954307	1.7821270193382043e-07	1.0917600479623457e-07	4.59516058176514e-08
JN819407_JN819407.2	0.0	0.0	0.0	0.0	0.0	0.0	1.0	0.0	0.0	0.0
GU131881_JX669476	5.638972590540492e-06	0.007510369018685402	5.771250817400392e-06	2.157141218961149e-05	2.694512804846608e-06	1.0787581611926552e-05	0.9924234695911067	1.0530899242396367e-05	6.451400454180197e-06	2.7153604969846823e-06
EU920850_EU920850.1	5.168935267279878e-11	0.9999999839185986	5.29018742463993e-11	1.977332420784591e-10	2.4699113254199893e-11	9.888381287060395e-11	1.5474936466235334e-08	9.653094711172575e-11	5.913643096421075e-11	2.4890212553591168e-11
EU687216.1	0.0	1.0	0.0	0.0	0.0	0.0	0.0	0.0	0.0	0.0
EU687216.2	0.0	1.0	0.0	0.0	0.0	0.0	0.0	0.0	0.0	0.0
FJ639707	0.0	0.0	0.0	0.0	0.0	0.0	0.0	1.0	0.0	0.0
EU687249	0.0	0.0	0.0	0.0	0.0	0.0	0.0	1.0	0.0	0.0
EU482451_FM210214	5.050842475344509e-13	7.619926025806058e-13	5.169324428580375e-13	1.932157023129117e-12	2.413482155935511e-13	9.662465021228547e-13	1.9945644872705076e-12	0.9999999999922607	5.778536234436092e-13	2.432155488226668e-13
EU482469_EU660413	1.6785548366714904e-10	2.532342623657711e-10	1.71793014022395e-10	6.421169403349789e-10	8.020765180940561e-11	3.211142987476757e-10	6.62856916148972e-10	0.9999999974279541	1.9203905076316143e-10	8.08282257510223e-11
GU131932	0.0	0.0	0.0	0.0	0.0	0.0	0.0	1.0	0.0	0.0
0.998498	1.0657127670495919e-09	1.6077817689456012e-09	1.090712107425936e-09	4.0767939557504905e-09	5.092375696098919e-10	2.038751432965844e-09	4.2084718522981015e-09	0.9999999836701071	1.2192539897964597e-09	5.131775872848025e-10
FJ639718_FJ639718.3	2.1486557137032725e-12	3.2415577546254216e-12	2.1990585775885887e-12	8.219500504685832e-12	1.0267083658985063e-12	4.110464893266075e-12	8.484985233341886e-12	0.9999999999670762	2.458220575591327e-12	1.034652102476539e-12
EU482728.3	0.0	1.0	0.0	0.0	0.0	0.0	0.0	0.0	0.0	0.0
EU482728.2	0.0	1.0	0.0	0.0	0.0	0.0	0.0	0.0	0.0	0.0
EU529706_EU529706.2	0.0	1.0	0.0	0.0	0.0	0.0	0.0	0.0	0.0	0.0
EU596490_EU596490.1	2.919049154178413e-10	0.9999999954223895	2.9875237991642413e-10	1.1166575381506487e-09	1.3948312742475132e-10	5.584258563829365e-10	1.1527248786598023e-09	5.451385342397766e-10	3.33960747931848e-10	1.4056232114532914e-10
0.632601	5.508797522219478e-09	8.310817416176422e-09	0.9999999109390457	2.107343848775771e-08	2.632310270106298e-09	1.0538551464891123e-08	2.1754097378970037e-08	1.0287794579915772e-08	6.302470577078482e-09	2.652676695541114e-09
FJ850061_FJ850061.1	0.0	0.0	1.0	0.0	0.0	0.0	0.0	0.0	0.0	0.0
FJ873808.1_FJ873808.2	7.038709672167533e-15	1.0618911059067229e-14	0.9999999999998864	2.6925987878720605e-14	3.3633597320669405e-15	1.346533500775292e-14	2.77956804569812e-14	1.3144937515465439e-14	8.052802890377533e-15	3.389382354085142e-15
FJ873808	0.0	0.0	1.0	0.0	0.0	0.0	0.0	0.0	0.0	0.0
GQ199894_GQ199894.2	1.8296466190346737e-10	2.76028641923929e-10	0.9999999970420028	6.999158223740014e-10	8.742738440692963e-11	3.5001876506603515e-10	7.225226659510114e-10	3.416903325007741e-10	2.0932506479692204e-10	8.810381808030995e-11
KJ189308	0.0	0.0	1.0	0.0	0.0	0.0	0.0	0.0	0.0	0.0
GU369819.1	0.0	0.0	1.0	0.0	0.0	0.0	0.0	0.0	0.0	0.0
GU369819	0.0	0.0	1.0	0.0	0.0	0.0	0.0	0.0	0.0	0.0
FJ850066	0.0	0.0	1.0	0.0	0.0	0.0	0.0	0.0	0.0	0.0
FJ850066.1	0.0	0.0	1.0	0.0	0.0	0.0	0.0	0.0	0.0	0.0
FJ744704.1	0.0	0.0	1.0	0.0	0.0	0.0	0.0	0.0	0.0	0.0
FJ744704	0.0	0.0	1.0	0.0	0.0	0.0	0.0	0.0	0.0	0.0
EU482635_FJ410291.1	8.848118008920563e-09	1.3348665103830688e-08	0.999999856952115	3.384772626718079e-08	4.2279629650665056e-09	1.69268060095392e-08	3.4940986668897985e-08	1.6524045425062806e-08	1.0122899451071589e-08	4.260675101415734e-09
FJ906956	0.0	0.0	1.0	0.0	0.0	0.0	0.0	0.0	0.0	0.0
FJ882594.1	0.0	0.0	1.0	0.0	0.0	0.0	0.0	0.0	0.0	0.0
FJ882594	0.0	0.0	1.0	0.0	0.0	0.0	0.0	0.0	0.0	0.0
FJ850120.1	0.0	0.0	1.0	0.0	0.0	0.0	0.0	0.0	0.0	0.0
FJ850120.2	0.0	0.0	1.0	0.0	0.0	0.0	0.0	0.0	0.0	0.0
FJ850050_HQ705625.1	7.965306522459107e-09	1.2016816356932413e-08	0.9999998712245645	3.047060567394904e-08	3.806122493891585e-09	1.5237952090631194e-08	3.1454787191393925e-08	1.487537651158886e-08	9.112898013173656e-09	3.835570811913947e-09
FJ205885_JF357906.1	8.383218690160726e-09	1.2647297275455494e-08	0.9999998644681612	3.206929328659474e-08	4.005816617083854e-09	1.60374348941584e-08	3.3105111414659225e-08	1.565583622469688e-08	9.591020349331217e-09	4.03680998681078e-09
JN819408.1	0.0	0.0	0.0	0.0	0.0	0.0	1.0	0.0	0.0	0.0
JN819408.2	0.0	0.0	0.0	0.0	0.0	0.0	1.0	0.0	0.0	0.0
GQ868641_GQ868641.1	0.0	0.0	0.0	0.0	0.0	0.0	1.0	0.0	0.0	0.0
HQ332189	0.0	0.0	0.0	0.0	0.0	0.0	1.0	0.0	0.0	0.0
FJ639733.1	0.0	0.0	0.0	0.0	0.0	0.0	1.0	0.0	0.0	0.0
FJ639733	0.0	0.0	0.0	0.0	0.0	0.0	1.0	0.0	0.0	0.0
HQ332186_HQ332186.1	0.0	0.0	0.0	0.0	0.0	0.0	1.0	0.0	0.0	0.0
FJ850108	0.0	0.0	0.0	0.0	0.0	0.0	1.0	0.0	0.0	0.0
JN819407	0.0	0.0	0.0	0.0	0.0	0.0	1.0	0.0	0.0	0.0
JN819407.2	0.0	0.0	0.0	0.0	0.0	0.0	1.0	0.0	0.0	0.0
JN819407.1	0.0	0.0	0.0	0.0	0.0	0.0	1.0	0.0	0.0	0.0
0.783675	9.951552230792774e-09	6.730082128381894e-06	1.0184994345014995e-08	3.8068820454454945e-08	4.7552252619480806e-09	1.9037720104388216e-08	0.9999931531575006	1.8584731910867224e-08	1.1385309566716797e-08	4.792016874936511e-09
JX669476	0.0	0.0	0.0	0.0	0.0	0.0	1.0	0.0	0.0	0.0
EU920850.1	0.0	1.0	0.0	0.0	0.0	0.0	0.0	0.0	0.0	0.0
EU920850	0.0	1.0	0.0	0.0	0.0	0.0	0.0	0.0	0.0	0.0
EU482669_FM210214	7.11826760098925e-08	1.0738935695619843e-07	7.285246922387163e-08	2.7230329999206164e-07	3.401375497260905e-08	1.3617532528889986e-07	2.8109852637708683e-07	0.9999989092694385	8.143823027449147e-08	3.427692250733125e-08
EU482464_EU482676	9.925821130741506e-10	1.4974536056279211e-09	1.015865964843055e-09	3.79703883098779e-09	4.742929976333953e-10	1.8988495473959368e-09	3.919680811868091e-09	0.9999999847906864	1.1355871290879846e-09	4.77962645957248e-10
EU482451_FJ410221	1.7334250661870644e-08	2.6151222969436324e-08	1.774087507875239e-08	6.631070820463358e-08	8.282955737217793e-09	3.316111945821643e-08	6.845250263175993e-08	0.9999997343876624	1.9831660962577356e-08	8.347041723705665e-09
EU660413	0.0	0.0	0.0	0.0	0.0	0.0	0.0	1.0	0.0	0.0
EU482469_FJ410259	4.1493843485793336e-09	6.259946126444058e-09	4.24672002371588e-09	1.587311849440078e-08	1.982731619982119e-09	7.937939328635727e-09	1.63858103001874e-08	0.999999936419076	4.74720166505138e-09	1.9980721959598855e-09
FM210211	0.0	0.0	0.0	0.0	0.0	0.0	0.0	1.0	0.0	0.0
GQ868631_GQ868631.1	0.0	0.0	0.0	0.0	0.0	0.0	0.0	1.0	0.0	0.0
KF955402	0.0	0.0	0.0	0.0	0.0	0.0	0.0	1.0	0.0	0.0
FJ639718.1_FJ639718.3	2.023854884902249e-15	3.0532776631228213e-15	2.0713301884777797e-15	7.7420855010754e-15	9.670738445631942e-16	3.871715882819463e-15	7.992150023525786e-15	0.9999999999999689	2.315439224790007e-15	9.74556183392675e-16
FJ639718	0.0	0.0	0.0	0.0	0.0	0.0	0.0	1.0	0.0	0.0
EU529706	0.0	1.0	0.0	0.0	0.0	0.0	0.0	0.0	0.0	0.0
EU529706.2	0.0	1.0	0.0	0.0	0.0	0.0	0.0	0.0	0.0	0.0
EU529706.1	0.0	1.0	0.0	0.0	0.0	0.0	0.0	0.0	0.0	0.0
EU596490.1	0.0	1.0	0.0	0.0	0.0	0.0	0.0	0.0	0.0	0.0
EU596490	0.0	1.0	0.0	0.0	0.0	0.0	0.0	0.0	0.0	0.0
FJ850121_FJ850121.2	1.2631771442701778e-11	1.9056853275098774e-11	0.9999999997957818	4.832177211369737e-11	6.035934623507946e-12	2.4165087372465416e-11	4.9882535149172985e-11	2.3590097341353086e-11	1.4451677981065637e-11	6.082635202020729e-12
GQ199897	0.0	0.0	1.0	0.0	0.0	0.0	0.0	0.0	0.0	0.0
FJ850061.1	0.0	0.0	1.0	0.0	0.0	0.0	0.0	0.0	0.0	0.0
FJ850061	0.0	0.0	1.0	0.0	0.0	0.0	0.0	0.0	0.0	0.0
FJ873808.1	0.0	0.0	1.0	0.0	0.0	0.0	0.0	0.0	0.0	0.0
FJ873808.2	0.0	0.0	1.0	0.0	0.0	0.0	0.0	0.0	0.0	0.0
GQ199894.1_GQ199894.2	1.2190897060017645e-12	1.839173053584786e-12	0.9999999999802909	4.6635244491861856e-12	5.825268291938249e-13	2.3321676927131625e-12	4.814153373932584e-12	2.2766755211549384e-12	1.394728517776382e-12	5.870338925766218e-13
GQ199894	0.0	0.0	1.0	0.0	0.0	0.0	0.0	0.0	0.0	0.0
FJ410291_FJ410291.1	0.0	0.0	1.0	0.0	0.0	0.0	0.0	0.0	0.0	0.0
EU482635	0.0	0.0	1.0	0.0	0.0	0.0	0.0	0.0	0.0	0.0
HQ705625_HQ705625.1	2.7540912827198907e-11	4.154944832487864e-11	0.999999999554745	1.0535543011332889e-10	1.316008210334974e-11	5.268687513905547e-11	1.0875834465298168e-10	5.1433230676344545e-11	3.1508835105881925e-11	1.3261902862823929e-11
FJ850050	0.0	0.0	1.0	0.0	0.0	0.0	0.0	0.0	0.0	0.0
JF357906_JF357906.1	1.0303960163019735e-11	1.554501345039622e-11	0.9999999998334154	3.9416927160578835e-11	4.9236190022382855e-12	1.971189066800577e-11	4.069006927009218e-11	1.9242861094316164e-11	1.1788490227293089e-11	4.961713493004561e-12
FJ205885	0.0	0.0	1.0	0.0	0.0	0.0	0.0	0.0	0.0	0.0
GQ868641.1	0.0	0.0	0.0	0.0	0.0	0.0	1.0	0.0	0.0	0.0
GQ868641	0.0	0.0	0.0	0.0	0.0	0.0	1.0	0.0	0.0	0.0
HQ332186	0.0	0.0	0.0	0.0	0.0	0.0	1.0	0.0	0.0	0.0
HQ332186.1	0.0	0.0	0.0	0.0	0.0	0.0	1.0	0.0	0.0	0.0
0.998333	1.4108242894776281e-08	3.193039694261266e-07	1.4439192074652606e-08	5.396988863980387e-08	6.741448113727605e-09	2.698963670857183e-08	0.9999995151657057	2.6347438656002204e-08	1.6140870195348873e-08	6.793607314673692e-09
GU131881_HM181971	4.194961346105029e-08	4.3450890576172555e-07	4.293366160046817e-08	1.604746943940111e-07	2.0045100204739855e-08	8.02512996000354e-08	0.9999990733013022	7.834178044363428e-08	4.799345111010081e-08	2.0200190979292354e-08
EU482669_EU482669.1	1.3609875810408752e-10	2.0532465108931819e-10	1.392913436523129e-10	5.206342755562321e-10	6.503309610874257e-11	2.6036240410045523e-10	5.374504372312987e-10	0.9999999979145617	1.557070150188321e-10	6.553626312432409e-11
FM210214	0.0	0.0	0.0	0.0	0.0	0.0	0.0	1.0	0.0	0.0
EU482467_EU482676	2.4076027833961687e-12	3.6322168427460677e-12	2.4640799912650254e-12	9.210080594578078e-12	1.1504429973162018e-12	4.605841063770497e-12	9.507560440969967e-12	0.9999999999631083	2.7544751177445923e-12	1.159344080060107e-12
EU482464_EU482705	6.7932626552971656e-09	1.0248618752202224e-08	6.95261805633627e-09	2.5987051097842625e-08	3.2460759327134807e-09	1.2995784981860841e-08	2.682641660494962e-08	0.9999998959069875	7.77199340412981e-09	3.2711911192437867e-09
EU482451_EU482661	2.1206720300059615e-09	3.1993403224358496e-09	2.1704184565703014e-09	8.112451292098587e-09	1.013336711250695e-09	4.0569309796248754e-09	8.374478398099792e-09	0.9999999675049895	2.426205177960681e-09	1.0211769901131166e-09
FJ410221	0.0	0.0	0.0	0.0	0.0	0.0	0.0	1.0	0.0	0.0
EU482469_EU482541	2.2940100859144923e-10	3.4608458375905177e-10	2.3478226522435154e-10	8.775541348329993e-10	1.0961641419064602e-10	4.3885336598192727e-10	9.058985848679279e-10	0.9999999964848935	2.624516695645825e-10	1.1046452641791613e-10
FJ410259	0.0	0.0	0.0	0.0	0.0	0.0	0.0	1.0	0.0	0.0
GQ868631	0.0	0.0	0.0	0.0	0.0	0.0	0.0	1.0	0.0	0.0
GQ868631.1	0.0	0.0	0.0	0.0	0.0	0.0	0.0	1.0	0.0	0.0
FJ639718.2_FJ639718.3	1.3357427283794682e-16	2.0151610012477485e-16	1.3670763936544296e-16	5.109770709204312e-16	6.382680227311129e-17	2.555329621410665e-16	5.274813109220518e-16	0.9999999999999979	1.5281881772206348e-16	6.432063608290213e-17
FJ639718.1	0.0	0.0	0.0	0.0	0.0	0.0	0.0	1.0	0.0	0.0
FJ850121.1_FJ850121.2	4.489554692783423e-14	6.773142265832932e-14	0.9999999999992741	1.7174411343707766e-13	2.1452777812854395e-14	8.588698893634258e-14	1.7729134095146544e-13	8.384337280206275e-14	5.136381622545471e-14	2.1618759917873325e-14
FJ850121	0.0	0.0	1.0	0.0	0.0	0.0	0.0	0.0	0.0	0.0
GQ199894.1	0.0	0.0	1.0	0.0	0.0	0.0	0.0	0.0	0.0	0.0
GQ199894.2	0.0	0.0	1.0	0.0	0.0	0.0	0.0	0.0	0.0	0.0
FJ410291	0.0	0.0	1.0	0.0	0.0	0.0	0.0	0.0	0.0	0.0
FJ410291.1	0.0	0.0	1.0	0.0	0.0	0.0	0.0	0.0	0.0	0.0
HQ705625.1	0.0	0.0	1.0	0.0	0.0	0.0	0.0	0.0	0.0	0.0
HQ705625	0.0	0.0	1.0	0.0	0.0	0.0	0.0	0.0	0.0	0.0
JF357906.1	0.0	0.0	1.0	0.0	0.0	0.0	0.0	0.0	0.0	0.0
JF357906	0.0	0.0	1.0	0.0	0.0	0.0	0.0	0.0	0.0	0.0
JX286520_KC294211	1.2321393101492535e-07	1.9869026885157255e-07	1.2610426609937514e-07	4.7134446049338776e-07	5.887624199701613e-08	2.3571321108734e-07	0.9999983556554318	2.3010459298107455e-07	1.4096582271821717e-07	5.9331772868939534e-08
JX669478	0.0	0.0	0.0	0.0	0.0	0.0	1.0	0.0	0.0	0.0
GU131881_GU131881.1	2.555535866433754e-10	3.894573924949358e-10	2.6154832677826205e-10	9.775986078147367e-10	1.221130978168225e-10	4.888843007963119e-10	0.9999999966121631	4.772516675269821e-10	2.9237214731352784e-10	1.2305789802884325e-10
HM181971	0.0	0.0	0.0	0.0	0.0	0.0	1.0	0.0	0.0	0.0
EU482669.1	0.0	0.0	0.0	0.0	0.0	0.0	0.0	1.0	0.0	0.0
EU482669	0.0	0.0	0.0	0.0	0.0	0.0	0.0	1.0	0.0	0.0
EU482676	0.0	0.0	0.0	0.0	0.0	0.0	0.0	1.0	0.0	0.0
EU482467_FJ205877.1	4.620324859987151e-13	6.970427967245888e-13	4.728707791481795e-13	1.7674661545949951e-12	2.2077646766134062e-13	8.838867488793236e-13	1.824554206623693e-12	0.9999999999929201	5.285992336650838e-13	2.2248463539424441e-13
0.999995	4.38576476068024e-10	6.616560149342406e-10	4.4886454143167355e-10	1.6777371746408543e-09	2.095683055193788e-10	8.390144574548255e-10	1.73192703670264e-09	0.9999999932797027	5.01763828688304e-10	2.1118975467616418e-10
0.769572	1.0103721202426823e-08	1.5242924031719936e-08	1.0340732875005764e-08	3.8650929971194544e-08	4.82793730939731e-09	1.9328825474018657e-08	3.989933085028166e-08	0.9999998451809046	1.1559402091010825e-08	4.865291502150523e-09
EU482705	0.0	0.0	0.0	0.0	0.0	0.0	0.0	1.0	0.0	0.0
EU482451_FJ410224.1	1.1819041479889292e-09	1.7830732637637226e-09	1.2096290894565895e-09	4.521274245533627e-09	5.64758173536758e-10	2.261030223004333e-09	4.667308577616314e-09	0.9999999818897086	1.3521854973943733e-09	5.691277592047785e-10
EU482661	0.0	0.0	0.0	0.0	0.0	0.0	0.0	1.0	0.0	0.0
0.763182	4.661821606893537e-09	7.033031808740012e-09	4.7711779632475786e-09	1.7833403837683604e-08	2.227593380176588e-09	8.918252436440089e-09	1.8409411634770813e-08	0.999999928567011	5.3334676750286025e-09	2.244828473999561e-09
EU482541	0.0	0.0	0.0	0.0	0.0	0.0	0.0	1.0	0.0	0.0
FJ639718.3	0.0	0.0	0.0	0.0	0.0	0.0	0.0	1.0	0.0	0.0
FJ639718.2	0.0	0.0	0.0	0.0	0.0	0.0	0.0	1.0	0.0	0.0
FJ850121.2	0.0	0.0	1.0	0.0	0.0	0.0	0.0	0.0	0.0	0.0
FJ850121.1	0.0	0.0	1.0	0.0	0.0	0.0	0.0	0.0	0.0	0.0
JX286520	0.0	0.0	0.0	0.0	0.0	0.0	1.0	0.0	0.0	0.0
KC294211	0.0	0.0	0.0	0.0	0.0	0.0	1.0	0.0	0.0	0.0
GU131881.1	0.0	0.0	0.0	0.0	0.0	0.0	1.0	0.0	0.0	0.0
GU131881	0.0	0.0	0.0	0.0	0.0	0.0	1.0	0.0	0.0	0.0
0.977729	1.24381120955438e-10	1.8764690154440567e-10	1.2729883581754357e-10	4.758094467840825e-10	5.943396916981271e-11	2.37946092438993e-10	4.911777945078216e-10	0.9999999980941109	1.423011740772519e-10	5.989381522790802e-11
0.999988	7.503155819787662e-09	1.131959521326756e-08	7.679163794952408e-09	2.8702687291482e-08	3.585289537865865e-09	1.435383918849709e-08	2.9629766150219777e-08	0.9999998850293099	8.584163530917824e-09	3.6130292510996796e-09
EU482642	0.0	0.0	0.0	0.0	0.0	0.0	0.0	1.0	0.0	0.0
0.542206	8.587265138721261e-10	1.295513084014287e-09	8.78870399799207e-10	3.2849855698816674e-09	4.103317670618348e-10	1.642778396593134e-09	3.391088550490028e-09	0.9999999868417526	9.824464532607714e-10	4.135065414918506e-10
EU482670_EU482670.1	3.2504157064921535e-11	4.903721974599686e-11	3.326663501511232e-11	1.2434190070359768e-10	1.5531706532693338e-11	6.21817612046792e-11	1.283580663757153e-10	0.9999999995019396	3.718715249709696e-11	1.5651876767397762e-11
EU482464	0.0	0.0	0.0	0.0	0.0	0.0	0.0	1.0	0.0	0.0
EU482658	0.0	0.0	0.0	0.0	0.0	0.0	0.0	1.0	0.0	0.0
0.999576	2.2219210092718506e-08	3.3520890442501894e-08	2.274042520168184e-08	8.499770689462882e-08	1.0617172746829845e-08	4.2506243536248285e-08	8.774307969902772e-08	0.999999659535538	2.5420414762106484e-08	1.0699318783918455e-08
EU482451_EU482451.1	0.0	0.0	0.0	0.0	0.0	0.0	0.0	1.0	0.0	0.0
EU482469_EU482469.1	4.0971913465008314e-14	6.181205437767997e-14	4.1933026855267805e-14	1.5673458584165128e-13	1.95779184413362e-14	7.838092014173195e-14	1.6179701499649692e-13	0.9999999999993723	4.687489022028583e-14	1.9729394587834806e-14
FJ432726	0.0	0.0	0.0	0.0	0.0	0.0	0.0	1.0	0.0	0.0
EU482654_FJ461311	5.676795691584936e-12	8.564266940544663e-12	5.809961167432418e-12	2.171610126015028e-11	2.712586102499132e-12	1.0859938727124728e-11	2.241751775708117e-11	0.9999999999130147	6.494672870801968e-12	2.733573629394979e-12
0.995407	4.3816644992064076e-10	6.610374312173741e-10	4.4844489694852624e-10	1.676168654331222e-09	2.0937237963275546e-10	8.382300609256879e-10	1.7303078541674194e-09	0.999999993285985	5.012947285408954e-10	2.109923128930274e-10
FJ205877_FJ205877.1	0.0	0.0	0.0	0.0	0.0	0.0	0.0	1.0	0.0	0.0
FJ024452	0.0	0.0	0.0	0.0	0.0	0.0	0.0	1.0	0.0	0.0
EU482474_FJ562098	4.174412673112247e-12	6.297704972106267e-12	4.272335459169666e-12	1.5968862230736813e-11	1.9946910930696317e-12	7.98581952120157e-12	1.6484646499361925e-11	0.9999999999360356	4.7758359138735625e-12	2.010124200585052e-12
EU482656	0.0	0.0	0.0	0.0	0.0	0.0	0.0	1.0	0.0	0.0
EU482670.1	0.0	0.0	0.0	0.0	0.0	0.0	0.0	1.0	0.0	0.0
EU482670	0.0	0.0	0.0	0.0	0.0	0.0	0.0	1.0	0.0	0.0
FJ410224_FJ410224.1	0.0	0.0	0.0	0.0	0.0	0.0	0.0	1.0	0.0	0.0
FJ410215	0.0	0.0	0.0	0.0	0.0	0.0	0.0	1.0	0.0	0.0
EU482451	0.0	0.0	0.0	0.0	0.0	0.0	0.0	1.0	0.0	0.0
EU482451.1	0.0	0.0	0.0	0.0	0.0	0.0	0.0	1.0	0.0	0.0
EU482469.1	0.0	0.0	0.0	0.0	0.0	0.0	0.0	1.0	0.0	0.0
EU482469	0.0	0.0	0.0	0.0	0.0	0.0	0.0	1.0	0.0	0.0
0.995531	2.6034906740317554e-12	3.927742043399361e-12	2.664562992520485e-12	9.959433134248566e-12	1.2440455855815563e-12	4.980582485738819e-12	1.0281116599284764e-11	0.9999999999601068	2.97858530915336e-12	1.2536708801161694e-12
EU482654_JF730049.1	2.507663936639368e-11	3.783173557292589e-11	2.5664883649842463e-11	9.59285606406658e-11	1.1982559728809004e-11	4.797262078762704e-11	9.902699318866967e-11	0.9999999996157513	2.8689524554358345e-11	1.2075269889919751e-11
0.999917	3.093034923947286e-08	4.666290313103738e-08	3.165590902678542e-08	1.1832143212268275e-07	1.4779682069025428e-08	5.917100346717991e-08	1.221431404227648e-07	0.9999995260549464	3.538660029421444e-08	1.4894033821638906e-08
0.993220	3.444845639305804e-08	5.1970476351156395e-08	3.5256543443749847e-08	1.3177965315828679e-07	1.646076574551996e-08	6.590128410420018e-08	1.360360535856816e-07	0.9999994721470686	3.94115742986223e-08	1.6588124196369513e-08
FJ205877	0.0	0.0	0.0	0.0	0.0	0.0	0.0	1.0	0.0	0.0
FJ205877.1	0.0	0.0	0.0	0.0	0.0	0.0	0.0	1.0	0.0	0.0
0.887445	1.1323902199235467e-10	1.708374345524432e-10	1.1589536706224484e-10	4.3318629060962125e-10	5.410985598308439e-11	2.1663080849984845e-10	4.4717793703077023e-10	0.999999998264841	1.2955379125940656e-10	5.4528508890259955e-11
EU482474_FJ410217	2.491031983704906e-10	3.758081851969382e-10	2.549466262034332e-10	9.529231936354143e-10	1.1903086013638462e-10	4.765444483134168e-10	9.837020171598042e-10	0.9999999961829972	2.8499242748599467e-10	1.1995181279342525e-10
FJ410224	0.0	0.0	0.0	0.0	0.0	0.0	0.0	1.0	0.0	0.0
FJ410224.1	0.0	0.0	0.0	0.0	0.0	0.0	0.0	1.0	0.0	0.0
FJ390387_FJ461311	2.113872934701612e-09	3.1890829042893827e-09	2.1634598690434503e-09	8.08644192869565e-09	1.010087848259292e-09	4.043924036550534e-09	8.347628948516238e-09	0.9999999676091721	2.4184265115759435e-09	1.0179029903714552e-09
FJ024454_FJ859028.1	2.8784740445059872e-08	4.342594209462518e-08	2.9459968842691788e-08	1.1011358734975724e-07	1.3754429635552764e-08	5.506636745319656e-08	1.1367018739403359e-07	0.9999995589320624	3.293186561896711e-08	1.3860848916270612e-08
EU677148_EU677148.1	1.380156746628966e-10	2.0821659682848356e-10	1.412532269704669e-10	5.279672775453762e-10	6.594907080636714e-11	2.640295426597197e-10	5.450202906011577e-10	0.9999999978851889	1.5790010891307658e-10	6.645932480200235e-11
0.919051	7.479706704867601e-09	1.1284218833597495e-08	7.655164613988725e-09	2.8612984687807225e-08	3.57408467041884e-09	1.4308980087505552e-08	2.953716620851543e-08	0.9999998853886203	8.557336014341636e-09	3.6017376905678916e-09
FJ410241_JF730049.1	4.677966028942153e-08	7.057388003244268e-08	4.787701098880616e-08	1.7895162957271797e-07	2.2353077911332604e-08	8.949137365854176e-08	1.8473165535318818e-07	0.9999992831963056	5.351938084321181e-08	2.252602572059729e-08
EU482467_EU482467.1	4.064830182553536e-11	6.132383943811081e-11	4.160182397941761e-11	1.554966369152569e-10	1.9423284650808466e-11	7.776183804559975e-11	1.6051908109356699e-10	0.9999999993771469	4.6504654642021796e-11	1.9573564381519673e-11
EU482679_EU482679.1	0.0	0.0	0.0	0.0	0.0	0.0	0.0	1.0	0.0	0.0
FJ410202_FJ410202.1	6.152761369838107e-12	9.28232997197278e-12	6.2970919817016e-12	2.353686766198219e-11	2.940020372506418e-12	1.1770480233789492e-11	2.4297093775611903e-11	0.9999999999057214	7.039212703821869e-12	2.9627675791611556e-12
GU131899_GU131899.2	3.706087317238724e-12	5.59116847147582e-12	3.7930241928891895e-12	1.4177323235257156e-11	1.7709076559320882e-12	7.0898942588771555e-12	1.4635241914139858e-11	0.9999999999432116	4.24003717304355e-12	1.7846093305166083e-12
0.877595	1.0618342774661027e-08	1.601930506732948e-08	1.086742636778654e-08	4.061957122243104e-08	5.073842816787345e-09	2.0313317262300666e-08	4.193155798342274e-08	0.9999998372953697	1.2148167117181032e-08	5.1130996029533255e-09
EU482699	0.0	0.0	0.0	0.0	0.0	0.0	0.0	1.0	0.0	0.0
FJ410217	0.0	0.0	0.0	0.0	0.0	0.0	0.0	1.0	0.0	0.0
EU482474	0.0	0.0	0.0	0.0	0.0	0.0	0.0	1.0	0.0	0.0
0.747471	1.7256796421218883e-10	2.603437205059806e-10	1.7661603927404323e-10	6.601441356512156e-10	8.24594519320913e-11	3.301294637725089e-10	6.814663786059228e-10	0.999999997355745	1.9743047599895463e-10	8.309744825731287e-11
FJ461311	0.0	0.0	0.0	0.0	0.0	0.0	0.0	1.0	0.0	0.0
FJ859028_FJ859028.1	1.4471856991715063e-10	2.1832888329266562e-10	1.4811335779996132e-10	5.536086358019953e-10	6.915196580224473e-11	2.768524511648539e-10	5.714898487021896e-10	0.9999999977824805	1.6556871534683687e-10	6.96870008895506e-11
FJ024454	0.0	0.0	0.0	0.0	0.0	0.0	0.0	1.0	0.0	0.0
EU677148.1	0.0	0.0	0.0	0.0	0.0	0.0	0.0	1.0	0.0	0.0
EU677148	0.0	0.0	0.0	0.0	0.0	0.0	0.0	1.0	0.0	0.0
EU482654_EU482654.1	2.7515185779520425e-11	4.1510635354343655e-11	2.816063314215727e-11	1.052570134707608e-10	1.3147788754111467e-11	5.263765826097893e-11	1.0865674921437455e-10	0.9999999995783855	3.147940146625826e-11	1.3249514398817673e-11
FJ547067	0.0	0.0	0.0	0.0	0.0	0.0	0.0	1.0	0.0	0.0
FJ410241_FJ410241.1	4.178625919611737e-10	6.304061263519298e-10	4.2766475394136576e-10	1.5984979648482276e-09	1.9967043404228635e-10	7.993879631396227e-10	1.6501284499626279e-09	0.9999999935971009	4.780656178548368e-10	2.0121530246172818e-10
JF730049_JF730049.1	0.0	0.0	0.0	0.0	0.0	0.0	0.0	1.0	0.0	0.0
EU482467	0.0	0.0	0.0	0.0	0.0	0.0	0.0	1.0	0.0	0.0
EU482467.1	0.0	0.0	0.0	0.0	0.0	0.0	0.0	1.0	0.0	0.0
EU482679.1	0.0	0.0	0.0	0.0	0.0	0.0	0.0	1.0	0.0	0.0
EU482679	0.0	0.0	0.0	0.0	0.0	0.0	0.0	1.0	0.0	0.0
FJ410202	0.0	0.0	0.0	0.0	0.0	0.0	0.0	1.0	0.0	0.0
FJ410202.1	0.0	0.0	0.0	0.0	0.0	0.0	0.0	1.0	0.0	0.0
GU131899.1_GU131899.2	1.746241969162396e-15	2.6344584478983902e-15	1.787205067960026e-15	6.680100797579925e-15	8.344199711418769e-16	3.340631197270121e-15	6.895863877906957e-15	0.9999999999999731	1.9978295783634923e-15	8.408759548139295e-16
GU131899	0.0	0.0	0.0	0.0	0.0	0.0	0.0	1.0	0.0	0.0
EU482701_EU482701.1	0.0	0.0	0.0	0.0	0.0	0.0	0.0	1.0	0.0	0.0
FJ562098	0.0	0.0	0.0	0.0	0.0	0.0	0.0	1.0	0.0	0.0
0.520154	3.145132550585585e-09	4.744887114140741e-09	3.2189106281237605e-09	1.2031438271832928e-08	1.5028624087850809e-09	6.0167652041232396e-09	1.2420046207694568e-08	0.9999999518072039	3.598263555907784e-09	1.514490192764389e-09
FJ547064_FJ547064.2	4.253821765051573e-13	6.417505066705897e-13	4.3536073184321834e-13	1.6272634988330902e-12	2.032635738413483e-13	8.137732311389889e-13	1.679823092715142e-12	0.999999999993482	4.866685770576679e-13	2.0483624271221318e-13
FJ859028.1	0.0	0.0	0.0	0.0	0.0	0.0	0.0	1.0	0.0	0.0
FJ859028	0.0	0.0	0.0	0.0	0.0	0.0	0.0	1.0	0.0	0.0
EU482654	0.0	0.0	0.0	0.0	0.0	0.0	0.0	1.0	0.0	0.0
EU482654.1	0.0	0.0	0.0	0.0	0.0	0.0	0.0	1.0	0.0	0.0
FJ410241.1	0.0	0.0	0.0	0.0	0.0	0.0	0.0	1.0	0.0	0.0
FJ410241	0.0	0.0	0.0	0.0	0.0	0.0	0.0	1.0	0.0	0.0
JF730049.1	0.0	0.0	0.0	0.0	0.0	0.0	0.0	1.0	0.0	0.0
JF730049	0.0	0.0	0.0	0.0	0.0	0.0	0.0	1.0	0.0	0.0
GU131899.2	0.0	0.0	0.0	0.0	0.0	0.0	0.0	1.0	0.0	0.0
GU131899.1	0.0	0.0	0.0	0.0	0.0	0.0	0.0	1.0	0.0	0.0
EU482701.1	0.0	0.0	0.0	0.0	0.0	0.0	0.0	1.0	0.0	0.0
EU482701	0.0	0.0	0.0	0.0	0.0	0.0	0.0	1.0	0.0	0.0
FJ410237_FJ410237.1	2.806608537592317e-10	4.23417470337767e-10	2.8724455663901135e-10	1.0736443323177002e-09	1.341102926341668e-10	5.369155137018491e-10	1.108322373164097e-09	0.9999999956994399	3.210967122717223e-10	1.351479162403175e-10
FJ390387_FJ390387.1	0.0	0.0	0.0	0.0	0.0	0.0	0.0	1.0	0.0	0.0
FJ547064.1_FJ547064.2	1.3158642580435814e-16	1.985171455106676e-16	1.3467316169539644e-16	5.033727304057476e-16	6.287693433173022e-17	2.5173013072762136e-16	5.1963135496188e-16	0.9999999999999979	1.5054457413434895e-16	6.336341892633894e-17
FJ547064	0.0	0.0	0.0	0.0	0.0	0.0	0.0	1.0	0.0	0.0
FJ410237	0.0	0.0	0.0	0.0	0.0	0.0	0.0	1.0	0.0	0.0
FJ410237.1	0.0	0.0	0.0	0.0	0.0	0.0	0.0	1.0	0.0	0.0
FJ390387	0.0	0.0	0.0	0.0	0.0	0.0	0.0	1.0	0.0	0.0
FJ390387.1	0.0	0.0	0.0	0.0	0.0	0.0	0.0	1.0	0.0	0.0
FJ547064.1	0.0	0.0	0.0	0.0	0.0	0.0	0.0	1.0	0.0	0.0
FJ547064.2	0.0	0.0	0.0	0.0	0.0	0.0	0.0	1.0	0.0	0.0
