node	Africa	Caribbean	Central America	Eastern Asia	Europe	Oceania	South America	South-eastern Asia	Southern Asia	Western Asia
AF100461_EU003591	0.07155174540112179	0.07156506180639738	0.06325827954358669	0.19371643167195804	0.028333232990353948	0.11286860514241287	0.23865140092777293	0.12242537449715236	0.06915382979919842	0.028476038220045623
EF105378_EU003591	0.9993917538089665	4.827592989567722e-05	4.2645358021426825e-05	0.00013069729540294853	1.93749457690603e-05	7.603918317962033e-05	0.00016104248906594228	6.694046014130557e-05	4.400351703594099e-05	1.9227012521436e-05
AF100461_GQ398257.1	0.012990962186760671	0.016632067239227704	0.01584046288452227	0.04412628254767868	0.0058378575079715105	0.030404082816533413	0.05316926983424295	0.6875850558273906	0.12754667707038703	0.005867282085285145
EF105385_EU003591	0.999896375163922	8.22612417450024e-06	7.266672163857807e-06	2.2270574541049134e-05	3.2915166199955915e-06	1.2956878634690433e-05	2.744135294796594e-05	1.1398676458159524e-05	7.496786215976132e-06	3.276254321767672e-06
EF105378_EF457904.2	0.9999658360797498	2.62798864517639e-06	2.3214641383106996e-06	7.114757610338402e-06	2.117136135813016e-06	4.139280823021909e-06	8.766671025182306e-06	3.6359148490946845e-06	2.394040150517569e-06	1.0466668728819946e-06
AF100461_JX475906.1	0.0026296753436995677	0.0055804708518677176	0.0013487932523380379	0.013119616236440198	0.0005508086683026056	0.008258368702418232	0.004808984233299561	0.9284456320552004	0.034704065743803504	0.0005535849126304043
AF100465_GQ398257.1	0.007102913291282401	0.008728936321305496	0.016505610784254637	0.02347213906835002	0.003325704505711	0.027883741899005953	0.04094417255325424	0.5534892768248172	0.31520503767561464	0.0033424670764043863
EF105385_EF105385.1	1.0	0.0	0.0	0.0	0.0	0.0	0.0	0.0	0.0	0.0
EF105387_EU003591	0.9999978883846096	1.67724493552528e-07	1.4816112478584143e-07	4.5408096579613474e-07	6.647923399266825e-08	2.6417786241873847e-07	5.595103146771911e-07	2.3191107723848766e-07	1.5276938427289115e-07	6.680093367464646e-08
EF105378_EF105383.1	0.9999879035413214	9.600363125555826e-07	8.480577037236555e-07	2.599108904387685e-06	3.903718242380973e-07	1.5121244074920571e-06	3.202574830959602e-06	1.327395061672555e-06	8.744284891117427e-07	3.8236114452106996e-07
EF105389_EF457904.2	0.9998430955742876	2.9240845945477507e-06	2.5830193739043626e-06	7.916382186621118e-06	0.00012125000395365645	4.6056376870663435e-06	9.75442256526713e-06	4.0429449059141286e-06	2.6633324351014394e-06	1.1645980104352716e-06
AF100461_JX649148	0.0012737261765426939	0.007637709880485757	0.0008030576171199845	0.012576221511377576	0.00033958006917262013	0.010506399784829073	0.002924223364332233	0.9500772535612522	0.013520536377979434	0.0003412916569085183
AY037116_JX475906.1	0.008820657754040248	0.001741433379121448	0.001003760371108877	0.0202060147300592	0.0004421914315610041	0.0030868921646306155	0.003748086179019696	0.8967643950725751	0.06374214870551302	0.00044442021237084146
AF100465_JQ922552	0.0020496742640711534	0.0024869005875993856	0.0273236374081377	0.00671593059829466	0.0009714276006629986	0.04247552453671449	0.04400583049027119	0.060592935211015116	0.8124018154088103	0.0009763238944229663
GQ398257_GQ398257.1	1.612393281982425e-05	1.948896983737533e-05	2.077422682465195e-05	5.269791169126249e-05	7.669122052393905e-06	3.641564169786976e-05	6.979769713016772e-05	0.9996272561575551	0.00014206856360440012	7.707776786959978e-06
EF105385.1	1.0	0.0	0.0	0.0	0.0	0.0	0.0	0.0	0.0	0.0
EF105385	1.0	0.0	0.0	0.0	0.0	0.0	0.0	0.0	0.0	0.0
EF105387	1.0	0.0	0.0	0.0	0.0	0.0	0.0	0.0	0.0	0.0
EU003591	1.0	0.0	0.0	0.0	0.0	0.0	0.0	0.0	0.0	0.0
EF105383_EF105383.1	0.9999999999365174	5.042394637469068e-12	4.454249669225941e-12	1.3651288789167031e-11	1.9987064977308167e-12	7.942123863580634e-12	1.6820870549422854e-11	6.971756971247442e-12	4.592737672879389e-12	2.008273941978986e-12
EF105378	1.0	0.0	0.0	0.0	0.0	0.0	0.0	0.0	0.0	0.0
EF457904_EF457904.2	0.9999999928776808	5.366335920891133e-10	4.740406436838708e-10	1.4528295912140686e-09	5.789565625402392e-10	8.45235401564495e-10	1.7901502827133847e-09	7.41964685735254e-10	4.887791322425684e-10	2.1372925705606976e-10
EF105389_JF260983.1	0.9983598026789796	2.4362191972031257e-05	2.152058564298002e-05	6.595582892123616e-05	0.001343140508032499	3.83721546087033e-05	8.126957660124761e-05	3.3683865824395045e-05	2.2189688731258278e-05	9.702920686129389e-06
AF100466_JX649148	0.0010336352830211234	0.0855796012201858	0.0010390529736305956	0.004294407651052579	0.00046385638210643884	0.0028484401101644464	0.003911946292964296	0.897898735089072	0.00246413063676884	0.00046619436103405125
AF100461_KJ734727.1	0.001162445115434325	0.004439591532760721	0.0009617701220681709	0.022362539155217083	0.00042115897805663854	0.023420924794653165	0.0035780043118149793	0.9359177836248694	0.007312500616339938	0.00042328174878566305
AY037116_GU131843.1	0.012487287674894855	0.0010435152078900102	0.0006794747148282877	0.02585968632091906	0.00030114380247306844	0.002200242341705233	0.002546687557714313	0.9254520861391125	0.029127214580578195	0.0003026616598845086
FJ882602_JX475906.1	3.202104050678563e-05	2.9253486389263737e-05	2.52810205784354e-05	9.543677220675327e-05	1.1332721195502961e-05	4.6436892935305734e-05	9.542582189952472e-05	0.000977946785807174	0.9986754756168172	1.1389841663927197e-05
AF100465_HM582115	0.004991075500518255	0.006021134041650251	0.11539119621696788	0.016291599013958828	0.0023781791489386394	0.17671499935024826	0.17680102651465926	0.040300416158544086	0.45872020815075754	0.0023901659037570216
JQ922550_JQ922552	0.0010061377889263256	0.0012196968455155048	0.011961182497187344	0.0032947847097163563	0.0004772421450040088	0.018622827657217865	0.01953658079118028	0.026443016547888134	0.916958883425204	0.0004796475921602752
GQ398257_GQ398257.2	3.100643275420852e-08	3.740187237674028e-08	3.608142413128441e-08	1.0120293971483726e-07	1.4775487083710646e-08	6.379984500577483e-08	1.2885888781119286e-07	0.9999994316779972	1.403451539935021e-07	1.4849960085993196e-08
GQ398257.1	0.0	0.0	0.0	0.0	0.0	0.0	0.0	1.0	0.0	0.0
EF105383_EF105383.3	0.9999999999999803	1.552136048052913e-15	1.3710948810526906e-15	4.202102167275038e-15	6.150834758462053e-16	2.444722720500243e-15	5.177754107410034e-15	2.1460267160643797e-15	1.4137238207074739e-15	6.181813613900655e-16
EF105383.1	1.0	0.0	0.0	0.0	0.0	0.0	0.0	0.0	0.0	0.0
EF457904.1_EF457904.2	0.9999999999862317	1.09258105121118e-12	9.651423844754925e-13	2.957947667654269e-12	4.461919026168878e-13	1.7208914922277526e-12	3.644729489202331e-12	1.510633121862383e-12	9.951497871775613e-13	4.351507991298481e-13
EF457904	1.0	0.0	0.0	0.0	0.0	0.0	0.0	0.0	0.0	0.0
JF260983_JF260983.1	0.0	0.0	0.0	0.0	1.0	0.0	0.0	0.0	0.0	0.0
EF105389	1.0	0.0	0.0	0.0	0.0	0.0	0.0	0.0	0.0	0.0
AF100466_M20558.1	1.05790144367285e-05	0.9990194426672305	1.1198979176911173e-05	3.5337704309700375e-05	5.021851751092545e-06	2.0879144675623598e-05	4.228108193405974e-05	0.0008373911905920179	1.2821202463628543e-05	5.047163429886443e-06
EU482449_JX649148	7.154261583968429e-08	2.547819007403021e-06	7.434194751514302e-08	2.602398062464273e-07	3.328400579147801e-08	1.616204301468912e-07	2.803950460991313e-07	0.9999964199982285	1.1730714494969301e-07	3.3451767426191744e-08
AF100461_M84728	4.95665103826635e-05	0.00010139411586292587	4.895972975598312e-05	0.0004164021939862869	2.1822360864931777e-05	0.0003850804671866375	0.00018414910057200265	0.9986334964091548	0.00013719675995443398	2.1932352279401284e-05
AF204178_KJ734727.1	0.005332836532562814	0.007972513381658303	0.00553310532194237	0.20724794973009586	0.0024769323533747473	0.25397193236724636	0.02086748957592794	0.48517927823904433	0.008928545643264604	0.0024894168548826715
AY037116_FJ196852	0.0006311874920100807	0.00023219437809230903	0.00019596972520598502	0.1638808212042173	8.777461944322353e-05	0.004035131755332957	0.0007393266823413776	0.8288349448071263	0.0012744323056857597	8.821703054477427e-05
GQ398259_GU131843.1	0.03791706371467754	0.0010968011516285798	0.0008690430207384518	0.012458608663052543	0.000388344852427896	0.0019568468534233462	0.0032738903538575125	0.9290425165805732	0.012606582579608122	0.0003903022300127341
FJ882602_KF041236	3.2023181625087253e-06	2.968666182500465e-06	2.568958715718892e-06	9.585843730993508e-06	1.1516399323620997e-06	4.710249570960061e-06	9.697077775274774e-06	9.35184551799177e-05	0.9998714393461283	1.1574446213020023e-06
JX475906_JX475906.1	2.226444477550352e-11	2.6599315740962245e-11	2.3483890335912324e-11	7.238569131404992e-11	1.0534815001505237e-11	4.1904070284837385e-11	8.868270743043508e-11	5.832793188202558e-11	0.9999999996452293	1.0587913713800715e-11
AF100465_GQ868592	0.0017572168878276931	0.0021173111735379216	0.3746575754012005	0.005731220396852237	0.0008382289494466601	0.020741758564906888	0.537953376717991	0.00625572627210683	0.04910513175474883	0.0008424538813814667
HM582115	0.0	0.0	0.0	0.0	0.0	1.0	0.0	0.0	0.0	0.0
JQ922550	0.0	0.0	0.0	0.0	0.0	0.0	0.0	0.0	1.0	0.0
JQ922552	0.0	0.0	0.0	0.0	0.0	0.0	0.0	0.0	1.0	0.0
GQ398257.2	0.0	0.0	0.0	0.0	0.0	0.0	0.0	1.0	0.0	0.0
GQ398257	0.0	0.0	0.0	0.0	0.0	0.0	0.0	1.0	0.0	0.0
EF105383_EF105383.2	0.9999999999999982	1.429974497256046e-16	1.263182254977274e-16	3.871373866753183e-16	5.666709293908453e-17	2.252309742768235e-16	4.770236691540458e-16	1.9771227341324514e-16	1.302456064383876e-16	5.695271252697753e-17
EF105383.3	1.0	0.0	0.0	0.0	0.0	0.0	0.0	0.0	0.0	0.0
EF457904.2	1.0	0.0	0.0	0.0	0.0	0.0	0.0	0.0	0.0	0.0
EF457904.1	1.0	0.0	0.0	0.0	0.0	0.0	0.0	0.0	0.0	0.0
JF260983	0.0	0.0	0.0	0.0	1.0	0.0	0.0	0.0	0.0	0.0
JF260983.1	0.0	0.0	0.0	0.0	1.0	0.0	0.0	0.0	0.0	0.0
AF100466_EU529701	6.595566105360506e-11	0.9999999941237538	7.049363842077472e-11	2.194009986723071e-10	3.133824346606271e-11	1.2929417937213529e-10	9.15614553889484e-10	4.334034494308639e-09	7.861843585017918e-11	3.149619786059448e-11
M20558_M20558.1	2.859521227775812e-09	0.9999999359107005	3.0406384393637898e-09	9.345204502365916e-09	1.3639943346034936e-09	5.4452060892289856e-09	1.1482291008494862e-08	2.60133709609217e-08	3.16820359813361e-09	1.370869285961933e-09
FJ639701_JX649148	7.757109179717796e-08	1.309965094116421e-07	8.249628901512e-08	2.533274083912406e-07	3.700730563729012e-08	1.4753820484675822e-07	3.115307608893158e-07	0.9999988366568286	8.56817674693478e-08	3.719383385058194e-08
FM210213_FM210243	5.5634640160341225e-08	6.802610534205091e-08	5.918565320485432e-08	1.8140440557640723e-07	2.655100176651359e-08	1.0554273182263334e-07	2.2350645825986927e-07	0.9999991924214505	6.104272636968053e-08	2.668482698928441e-08
EU482449_FM210227	5.892793284146352e-07	7.230096504998727e-07	6.268896995777437e-07	1.9214535854091277e-06	2.8122601796024927e-07	1.1179294531224584e-06	2.367362159156495e-06	0.999991443605986	6.466006360112278e-07	2.826434836676983e-07
AF100461_AJ487271	1.5082978497327783e-06	2.203724566297815e-06	1.5695667935374703e-06	7.283921023198959e-06	7.028049750790572e-07	5.564051922034613e-06	5.920377804549914e-06	0.9999721172402158	2.4236675210684047e-06	7.063473284932529e-07
M84728	0.0	0.0	0.0	0.0	0.0	0.0	0.0	1.0	0.0	0.0
AF204178_M29095.1	0.0013873261846295407	0.0018003890495369944	0.0014641722647772792	0.16961983653472892	0.0006563971494399487	0.7749692004374732	0.005526945993554392	0.042136799809780745	0.0017792269829379412	0.0006597055931409801
KJ734727_KJ734727.1	6.76752818615917e-08	8.317263455826119e-08	7.184464204938541e-08	0.9999983467140762	3.222426676903678e-08	3.911678987129462e-07	2.712818878331964e-07	6.259804796580543e-07	7.755214552455402e-08	3.238668699386884e-08
AY037116_FJ196854	0.00020237176568939602	9.122066487616524e-05	7.794018020776252e-05	0.15185372901057073	3.492440177716359e-05	0.0051433266139006934	0.00029412070249910596	0.8418771507500299	0.00039011547893599927	3.510043151311166e-05
DQ645550_FJ196852	0.00018821638440569193	0.00021539154415381917	0.00019007296517538702	0.9798821629108246	8.526488117305972e-05	0.00041765310774800847	0.0007177692878417639	0.017998880705441596	0.00021889357081262886	8.569464242337238e-05
GQ398259_GQ398259.1	1.3225488389558337e-06	9.70035117668499e-08	8.233863196346177e-08	5.810944196198437e-07	3.688681435705227e-08	1.6048332855842984e-07	3.106744479300229e-07	0.99999689397163	4.779256414828824e-07	3.7072735256361287e-08
GU131843_GU131843.1	1.0	0.0	0.0	0.0	0.0	0.0	0.0	0.0	0.0	0.0
FJ898454_KF041236	3.208383800104821e-07	3.6881055726001867e-07	3.247344581946439e-07	1.0291437845525721e-06	1.4566173769805454e-07	5.815832954907732e-07	1.2262316191554835e-06	2.280114735236507e-06	0.999993576485073	1.463963595186936e-07
FJ882602	0.0	0.0	0.0	0.0	0.0	0.0	0.0	0.0	1.0	0.0
JX475906	0.0	0.0	0.0	0.0	0.0	0.0	0.0	0.0	1.0	0.0
JX475906.1	0.0	0.0	0.0	0.0	0.0	0.0	0.0	0.0	1.0	0.0
AF100465_FJ898449.1	0.0002853709866395931	0.00034378298799851297	0.6060515323073321	0.0009306264676844807	0.00013615250025386978	0.0022815019976359457	0.38399718230914687	0.000808024127465772	0.005028987565074778	0.0001368387507680589
AF100467_GQ868592	0.0001244868301053722	0.00014994143751945007	0.007248937872419775	0.00040591811877380157	5.940320454086234e-05	0.000568463867785415	0.9900751268855	0.0002708497481042827	0.0010371694202722086	5.970261497889095e-05
EF105383.2	1.0	0.0	0.0	0.0	0.0	0.0	0.0	0.0	0.0	0.0
EF105383	1.0	0.0	0.0	0.0	0.0	0.0	0.0	0.0	0.0	0.0
AF100466_EU482576.1	1.0017789664449238e-08	0.9999987067464312	1.0657338878768414e-08	3.26624601410866e-08	4.7809378703964235e-09	1.9002588157141687e-08	1.183561270325034e-06	1.677732487894622e-08	1.0988823588499789e-08	4.805035269100541e-09
AF208496_JN819419	9.663202890335942e-08	0.9999040494191092	3.011341859519781e-07	3.150625510553687e-07	4.611716178422032e-08	1.8329887703441266e-07	9.469506654904049e-05	1.609226207827888e-07	1.059973097299745e-07	4.634960647702801e-08
EU482572_EU529701	1.6329196232536563e-07	0.9999975571832286	1.7371664460150816e-07	5.324032999274356e-07	7.793027851283525e-08	3.0974472306796434e-07	6.560668680925568e-07	2.722217740538115e-07	1.7911814980832493e-07	7.832307110779345e-08
M20558.1	0.0	1.0	0.0	0.0	0.0	0.0	0.0	0.0	0.0	0.0
M20558	0.0	1.0	0.0	0.0	0.0	0.0	0.0	0.0	0.0	0.0
FJ639702_JX649148	3.778942559913862e-07	4.666179966927212e-07	4.0201098251278723e-07	1.2322261900602672e-06	1.8034416239514116e-07	7.169393022511786e-07	1.518138399809951e-06	0.9999945098754072	4.1470015053844555e-07	1.8125315249352347e-07
FJ639701	0.0	0.0	0.0	0.0	0.0	0.0	0.0	1.0	0.0	0.0
FM210235_FM210243	5.3062072388262643e-08	6.392463877793524e-08	5.6449571732051485e-08	1.730057173261024e-07	2.532360664619999e-08	1.0065233158221964e-07	2.1317415869984307e-07	0.9999992307516496	5.82050077375442e-08	2.5451245419704735e-08
FM210213_FM210222	1.322745709594146e-08	1.5932388226094545e-08	1.4071904201980214e-08	4.3127301720632444e-08	6.312738259523801e-09	2.509085505567066e-08	5.314063988020004e-08	0.999999808242703	1.4509455904306144e-08	6.344556403762077e-09
EU482449_FM210218	2.4538166114260636e-08	2.9561958722410535e-08	2.6104689991565605e-08	8.000523005696326e-08	1.1710715953322766e-08	4.654593739454014e-08	9.858082448661922e-08	0.9999996442662495	2.6916486385614297e-08	1.176974156693412e-08
FM210204_FM210227	1.536096559186122e-07	1.8502556395184217e-07	1.6341616621317636e-07	5.008347762824305e-07	7.330944472533008e-08	2.913786149544468e-07	6.171190129873541e-07	0.9999977731303296	1.6849748869785748e-07	7.367894689545083e-08
AF100461_DQ181804.1	5.352985542115146e-07	6.530109200202361e-07	5.687176943181417e-07	1.7962933959357356e-06	2.551018082691752e-07	1.0736381584128175e-06	2.147537122428181e-06	0.9999921102624492	6.037522973587166e-07	2.5638759991682524e-07
AJ487271	0.0	0.0	0.0	0.0	0.0	0.0	0.0	1.0	0.0	0.0
M29095_M29095.1	0.0	0.0	0.0	0.0	0.0	1.0	0.0	0.0	0.0	0.0
AF204178_AF204178.2	6.519283047710631e-06	7.895603874785558e-06	6.931466711291506e-06	0.9996378508095067	3.1093461512583428e-06	0.0002766697456471165	2.6174957330871295e-05	2.4484558275368217e-05	7.2392112418393255e-06	3.1250182130869725e-06
KJ734727	0.0	0.0	0.0	1.0	0.0	0.0	0.0	0.0	0.0	0.0
KJ734727.1	0.0	0.0	0.0	1.0	0.0	0.0	0.0	0.0	0.0	0.0
AY037116_JN851127	0.00017723305302992743	0.0001062008528711528	9.19566705196978e-05	0.10691060502824441	4.122415671458294e-05	0.008457199780314442	0.0003471143488263218	0.8835143878768896	0.0003126462934347627	4.143193915502859e-05
FJ196854	0.0	0.0	0.0	1.0	0.0	0.0	0.0	0.0	0.0	0.0
DQ645550	0.0	0.0	0.0	1.0	0.0	0.0	0.0	0.0	0.0	0.0
FJ196852	0.0	0.0	0.0	1.0	0.0	0.0	0.0	0.0	0.0	0.0
GQ398259	0.0	0.0	0.0	0.0	0.0	0.0	0.0	1.0	0.0	0.0
GQ398259.1	0.0	0.0	0.0	0.0	0.0	0.0	0.0	1.0	0.0	0.0
GU131843.1	1.0	0.0	0.0	0.0	0.0	0.0	0.0	0.0	0.0	0.0
GU131843	1.0	0.0	0.0	0.0	0.0	0.0	0.0	0.0	0.0	0.0
FJ898454_JQ955623	3.2870381582940284e-09	3.952042759244837e-09	3.49068070132534e-09	1.0710844899720475e-08	1.5659337305639021e-09	6.224998149744041e-09	1.318205141765031e-08	6.126321717515389e-09	0.9999999498735633	1.586525179169453e-09
KF041236	0.0	0.0	0.0	0.0	0.0	0.0	0.0	0.0	1.0	0.0
AF100469_FJ898449.1	3.327860904823537e-05	4.008562687193837e-05	0.9711518864563378	0.0001085167865701862	1.587918648294409e-05	0.00018972127791959444	0.0279854636766564	7.96269051183033e-05	0.00037958225252350666	1.5959222471138544e-05
AF100465	0.0	0.0	0.0	0.0	0.0	0.0	1.0	0.0	0.0	0.0
AF100467_AF100468	1.0297341211230765e-06	1.2401658322150686e-06	1.6766709998372196e-05	3.357463070426413e-06	4.914189934328842e-07	2.6850952960990578e-06	0.9999689681343601	1.8546016010573657e-06	3.112780830935344e-06	4.938958964447593e-07
GQ868592	0.0	0.0	0.0	0.0	0.0	0.0	1.0	0.0	0.0	0.0
EU482561_EU482576.1	1.4276812537998665e-08	0.9999997856685868	1.5188252863744247e-08	4.654863148463387e-08	6.813538842607796e-09	2.708132562603743e-08	5.814189927624657e-08	2.377259789553748e-08	1.5660473450707536e-08	6.847881175958956e-09
AF100466_FJ898450	8.449643876579384e-07	0.9992835979661872	8.989074246608777e-07	2.75495219475764e-06	4.0325511427999917e-07	1.6027916452096597e-06	0.00070715804396068	1.4069759181972587e-06	9.268555233623005e-07	4.052876442002166e-07
EU482545_JN819419	2.9193123816038575e-05	0.984630434874654	3.111155075366644e-05	9.518230745566322e-05	1.3932275330320883e-05	5.537570015405324e-05	0.015050135338808081	4.860990721467542e-05	3.202242352660611e-05	1.4002498287111262e-05
AF208496_GQ868553.1	2.6999065036561826e-08	0.9999034772986741	1.4144792603986975e-06	8.802872034150393e-08	1.2885171500977639e-08	5.1213846157372576e-08	9.484157211066918e-05	4.4957310049959733e-08	2.961572505680806e-08	1.295011673211161e-08
EU529701	0.0	1.0	0.0	0.0	0.0	0.0	0.0	0.0	0.0	0.0
EU482572	0.0	1.0	0.0	0.0	0.0	0.0	0.0	0.0	0.0	0.0
JX649148	0.0	0.0	0.0	0.0	0.0	0.0	0.0	1.0	0.0	0.0
FJ639702	0.0	0.0	0.0	0.0	0.0	0.0	0.0	1.0	0.0	0.0
FM210235_FM210237.1	1.7587912249979394e-07	2.1181384606302395e-07	1.8710735129948407e-07	5.734426026975206e-07	8.393744941238112e-08	3.3362067704487587e-07	7.065855689493843e-07	0.9999974503281153	1.929247468643031e-07	8.436051999801274e-08
FM210243	0.0	0.0	0.0	0.0	0.0	0.0	0.0	1.0	0.0	0.0
FM210217_FM210222	2.8141962125614472e-08	3.3892058888249824e-08	2.993856169017169e-08	9.17550662455011e-08	1.3430613434008688e-08	5.338178194870226e-08	1.1305892307920082e-07	0.9999995920333321	3.086939259625092e-08	1.3498307860402353e-08
FM210213_FM210213.3	5.343976049165304e-10	6.43581201299401e-10	5.685138702186388e-10	1.74236910913474e-09	2.5503863904498185e-10	1.0136853363414854e-09	2.1469156273201164e-09	0.9999999922529849	5.861896296607985e-10	2.5632411230077925e-10
EU482664_FM210218	2.2368223407029937e-08	2.693838072108402e-08	2.379622422466995e-08	7.293015827364852e-08	1.0675125018930771e-08	4.242971948154626e-08	8.986321764462891e-08	0.9999996757339423	2.453607777179222e-08	1.0728930935420578e-08
EU482449_FM210241	1.8421164191147757e-08	2.2184874191790004e-08	1.9597182381269384e-08	6.006102471214273e-08	8.791410350099306e-09	3.494264223630418e-08	7.400610487358738e-08	0.9999997329533926	2.020648252870051e-08	8.835721764746556e-09
FM210204_FM210204.1	6.9228884810833776e-12	8.337327015005517e-12	7.364849846722718e-12	2.2571633925594134e-11	3.3039146094440863e-12	1.3131852658768986e-11	2.7812357896753474e-11	0.9999999998996407	7.593831827295886e-12	3.320567356203489e-12
FM210227	0.0	0.0	0.0	0.0	0.0	0.0	0.0	1.0	0.0	0.0
AF100461_EU726767.1	7.200847537704104e-13	8.674243297429132e-13	7.660356866973943e-13	2.554976212073379e-12	3.4364733994294014e-13	1.3674319853744448e-12	2.892826141883894e-12	0.9999999999893523	7.903058923992313e-13	3.453794283299136e-13
DQ181804_DQ181804.1	7.54219995232951e-10	9.083405556937383e-10	8.023676177990282e-10	2.459237030732487e-09	3.5994671079463763e-10	1.4308335121669252e-09	3.0300321909395392e-09	0.9999999890658958	8.273655938544783e-10	3.6176095302856345e-10
M29095	0.0	0.0	0.0	0.0	0.0	1.0	0.0	0.0	0.0	0.0
M29095.1	0.0	0.0	0.0	0.0	0.0	1.0	0.0	0.0	0.0	0.0
AF204178.1_AF204178.2	6.976921786087685e-09	8.427718079165232e-09	7.420041918420701e-09	0.9999997512048072	3.3285882876303588e-09	1.6417210326102276e-07	2.8020333354227937e-08	1.9400706370676926e-08	7.703414228779424e-09	3.3453653973222726e-09
AF204178	0.0	0.0	0.0	1.0	0.0	0.0	0.0	0.0	0.0	0.0
AY858035_JN851127	1.1578565591864905e-07	9.426579711333904e-08	8.248840670585948e-08	6.833378477608727e-05	3.6992925586320976e-08	8.639714802300517e-06	3.114441344154449e-07	0.9999221715297022	1.76814418203644e-07	3.7179381319546896e-08
AY037116_AY037116.1	7.505974460220544e-07	8.964352059890829e-07	7.917448197089374e-07	9.901406770056473e-06	3.551793725555749e-07	0.9999199609129305	2.989906727694646e-06	6.316521570563963e-05	8.316314359700687e-07	3.569695859370934e-07
JQ955623	0.0	0.0	0.0	0.0	0.0	0.0	0.0	0.0	1.0	0.0
JQ922549_JQ922549.3	0.0	0.0	0.0	0.0	0.0	0.0	0.0	0.0	1.0	0.0
FJ898454_KJ010186.1	5.568322862128553e-07	6.705992497172498e-07	5.923805282751547e-07	1.8155156758117068e-06	2.657453608361525e-07	1.056240682748672e-06	2.2370448274501307e-06	9.272177557916432e-07	0.9999915612335822	3.1719005097377964e-07
FJ898449_FJ898449.1	2.265582900932626e-09	2.728507891123983e-09	0.9999998195399843	7.386860031357249e-09	1.081223549860465e-09	4.95071992106833e-09	1.5280772928873037e-07	3.897392798324756e-09	4.255326013044464e-09	1.086673249411333e-09
AF100469_JX966379	5.735046696084457e-06	6.90712651853143e-06	0.9986665452389522	1.8699368408027966e-05	2.7368968425455055e-06	1.6447356014632478e-05	0.0012481814607075436	1.0614643219047465e-05	2.1382170995985962e-05	2.750691645192709e-06
AF100467	0.0	0.0	0.0	0.0	0.0	0.0	1.0	0.0	0.0	0.0
AF100468	0.0	0.0	0.0	0.0	0.0	0.0	1.0	0.0	0.0	0.0
EU482561_EU482575.1	7.606433579608789e-10	0.9999999886209322	8.09203288572965e-10	2.480028873168746e-09	3.6301331635710033e-10	1.4428451980767163e-09	3.0575697039458593e-09	1.266558642556978e-09	8.343623626967078e-10	3.648430152271334e-10
EU482576_EU482576.1	5.44735141839674e-10	0.9999999918520915	5.795113617419367e-10	1.7760739849659401e-09	2.5997217790497487e-10	1.0332943492159064e-09	2.1884634616885277e-09	9.070465368859935e-10	5.975290457957727e-10	2.6128251771544296e-10
EU482554_FJ898450	1.2862500076067228e-07	0.9999857738623815	1.3683649838137222e-07	4.193735638671459e-07	6.138565149977185e-08	2.4398551951254107e-07	1.2818969804376994e-05	2.1417562098175375e-07	1.4109090501698132e-07	6.169505408123223e-08
AF100466_JX669488	1.0942579995818643e-05	0.8240380848850664	1.164116090061439e-05	3.567758010565631e-05	5.2222926976829864e-06	2.0756703960187142e-05	0.17584220243208398	1.8220652359388722e-05	1.2003098169680167e-05	5.248614660590079e-06
EU920834_JN819419	1.2516745832373929e-05	0.006327221640189781	1.3316173240023966e-05	4.081004683162763e-05	5.9735556317073025e-06	2.37426994254219e-05	0.9935358438292696	2.084181850690098e-05	1.3729826881424477e-05	6.003664191082194e-06
EU482545	0.0	1.0	0.0	0.0	0.0	0.0	0.0	0.0	0.0	0.0
EU482444_GQ868553.1	0.00022443983057522106	0.17240421750418783	0.06715473410134909	0.0007317716696747858	0.00010711280966052518	0.0004257342529598617	0.7582244272747172	0.00037371807906345195	0.00024619178661557296	0.00010765269119646622
AF208496_EU920849.1	9.180785585840297e-09	0.9999996227195683	1.1701087072109355e-08	2.993336245222203e-08	4.381484946152474e-09	1.7414800586830335e-08	2.7490772239924354e-07	1.5287062835338185e-08	1.0070556551726963e-08	4.403568979144684e-09
EU677142_EU677142.1	1.6567425915484383e-11	0.9999999997398842	1.780254309189131e-11	5.401702938973039e-11	7.90672285797652e-12	3.142633229377869e-11	7.868914519585138e-11	2.7586665843443406e-11	1.8173085300101192e-11	7.946575175307692e-12
FM210237_FM210237.1	0.0	0.0	0.0	0.0	0.0	0.0	0.0	1.0	0.0	0.0
FM210235_FM210235.1	2.467205935673364e-10	2.9712845338678737e-10	2.624713850187621e-10	8.044166681149036e-10	1.1774619464913706e-10	4.67998070255382e-10	9.911876345334305e-10	0.9999999964233593	2.7063192650646275e-10	1.1833967171896523e-10
FM210217	0.0	0.0	0.0	0.0	0.0	0.0	0.0	1.0	0.0	0.0
FM210222	0.0	0.0	0.0	0.0	0.0	0.0	0.0	1.0	0.0	0.0
FM210213.1_FM210213.3	1.349200742367866e-12	1.624857986637986e-12	1.4353345312583852e-12	4.3989824686646484e-12	6.438994448563664e-13	2.559264853631999e-12	5.4203464453883085e-12	0.9999999999804408	1.479960755706373e-12	6.471448962863344e-13
FM210213	0.0	0.0	0.0	0.0	0.0	0.0	0.0	1.0	0.0	0.0
EU482664_FM210202	3.3395302636201714e-08	4.021834784337044e-08	3.552727889182503e-08	1.0888324192643511e-07	1.5937744586714237e-08	6.33467071543108e-08	1.3416395666779406e-07	0.9999995158774813	3.663186343097408e-08	1.601807572595128e-08
FM210218	0.0	0.0	0.0	0.0	0.0	0.0	0.0	1.0	0.0	0.0
FM210221_FM210241	2.0467576565918556e-08	2.464933884035332e-08	2.1774238994230392e-08	6.673322039728762e-08	9.768050649651589e-09	3.8824429686348585e-08	8.22274643039393e-08	0.9999997032871704	2.2451225489823946e-08	9.817284632072528e-09
EU482449	0.0	0.0	0.0	0.0	0.0	0.0	0.0	1.0	0.0	0.0
FM210204.1	0.0	0.0	0.0	0.0	0.0	0.0	0.0	1.0	0.0	0.0
FM210204	0.0	0.0	0.0	0.0	0.0	0.0	0.0	1.0	0.0	0.0
AF100462_EU726767.1	7.967969601177139e-07	9.595917517642523e-07	8.476649584783496e-07	2.5979053800764703e-06	3.8026744588236407e-07	1.5114240539105786e-06	3.2010919019275946e-06	0.9999884490535863	8.74019850582549e-07	3.8218411087698046e-07
DQ181802	0.0	0.0	0.0	0.0	0.0	0.0	0.0	1.0	0.0	0.0
AF100461_GQ868542	6.237408174743441e-10	7.511782473313712e-10	6.63560807311594e-10	2.0336672768724913e-09	2.976772495537904e-10	1.1831582249550377e-09	2.5058475114143745e-09	0.9999999909578005	6.841916874191098e-10	2.9917763453307676e-10
EU687246_FJ687434.2	2.436428361977149e-08	2.9342187245796986e-08	2.5919714176273398e-08	8.1454157039007e-07	1.1627735002164538e-08	4.621599500592879e-08	9.788228983637746e-08	0.9999989116942941	2.6725588321388125e-08	1.1686342366235933e-08
DQ181804_DQ181804.2	1.294135692355282e-12	1.5585437744569433e-12	1.3767539811134042e-12	4.2194541172277965e-12	6.176198640109919e-13	2.4548221586182723e-12	5.199124909913952e-12	0.9999999999812393	1.4195614924754267e-12	6.207328582631895e-13
DQ181804.1	0.0	0.0	0.0	0.0	0.0	0.0	0.0	1.0	0.0	0.0
AF204178.1	0.0	0.0	0.0	1.0	0.0	0.0	0.0	0.0	0.0	0.0
AF204178.2	0.0	0.0	0.0	1.0	0.0	0.0	0.0	0.0	0.0	0.0
AY858035_JN851129.1	4.920062387611061e-09	4.1145645426663955e-09	3.6032889812277803e-09	3.918154758065349e-06	1.6159812982546252e-09	3.4682109065881356e-07	1.3604841297905293e-08	0.9999956981480478	7.393238450427825e-09	1.6241263414783327e-09
AY858036_JN851127	8.889196779029279e-07	1.0692949191331686e-06	9.445508542915821e-07	7.757510222687605e-05	4.23730698271688e-07	9.082889155521001e-05	3.5669666565962456e-06	0.9998233002376613	9.764393191128607e-07	4.258664314387363e-07
AY037116_AY037116.2	2.527046639699989e-10	3.0288253801600687e-10	2.675291634396595e-10	2.2641966104614097e-09	1.2001476237350144e-10	0.999999982999047	1.0102856509606575e-09	1.2383922494666987e-08	2.787974563684436e-10	1.2061967372304468e-10
AY037116.1	0.0	0.0	0.0	0.0	0.0	1.0	0.0	0.0	0.0	0.0
JQ922549	0.0	0.0	0.0	0.0	0.0	0.0	0.0	0.0	1.0	0.0
JQ922549.3	0.0	0.0	0.0	0.0	0.0	0.0	0.0	0.0	1.0	0.0
JQ922549.2	0.0	0.0	0.0	0.0	0.0	0.0	0.0	0.0	1.0	0.0
JQ922549.1	0.0	0.0	0.0	0.0	0.0	0.0	0.0	0.0	1.0	0.0
KF041233_KJ010186.1	7.65367530303181e-08	9.217409257094218e-08	8.142290531141866e-08	2.495431732045185e-07	3.6526790366007436e-08	1.451806358346201e-07	3.074825734107457e-07	1.2744249757524383e-07	0.9999886409903576	1.0242700221200438e-05
FJ898454_FJ898454.1	1.7992059649417426e-10	2.1668044535180714e-10	1.9140683562766496e-10	5.866195626479927e-10	8.586622318213123e-11	3.412868404878432e-10	7.228219892446939e-10	2.995884684622675e-10	0.999999997289467	8.634211214712493e-11
FJ898449_FJ898449.2	1.8079784415927168e-12	2.1773711782849195e-12	0.999999999965711	5.894801183688837e-12	8.628481472354295e-13	3.4607363676432786e-12	1.4133714250815021e-11	3.016464588971423e-12	2.067829483818583e-12	8.671971675298757e-13
FJ898449.1	0.0	0.0	1.0	0.0	0.0	0.0	0.0	0.0	0.0	0.0
AF100469	0.0	0.0	1.0	0.0	0.0	0.0	0.0	0.0	0.0	0.0
JX966379	0.0	0.0	1.0	0.0	0.0	0.0	0.0	0.0	0.0	0.0
EU482561_EU482744.1	2.850352250635587e-10	0.9999999957365704	3.0323204569315523e-10	9.293390661827438e-10	1.360316648365241e-10	5.406761282022376e-10	1.145121874872762e-09	4.746163664468951e-10	3.126598836180972e-10	1.367173063053766e-10
EU482575_EU482575.1	3.252274731623776e-10	0.9999999951354008	3.4599019114440234e-10	1.060383312757571e-09	1.5521321834869862e-10	6.169157897415237e-10	1.3065851221380879e-09	5.415410721659871e-10	3.567474296743249e-10	1.5599554075239644e-10
EU482576	0.0	1.0	0.0	0.0	0.0	0.0	0.0	0.0	0.0	0.0
EU482576.1	0.0	1.0	0.0	0.0	0.0	0.0	0.0	0.0	0.0	0.0
EU482554_GQ398270	3.1209184679217207e-09	0.9999999518816037	3.320159784668288e-09	1.017555445636626e-08	1.4894430501198133e-09	5.9199915143830885e-09	1.3975303812166459e-08	5.196687492619302e-09	3.4233874243193314e-09	1.4969503016254357e-09
FJ898450	0.0	1.0	0.0	0.0	0.0	0.0	0.0	0.0	0.0	0.0
AF100466_AF100466.1	0.0	0.0	0.0	0.0	0.0	0.0	1.0	0.0	0.0	0.0
FJ850072_JX669488	5.590756687161068e-05	0.026634813422188746	5.947673965006606e-05	0.0001822830352894036	2.668161241056979e-05	0.00010604965328963352	0.9727535534176135	9.309251588897414e-05	6.132594084647043e-05	2.6816095951196308e-05
EU569708	0.0	1.0	0.0	0.0	0.0	0.0	0.0	0.0	0.0	0.0
EU920840_JN819419	1.3904612601057498e-08	2.8487753473704907e-06	1.4792448847440079e-08	4.533509739862502e-08	6.635908248207304e-09	2.6375308888967817e-08	0.9999969991069443	2.315277595626741e-08	1.5252201045067256e-08	6.6693552686781576e-09
EU920834_EU920835	1.0878184614647642e-06	0.00015926937325998458	1.1572742267602847e-06	3.5467623095642307e-06	5.191560317500224e-07	2.063455398539337e-06	0.9998288297987955	1.8113425981182183e-06	1.1932461803018814e-06	5.217727379750065e-07
EU482605_GQ868553.1	1.7044993141860722e-06	0.0009934409747230563	0.0003872091746665682	5.5574106695084984e-06	8.134639477270529e-07	3.2332217518420546e-06	0.9986025158101964	2.8381869999436567e-06	1.8696936741082006e-06	8.175640564528293e-07
EU482444_GU131959	1.477352920073861e-07	7.760191245149762e-06	0.9999568281537269	4.816814423048031e-07	7.050594438773789e-08	2.8023534867833494e-07	3.3952586165039124e-05	2.45996218136304e-07	1.62053301288939e-07	7.086131605308462e-08
AF208496_FJ898460	3.1537624909844523e-08	0.9999961785467556	3.359804437215309e-08	1.0282640286578307e-07	1.5051176992316412e-08	5.982292513192175e-08	3.476382119336387e-06	5.25137653642168e-08	3.459414579965437e-08	1.5127039557943113e-08
EU482726_EU920849.1	3.069701366195532e-08	0.9999995341816535	3.266435969199832e-08	1.0008564381760664e-07	1.4649999392232104e-08	5.8228390860810873e-08	1.2998298274947095e-07	5.1114051129961546e-08	3.367206532737946e-08	1.4723839899249708e-08
EU677142.1	0.0	1.0	0.0	0.0	0.0	0.0	0.0	0.0	0.0	0.0
EU677142	0.0	1.0	0.0	0.0	0.0	0.0	0.0	0.0	0.0	0.0
FM210237	0.0	0.0	0.0	0.0	0.0	0.0	0.0	1.0	0.0	0.0
FM210237.1	0.0	0.0	0.0	0.0	0.0	0.0	0.0	1.0	0.0	0.0
FM210235_FM210235.2	6.66930975353069e-13	8.031926513891321e-13	7.095082509444106e-13	2.1744856612183356e-12	3.182895408386753e-13	1.2650845433279994e-12	2.6793618088520392e-12	0.9999999999903321	7.315676898829849e-13	3.1989381811164163e-13
FM210235.1	0.0	0.0	0.0	0.0	0.0	0.0	0.0	1.0	0.0	0.0
FM210213.2_FM210213.3	8.833571325290492e-14	1.0638371638690073e-13	9.397511844883477e-14	2.8801292628544693e-13	4.215778641266782e-14	1.6756178613664713e-13	3.548843061641627e-13	0.9999999999987192	9.689691447342121e-14	4.237027463468796e-14
FM210213.1	0.0	0.0	0.0	0.0	0.0	0.0	0.0	1.0	0.0	0.0
EU482664_EU482664.1	2.503100543863991e-11	3.014512800617844e-11	2.6628999918243285e-11	8.161198748246057e-11	1.1945924724186045e-11	4.748068279119672e-11	1.0056081137026203e-10	0.9999999996371323	2.7456926579951056e-11	1.2006135862412835e-11
FM210202	0.0	0.0	0.0	0.0	0.0	0.0	0.0	1.0	0.0	0.0
FM210221	0.0	0.0	0.0	0.0	0.0	0.0	0.0	1.0	0.0	0.0
FM210241	0.0	0.0	0.0	0.0	0.0	0.0	0.0	1.0	0.0	0.0
AF100462_AF100462.1	6.500261470402064e-10	7.828339719497845e-10	6.91524208199383e-10	2.119368552987526e-09	3.1022179433943866e-10	1.2330182009371915e-09	2.611447507312005e-09	0.9999999905767496	7.130245022748695e-10	3.117854076863499e-10
EU726767_EU726767.1	0.0	0.0	0.0	0.0	0.0	0.0	0.0	1.0	0.0	0.0
GQ868542	0.0	0.0	0.0	0.0	0.0	0.0	0.0	1.0	0.0	0.0
AF169679_AF169680	3.874103491886271e-08	4.6656274337686704e-08	4.121428594692241e-08	1.263126590982496e-07	1.8488969131195763e-08	7.348689186673229e-08	1.5564016852278112e-07	0.999999438381871	4.2495686160335864e-08	1.858215922754514e-08
AF100461_FJ906957	1.7205628553922993e-07	2.0720936537845095e-07	1.830404625490913e-07	5.60978481519972e-07	8.21130194075982e-08	3.263692277941383e-07	6.912275145156478e-07	0.9999975057473449	1.8873140398809589e-07	8.252689430434523e-08
EU687246_FJ639831.1	1.8118817309797348e-07	2.1820700269224268e-07	1.9275533531555448e-07	1.2328865099918172e-05	8.647116800985273e-08	3.43691274952452e-07	7.279144156667743e-07	0.9999856352521976	1.9874832348015307e-07	8.690700931723454e-08
FJ639828_FJ687434.2	3.405045836288259e-07	4.100735899363207e-07	3.622426015543352e-07	1.1114189761240915e-06	1.6250414447959816e-07	6.458945552090982e-07	1.3679601200577736e-06	0.999995062573067	3.7350514647716106e-07	1.6332321539554633e-07
DQ181804	0.0	0.0	0.0	0.0	0.0	0.0	0.0	1.0	0.0	0.0
DQ181804.2	0.0	0.0	0.0	0.0	0.0	0.0	0.0	1.0	0.0	0.0
AY858035_JX470186.1	2.0896969955273714e-07	2.5162061177704507e-07	2.2227081872884008e-07	1.4757426299786905e-05	9.971197452338414e-08	4.0459077867579154e-07	8.393755804437703e-07	0.9999828865488268	2.2927085613773883e-07	1.0021455357184712e-07
JN851129_JN851129.1	2.693137678513309e-13	3.243366464229107e-13	2.8650599840702485e-13	8.802881226106386e-13	1.285282621708247e-13	5.110454472687159e-13	1.0819510951659863e-12	0.9999999999960935	2.9541588502295e-13	1.291760841802794e-13
GU370051	0.0	0.0	0.0	0.0	0.0	0.0	0.0	1.0	0.0	0.0
HM488257_JN851127	3.0259537622678124e-06	3.643028572960252e-06	3.218085550519434e-06	0.00021954039142598852	1.4436516481279477e-06	0.00031715070759555494	1.2152662601774609e-05	0.9994350540901554	3.3205005903465526e-06	1.4509280968703982e-06
AY858036_AY858036.1	6.33946990946597e-11	7.634657436486198e-11	6.744150224792418e-11	2.302504992457671e-10	3.0254651277822796e-11	1.483710912389425e-10	2.5468369794419937e-10	0.9999999990293111	6.953913251649584e-11	3.0407144034319414e-11
AY037116.2	0.0	0.0	0.0	0.0	0.0	1.0	0.0	0.0	0.0	0.0
AY037116	0.0	0.0	0.0	0.0	0.0	1.0	0.0	0.0	0.0	0.0
KF041233_KJ830750.1	2.5522615088806392e-06	3.073717916491173e-06	2.715199422334927e-06	8.321484920826618e-06	1.2180543020746808e-06	4.841320473286597e-06	1.0253582852542182e-05	4.249808375052364e-06	0.9995643531638682	0.0003984214063603802
KJ010185_KJ010186.1	3.137298697355062e-08	3.77828493720049e-08	3.3375857373951326e-08	1.0228961143170039e-07	1.4972604341822588e-08	5.9510627576685375e-08	1.260394047094026e-07	5.2239624727577574e-08	0.999999284848551	2.5756788235850314e-07
FJ898454	0.0	0.0	0.0	0.0	0.0	0.0	0.0	0.0	1.0	0.0
FJ898454.1	0.0	0.0	0.0	0.0	0.0	0.0	0.0	0.0	1.0	0.0
FJ898449	0.0	0.0	1.0	0.0	0.0	0.0	0.0	0.0	0.0	0.0
FJ898449.2	0.0	0.0	1.0	0.0	0.0	0.0	0.0	0.0	0.0	0.0
EU482590_EU482744.1	2.4270764399353383e-08	0.9999996369693555	2.5820224632623214e-08	7.913327034366293e-08	1.1583103412440878e-08	4.603860074140126e-08	9.75065811748363e-08	4.0413608503782e-08	2.66230055275108e-08	1.1641485819559988e-08
EU482561_GQ398285.1	3.2675757037221315e-09	0.999999951125144	3.47617970682683e-09	1.0653720965538146e-08	1.5594344974648215e-09	6.1981819254104065e-09	1.3127321858302958e-08	5.4408885964155946e-09	3.5842581877673363e-09	1.5672945274123044e-09
EU482575	0.0	1.0	0.0	0.0	0.0	0.0	0.0	0.0	0.0	0.0
EU482575.1	0.0	1.0	0.0	0.0	0.0	0.0	0.0	0.0	0.0	0.0
EU482554_EU482728.2	2.8621436384735705e-10	0.999999995702416	3.0448646140784827e-10	9.331835725447356e-10	1.3659440304475914e-10	5.429128068163004e-10	1.166376310615516e-09	4.765797675713032e-10	3.13953300579827e-10	1.3728288088742314e-10
GQ398270	0.0	1.0	0.0	0.0	0.0	0.0	0.0	0.0	0.0	0.0
AF100466.1	0.0	0.0	0.0	0.0	0.0	0.0	1.0	0.0	0.0	0.0
AF100466	0.0	0.0	0.0	0.0	0.0	0.0	1.0	0.0	0.0	0.0
FJ850072_KC294201.2	2.3770530198086008e-05	0.006443939874004459	2.5288055178331995e-05	7.750228882068463e-05	1.134436909042346e-05	4.508971910379497e-05	0.9932960086639493	3.95806611475206e-05	2.6074290304287152e-05	1.1401548203063962e-05
JX669488	0.0	0.0	0.0	0.0	0.0	0.0	1.0	0.0	0.0	0.0
JN819419	0.0	0.0	0.0	0.0	0.0	0.0	1.0	0.0	0.0	0.0
FJ850085	0.0	0.0	0.0	0.0	0.0	0.0	1.0	0.0	0.0	0.0
EU920840_FJ850088.1	5.066280472591773e-07	7.04906407669314e-07	5.38971492533594e-07	1.6518282476719448e-06	2.417857536947776e-07	9.610099627839674e-07	0.9999937525430718	8.435938490474773e-07	5.557287393442142e-07	2.4300442832843826e-07
EU920834_EU920834.2	2.423926855264586e-10	1.0791430744057022e-09	2.5786722447198534e-10	7.903058015594616e-10	1.1568072173890941e-10	4.5978857064287863e-10	0.9999999962690619	4.036116430435902e-10	2.658845720891744e-10	1.1626378818940316e-10
EU920835	0.0	0.0	0.0	0.0	0.0	0.0	1.0	0.0	0.0	0.0
FJ898466_GQ868553.1	7.329251162912661e-07	4.124318639104776e-05	1.6469609134731656e-05	2.389655324192562e-06	3.4978492131064246e-07	1.390267164522366e-06	0.9999350486617979	1.2204044432122528e-06	8.039577617421406e-07	3.5154794499720914e-07
EU482605_GU131947.1	4.5923592671487756e-07	5.179379561375261e-06	2.287004880112016e-06	1.4973092788630605e-06	2.1916809632861262e-07	8.711130448242913e-07	0.9999879980923788	7.646805287147212e-07	5.037435333387184e-07	2.2027277100618087e-07
EU482607	0.0	0.0	0.0	0.0	0.0	0.0	1.0	0.0	0.0	0.0
FJ898439_GU131959	8.800692067592863e-08	4.812186665451604e-07	0.9999966451695967	2.869409191804071e-07	4.200087176598858e-08	1.6693810779141338e-07	2.004434467595742e-06	1.4654162428939405e-07	9.653625642202198e-08	4.221256908988243e-08
EU482444_GQ868604.1	1.9814963002192917e-09	9.318899658700708e-08	0.9999994797841008	6.460541572988125e-09	9.456594023639596e-10	3.758650347196802e-09	4.074571740335242e-07	3.2994187744890263e-09	2.1735362795120006e-09	9.50425816878185e-10
AF208496_EU920833	1.6243743405632474e-06	0.9997211273375396	1.7281064482554894e-06	5.296168333063529e-06	7.752246965802533e-07	3.0812347105870757e-06	0.00026110184888549225	2.7047697214374448e-06	1.781803256625687e-06	7.791320677080915e-07
FJ898460	0.0	1.0	0.0	0.0	0.0	0.0	0.0	0.0	0.0	0.0
EU920842_EU920849.1	4.600596716728855e-09	0.9999996987863945	4.894329526093454e-09	1.4999950464550345e-08	2.1956122457447616e-09	8.726755858555671e-09	2.508826891682225e-07	7.660521586165847e-09	5.046471128967983e-09	2.2066788073943016e-09
EU482726_EU482726.1	0.0	1.0	0.0	0.0	0.0	0.0	0.0	0.0	0.0	0.0
FM210235.2	0.0	0.0	0.0	0.0	0.0	0.0	0.0	1.0	0.0	0.0
FM210235	0.0	0.0	0.0	0.0	0.0	0.0	0.0	1.0	0.0	0.0
FM210213.2	0.0	0.0	0.0	0.0	0.0	0.0	0.0	1.0	0.0	0.0
FM210213.3	0.0	0.0	0.0	0.0	0.0	0.0	0.0	1.0	0.0	0.0
EU482664	0.0	0.0	0.0	0.0	0.0	0.0	0.0	1.0	0.0	0.0
EU482664.1	0.0	0.0	0.0	0.0	0.0	0.0	0.0	1.0	0.0	0.0
AF100462	0.0	0.0	0.0	0.0	0.0	0.0	0.0	1.0	0.0	0.0
AF100462.1	0.0	0.0	0.0	0.0	0.0	0.0	0.0	1.0	0.0	0.0
EU726767	0.0	0.0	0.0	0.0	0.0	0.0	0.0	1.0	0.0	0.0
EU726767.1	0.0	0.0	0.0	0.0	0.0	0.0	0.0	1.0	0.0	0.0
AF169679_AF169679.1	0.0	0.0	0.0	0.0	0.0	0.0	0.0	1.0	0.0	0.0
AF169680	0.0	0.0	0.0	0.0	0.0	0.0	0.0	1.0	0.0	0.0
EU482464_FJ906957	1.3269937316374724e-07	1.598113827297982e-07	1.411709811573767e-07	4.326577934761298e-07	6.333012577727944e-08	2.517140935158494e-07	5.331130891399364e-07	0.9999980762936803	1.455601515924972e-07	6.364932910771527e-08
AF100461_AF100461.1	1.5299174740983365e-10	1.8424972263918036e-10	1.6275883281058495e-10	4.988197779405107e-10	7.301456197833428e-11	2.90206186333311e-10	6.146366868962387e-10	0.9999999977821206	1.6781919472894923e-10	7.338257784862896e-11
FJ196851_FJ639831.1	4.570370653033211e-05	5.5041499913315093e-05	4.8621458712198665e-05	0.004596496878833277	2.1811870049168672e-05	8.669420800806335e-05	0.0001836123531907297	0.9948899630596088	5.0133156564990996e-05	2.1921808589117482e-05
EU687246	0.0	0.0	0.0	0.0	0.0	0.0	0.0	1.0	0.0	0.0
FJ687434_FJ687434.2	0.0	0.0	0.0	0.0	0.0	0.0	0.0	1.0	0.0	0.0
FJ639828	0.0	0.0	0.0	0.0	0.0	0.0	0.0	1.0	0.0	0.0
AY858035_JN851130	6.980763435428149e-07	8.406979336941452e-07	7.426388571447318e-07	3.3774289756061154e-06	3.331521231696417e-07	1.3248051341504595e-06	2.804475050985314e-06	0.9999887781589106	7.65735358756687e-07	3.3483131243308163e-07
EU179859_JX470186.1	3.6986327193281497e-06	4.454262930956885e-06	3.934716904899599e-06	0.0002448456263086307	1.7651369484594824e-06	7.023863435322542e-06	1.4858925386124756e-05	0.9997135876623371	4.05713924694061e-06	1.77403378208658e-06
JN851129	0.0	0.0	0.0	0.0	0.0	0.0	0.0	1.0	0.0	0.0
JN851129.1	0.0	0.0	0.0	0.0	0.0	0.0	0.0	1.0	0.0	0.0
JN851126_JN851127	3.3153947102174726e-07	3.9927175301770003e-07	3.527006036051112e-07	1.9916504756845284e-06	1.5822354720412345e-07	1.981451796025367e-06	1.3319260502918632e-06	0.9999929305385293	3.636767313388836e-07	1.5902104259199842e-07
HM488257_KC131142.1	0.0007031902625612796	0.0008468591343107493	0.0007480814576542342	0.05295399204263927	0.0003355937061544967	0.08466532043578234	0.0028250282979947875	0.8558133072596161	0.0007713422015388676	0.0003372852017478348
AY858036_AY858036.2	3.9017055900988686e-14	4.698868308204145e-14	4.150792241882124e-14	1.2760377250692246e-13	1.8620696163938784e-14	7.447740755694792e-14	1.567490468777502e-13	0.9999999999994336	4.2798465339280344e-14	1.8714550205086052e-14
AY858036.1	0.0	0.0	0.0	0.0	0.0	0.0	0.0	1.0	0.0	0.0
KJ830750_KJ830750.1	0.0	0.0	0.0	0.0	0.0	0.0	0.0	0.0	0.0	1.0
KF041233	0.0	0.0	0.0	0.0	0.0	0.0	0.0	0.0	1.0	0.0
KJ010185_KJ010185.1	0.0	0.0	0.0	0.0	0.0	0.0	0.0	0.0	1.0	0.0
KJ010186_KJ010186.1	0.0	0.0	0.0	0.0	0.0	0.0	0.0	0.0	1.0	0.0
EU482590_EU482590.2	1.5180176071664944e-13	0.9999999999977295	1.614928766494075e-13	4.949399026655577e-13	7.244664665849589e-14	2.8794893059329214e-13	6.098559749245234e-13	2.5276735527741814e-13	1.6651387851438657e-13	7.281180006074282e-14
EU482744_EU482744.1	2.3842135940817228e-11	0.9999999996433807	2.5364232274853325e-11	7.773575475131375e-11	1.1378542580361289e-11	4.522554623086947e-11	9.578458767429432e-11	3.969989292267852e-11	2.6152835835568133e-11	1.1435893937911569e-11
EU482561_GQ398286.2	1.0051227414539143e-08	0.9999998496584818	1.0692903833053379e-08	3.277138219435529e-08	4.796899044830636e-09	1.9065919733097597e-08	4.0380303003958564e-08	1.673644731701919e-08	1.1025358683085921e-08	4.821076892767638e-09
GQ398285_GQ398285.1	0.0	1.0	0.0	0.0	0.0	0.0	0.0	0.0	0.0	0.0
EU482565_EU482728.2	1.0604267768350982e-09	0.9999999841386238	1.128125061650729e-09	3.457453479017191e-09	5.060834844463963e-10	2.0114968029397033e-09	4.2602242068210125e-09	1.7657322983645903e-09	1.1631997854156341e-09	5.086343010085167e-10
EU482554_EU569714	2.1551226589168005e-08	0.999999677646714	2.2927069888895012e-08	7.02663917731245e-08	1.0285217314949052e-08	4.087997807158517e-08	8.658117920000088e-08	3.588526590345063e-08	2.3639899228857542e-08	1.0337057976575619e-08
KC294201_KC294201.2	0.0	0.0	0.0	0.0	0.0	0.0	1.0	0.0	0.0	0.0
FJ850072_FJ850072.1	0.0	0.0	0.0	0.0	0.0	0.0	1.0	0.0	0.0	0.0
FJ850088_FJ850088.1	0.0	0.0	0.0	0.0	0.0	0.0	1.0	0.0	0.0	0.0
EU920840	0.0	0.0	0.0	0.0	0.0	0.0	1.0	0.0	0.0	0.0
EU920834.1_EU920834.2	6.415163032510116e-13	8.160502456044707e-13	6.824710932673117e-13	2.091622753191162e-12	3.061605130789049e-13	1.2168760929202491e-12	0.9999999999921657	1.0681982776393118e-12	7.036899129511962e-13	3.0770365631797586e-13
EU920834	0.0	0.0	0.0	0.0	0.0	0.0	1.0	0.0	0.0	0.0
GQ868553_GQ868553.1	6.5365671460206676e-09	9.553760010796808e-09	7.607614511988837e-09	2.1312057855884393e-08	3.119544649229839e-09	1.239904932961335e-08	0.9999999182819345	1.0884134560053794e-08	7.170069322748233e-09	3.135268114630482e-09
FJ898466_JN819408	7.763450942710721e-07	1.7194596131572999e-06	1.1308761427555336e-06	2.5312233769846145e-06	3.7050689309655885e-07	1.4726294254516204e-06	0.9999894822955437	1.2927036902284454e-06	8.515858584406719e-07	3.723743619002964e-07
EU482605_FJ639732	1.268708670809398e-11	1.848026193919806e-11	1.47414286362401e-11	4.1365432329434206e-11	6.05484998018323e-12	2.406581473556881e-11	0.9999999998414777	2.1125455582603438e-11	1.3916676623773476e-11	6.0853682881013415e-12
GQ868555_GU131947.1	2.704115331168746e-07	3.6910510432368345e-07	3.0456388400138953e-07	8.816594567063611e-07	1.290525794932477e-07	5.129368158412705e-07	0.9999966556824298	4.502662402582577e-07	2.966189124667625e-07	1.297030442234213e-07
FJ898439	0.0	0.0	1.0	0.0	0.0	0.0	0.0	0.0	0.0	0.0
GU131959	0.0	0.0	1.0	0.0	0.0	0.0	0.0	0.0	0.0	0.0
EU482603_GQ868604.1	1.772687045334729e-08	2.1694729225490914e-08	0.999999730491161	5.779732392644352e-08	8.460062083810379e-09	3.362565338971941e-08	7.273932328692869e-08	2.9517273980779284e-08	1.9444899315882515e-08	8.502703401188195e-09
EU482444_KJ189309.1	1.4504988691808603e-10	2.090808625161503e-10	0.9999999976243138	4.729258512810761e-10	6.922434796408007e-11	2.751414715057377e-10	7.340580720009386e-10	2.415247104281836e-10	1.5910763574005522e-10	6.957325998890523e-11
AF208496_AY702039	4.3516749869842434e-08	0.9999975707731328	4.629510245991838e-08	1.4188357133158712e-07	2.0768155696370933e-08	8.254582508635283e-08	1.9531499982457707e-06	7.24603833510136e-08	4.773424739580882e-08	2.0872833594668584e-08
EU920833	0.0	0.0	0.0	0.0	0.0	0.0	1.0	0.0	0.0	0.0
EU920842_FJ898451.2	3.0288396932726146e-08	0.9999901349267835	3.222203099646518e-08	9.875337518489712e-08	1.4454989059931334e-08	5.7453296094786845e-08	9.533715777499207e-06	5.043365737086961e-08	3.322384683446113e-08	1.452784665483917e-08
EU920849_EU920849.1	0.0	1.0	0.0	0.0	0.0	0.0	0.0	0.0	0.0	0.0
EU482726.1	0.0	1.0	0.0	0.0	0.0	0.0	0.0	0.0	0.0	0.0
EU482726	0.0	1.0	0.0	0.0	0.0	0.0	0.0	0.0	0.0	0.0
AF169679.1	0.0	0.0	0.0	0.0	0.0	0.0	0.0	1.0	0.0	0.0
AF169679	0.0	0.0	0.0	0.0	0.0	0.0	0.0	1.0	0.0	0.0
EU482464_JN368476	2.635122851339036e-08	3.173508785273057e-08	2.803350683011252e-08	8.59164901247741e-08	1.2575994719127719e-08	4.998498063809347e-08	1.0586474148653925e-07	0.9999996179934869	2.890510124960802e-08	1.2639381604099438e-08
FJ906957	0.0	0.0	0.0	0.0	0.0	0.0	0.0	1.0	0.0	0.0
AF100461.1	0.0	0.0	0.0	0.0	0.0	0.0	0.0	1.0	0.0	0.0
AF100461	0.0	0.0	0.0	0.0	0.0	0.0	0.0	1.0	0.0	0.0
FJ639831_FJ639831.1	6.458432585421746e-09	7.777964711783648e-09	6.870742815775745e-09	1.1320243117853579e-07	3.082255312948076e-09	1.2250837852614622e-08	2.59464296215443e-08	0.9999998142287531	7.084362222449014e-09	3.0977908286141363e-09
FJ196851	0.0	0.0	0.0	1.0	0.0	0.0	0.0	0.0	0.0	0.0
FJ687434.2	0.0	0.0	0.0	0.0	0.0	0.0	0.0	1.0	0.0	0.0
FJ687434.1	0.0	0.0	0.0	0.0	0.0	0.0	0.0	1.0	0.0	0.0
FJ687434	0.0	0.0	0.0	0.0	0.0	0.0	0.0	1.0	0.0	0.0
AY858035_AY858035.1	4.849752703901912e-09	5.840612915699155e-09	5.159363754450954e-09	1.5842929275514925e-08	2.314520681359562e-09	9.199391407195304e-09	1.948363839766122e-08	0.9999999296638299	5.319774584767052e-09	2.3261865781311995e-09
JN851130	0.0	0.0	0.0	0.0	0.0	0.0	0.0	1.0	0.0	0.0
JX470186_JX470186.1	2.0351906510277899e-07	2.4510035245663864e-07	2.1651184443668563e-07	0.9999846392762314	9.712847660341748e-08	3.860502828457621e-07	8.176276546115718e-07	1.3073924607440631e-05	2.2324345128568487e-07	9.761803402702031e-08
EU179859	0.0	0.0	0.0	0.0	0.0	0.0	0.0	1.0	0.0	0.0
JN851126	0.0	0.0	0.0	0.0	0.0	0.0	0.0	1.0	0.0	0.0
JN851127	0.0	0.0	0.0	0.0	0.0	0.0	0.0	1.0	0.0	0.0
KC131142_KC131142.1	0.0	0.0	0.0	1.0	0.0	0.0	0.0	0.0	0.0	0.0
HM488257	0.0	0.0	0.0	0.0	0.0	1.0	0.0	0.0	0.0	0.0
AY858036.2	0.0	0.0	0.0	0.0	0.0	0.0	0.0	1.0	0.0	0.0
AY858036	0.0	0.0	0.0	0.0	0.0	0.0	0.0	1.0	0.0	0.0
KJ830750.1	0.0	0.0	0.0	0.0	0.0	0.0	0.0	0.0	0.0	1.0
KJ830750	0.0	0.0	0.0	0.0	0.0	0.0	0.0	0.0	0.0	1.0
KJ010185.1	0.0	0.0	0.0	0.0	0.0	0.0	0.0	0.0	1.0	0.0
KJ010185.2	0.0	0.0	0.0	0.0	0.0	0.0	0.0	0.0	1.0	0.0
KJ010185	0.0	0.0	0.0	0.0	0.0	0.0	0.0	0.0	1.0	0.0
KJ010186	0.0	0.0	0.0	0.0	0.0	0.0	0.0	0.0	1.0	0.0
KJ010186.1	0.0	0.0	0.0	0.0	0.0	0.0	0.0	0.0	1.0	0.0
EU482590_EU482590.1	3.839481728962335e-17	0.9999999999999996	4.084596557548109e-17	1.251838387280564e-16	1.8323738463685498e-17	7.283016037941977e-17	1.5424925652796338e-16	6.393177771351996e-17	4.2115914279017996e-17	1.8416095746603472e-17
EU482590.2	0.0	1.0	0.0	0.0	0.0	0.0	0.0	0.0	0.0	0.0
EU482744	0.0	1.0	0.0	0.0	0.0	0.0	0.0	0.0	0.0	0.0
EU482744.1	0.0	1.0	0.0	0.0	0.0	0.0	0.0	0.0	0.0	0.0
EU482561_GQ398314.1	1.828154877678757e-12	0.9999999999726553	1.9448653873525665e-12	5.960581701715716e-12	8.724779596424823e-13	3.467780870928804e-12	7.344520708948326e-12	3.044087705483963e-12	2.0053335203107163e-12	8.768755171560922e-13
GQ398286_GQ398286.2	2.151848757001594e-11	0.9999999996781365	2.289224079102035e-11	7.015964830140198e-11	1.0269592778440004e-11	4.0817876252021256e-11	8.644944665951625e-11	3.583075167880027e-11	2.360398725371291e-11	1.0321354687592471e-11
GQ398285.1	0.0	1.0	0.0	0.0	0.0	0.0	0.0	0.0	0.0	0.0
GQ398285	0.0	1.0	0.0	0.0	0.0	0.0	0.0	0.0	0.0	0.0
EU482565_EU677143.1	1.9576339740065146e-10	0.9999999970718634	2.0826105072590838e-10	6.382739989150231e-10	9.342712240752158e-11	3.713386502548297e-10	7.864697086571527e-10	3.2596852623763953e-10	2.1473612966308898e-10	9.389802386649538e-11
EU482728_EU482728.2	1.2073044379131252e-10	0.999999998194171	1.2843794811716065e-10	3.9363386706942217e-10	5.7618012867444346e-11	2.2901053331424962e-10	4.85028514609106e-10	2.01030046255926e-10	1.324312337060375e-10	5.790842539031007e-11
EU482554_EU482554.1	0.0	1.0	0.0	0.0	0.0	0.0	0.0	0.0	0.0	0.0
EU569714	0.0	1.0	0.0	0.0	0.0	0.0	0.0	0.0	0.0	0.0
KC294201.2	0.0	0.0	0.0	0.0	0.0	0.0	1.0	0.0	0.0	0.0
KC294201	0.0	0.0	0.0	0.0	0.0	0.0	1.0	0.0	0.0	0.0
KC294201.1	0.0	0.0	0.0	0.0	0.0	0.0	1.0	0.0	0.0	0.0
FJ850072	0.0	0.0	0.0	0.0	0.0	0.0	1.0	0.0	0.0	0.0
FJ850072.1	0.0	0.0	0.0	0.0	0.0	0.0	1.0	0.0	0.0	0.0
FJ850088	0.0	0.0	0.0	0.0	0.0	0.0	1.0	0.0	0.0	0.0
FJ850088.1	0.0	0.0	0.0	0.0	0.0	0.0	1.0	0.0	0.0	0.0
EU920834.1	0.0	0.0	0.0	0.0	0.0	0.0	1.0	0.0	0.0	0.0
EU920834.2	0.0	0.0	0.0	0.0	0.0	0.0	1.0	0.0	0.0	0.0
GQ868553	0.0	0.0	0.0	0.0	0.0	0.0	1.0	0.0	0.0	0.0
GQ868553.1	0.0	0.0	0.0	0.0	0.0	0.0	1.0	0.0	0.0	0.0
FJ898466	0.0	0.0	0.0	0.0	0.0	0.0	1.0	0.0	0.0	0.0
JN819408	0.0	0.0	0.0	0.0	0.0	0.0	1.0	0.0	0.0	0.0
EU482605_HQ332189	6.15228734269848e-08	7.409275929405576e-08	6.545055197837751e-08	2.0059138208874246e-07	2.9361489955967824e-08	1.1670118664429779e-07	0.999999252842166	1.0244264580193818e-07	6.748546409022862e-08	2.95094809044378e-08
FJ639732	0.0	0.0	0.0	0.0	0.0	0.0	1.0	0.0	0.0	0.0
FJ850108_JN819407	5.1092982266335985e-08	6.15318844813937e-08	5.4354795964003813e-08	1.6658539104164588e-07	2.4383875493296972e-08	9.69169892032739e-08	0.9999993795068811	8.507567988492577e-08	5.604474284006946e-08	2.4506777732489824e-08
FJ024473	0.0	0.0	0.0	0.0	0.0	0.0	1.0	0.0	0.0	0.0
GQ868558_GU131947.1	1.7775429177105106e-07	2.1463594848719423e-07	1.8932164318632023e-07	5.795564653019197e-07	8.483236496845262e-08	3.37177632078864e-07	0.9999978404987677	2.9598129829367154e-07	1.9498164188374445e-07	8.525994620399141e-08
GQ868555	0.0	0.0	0.0	0.0	0.0	0.0	1.0	0.0	0.0	0.0
EU482603_EU482634	8.144935051098989e-11	9.809265619176964e-11	0.9999999987702656	2.6556038232869323e-10	3.887130352886929e-11	1.5449921836503063e-10	3.2722865689841153e-10	1.356225172918452e-10	8.934314853816543e-11	3.906722686539372e-11
EU482687_GQ868604.1	5.362064888199613e-09	6.4579543989628844e-09	0.9999999190416162	1.7482668589105795e-08	2.5590192003136523e-09	1.017116562442859e-08	2.1543402016261688e-08	8.928453492354434e-09	5.881738243119076e-09	2.5719174448909967e-09
EU482444_FJ850120	6.65722216632529e-11	8.017564419449522e-11	0.999999998994882	2.1705445809513918e-10	3.177126666607745e-11	1.2627916794018315e-10	2.674591529508829e-10	1.1085039017546044e-10	7.302417823176072e-11	3.1931403631029046e-11
FJ850061_KJ189309.1	5.286968968923055e-13	6.371290605097318e-13	0.9999999999920155	1.7237823161741502e-12	2.52318004071735e-13	1.0028718069502215e-12	2.1258316840480996e-12	8.803410167309657e-13	5.799364279073403e-13	2.5358976448970516e-13
AF208496	0.0	1.0	0.0	0.0	0.0	0.0	0.0	0.0	0.0	0.0
AY702039	0.0	1.0	0.0	0.0	0.0	0.0	0.0	0.0	0.0	0.0
EU920842_FJ898453.1	7.885214584570143e-06	0.9938552140839108	8.388611439871794e-06	2.5709236312936508e-05	3.7631800325496268e-06	1.4957264635182667e-05	0.006058521050973385	1.3129787341907399e-05	8.64942315027426e-06	3.782147618428801e-06
FJ898451_FJ898451.2	1.1304160226568867e-10	0.9999999982774883	1.202582463278568e-10	3.6856489251776003e-10	5.394855091528829e-11	2.1442576378092847e-10	4.858276063034556e-10	1.8822724259670618e-10	1.2399721543332535e-10	5.4220468220251643e-11
EU920849	0.0	1.0	0.0	0.0	0.0	0.0	0.0	0.0	0.0	0.0
EU920849.1	0.0	1.0	0.0	0.0	0.0	0.0	0.0	0.0	0.0	0.0
EU482464_GU131927.1	5.6015868777466105e-11	6.746055562064566e-11	5.959195561489003e-11	1.8263614670580655e-10	2.6733298964592736e-11	1.0625508844283422e-10	2.2504094882168308e-10	0.9999999991879531	6.144473900997242e-11	2.6868043021363517e-11
GQ868623_JN368476	6.763010083791171e-08	8.144770899351205e-08	7.194764725285547e-08	2.2050360528069036e-07	3.227613431986535e-08	1.2828583226081972e-07	2.717005447497803e-07	0.9999990195850269	7.418458350993691e-08	3.2438815973218245e-08
FJ639831.1	0.0	0.0	0.0	0.0	0.0	0.0	0.0	1.0	0.0	0.0
FJ639831	0.0	0.0	0.0	0.0	0.0	0.0	0.0	1.0	0.0	0.0
AY858035	0.0	0.0	0.0	0.0	0.0	0.0	0.0	1.0	0.0	0.0
AY858035.1	0.0	0.0	0.0	0.0	0.0	0.0	0.0	1.0	0.0	0.0
JX470186.1	0.0	0.0	0.0	1.0	0.0	0.0	0.0	0.0	0.0	0.0
JX470186	0.0	0.0	0.0	1.0	0.0	0.0	0.0	0.0	0.0	0.0
KC131142	0.0	0.0	0.0	1.0	0.0	0.0	0.0	0.0	0.0	0.0
KC131142.1	0.0	0.0	0.0	1.0	0.0	0.0	0.0	0.0	0.0	0.0
EU482590	0.0	1.0	0.0	0.0	0.0	0.0	0.0	0.0	0.0	0.0
EU482590.1	0.0	1.0	0.0	0.0	0.0	0.0	0.0	0.0	0.0	0.0
GQ398308_GQ398314.1	1.8088766764879724e-09	0.9999999729436758	1.9243564541740053e-09	5.897726363438425e-09	8.632775325638593e-10	3.4312125373966905e-09	7.267071500674847e-09	3.0119872877648564e-09	1.9841869404825014e-09	8.676287170925921e-10
EU482561_GQ398302	8.830906043533404e-09	0.9999998679114732	9.39467640993199e-09	2.879260264835471e-08	4.214506648604842e-09	1.675112290793335e-08	3.5477722980373435e-08	1.4704472166787491e-08	9.686767855411333e-09	4.235749059572248e-09
GQ398296_GQ398296.1	0.0	1.0	0.0	0.0	0.0	0.0	0.0	0.0	0.0	0.0
GQ398286_GQ398286.1	2.665471668972759e-14	0.9999999999996013	2.8356369874614793e-14	8.690599385481866e-14	1.2720832964562664e-14	5.0560659704076996e-14	1.0708399004323697e-13	4.438316269537409e-14	2.923800248268065e-14	1.2784949878880602e-14
GQ398286.2	0.0	1.0	0.0	0.0	0.0	0.0	0.0	0.0	0.0	0.0
EU482721_EU677143.1	1.3127603866316471e-09	0.9999999803643495	1.3965678012407997e-09	4.280171026444525e-09	6.265084635947994e-10	2.4901420620634483e-09	5.2739491420832505e-09	2.1858967213247115e-09	1.4399887228324244e-09	6.296662591253027e-10
EU482565	0.0	1.0	0.0	0.0	0.0	0.0	0.0	0.0	0.0	0.0
EU482728_EU482728.1	6.642270572798154e-13	0.9999999999900648	7.066317131111058e-13	2.1656697097970123e-12	3.169991091841495e-13	1.2599555493421536e-12	2.668498953346688e-12	1.1060142898191466e-12	7.286017171323154e-13	3.185968822843108e-13
EU482728.2	0.0	1.0	0.0	0.0	0.0	0.0	0.0	0.0	0.0	0.0
EU482554	0.0	1.0	0.0	0.0	0.0	0.0	0.0	0.0	0.0	0.0
EU482554.1	0.0	1.0	0.0	0.0	0.0	0.0	0.0	0.0	0.0	0.0
EU482605_FJ850106.1	1.4315482709622143e-07	1.724030080409642e-07	1.5229391826403343e-07	4.667471303008246e-07	6.831993994757751e-08	2.715467803339087e-07	0.9999982614719711	2.3836921831130804e-07	1.5702891307263853e-07	6.866429347757264e-08
HQ332189	0.0	0.0	0.0	0.0	0.0	0.0	1.0	0.0	0.0	0.0
FJ850108_HQ332188	6.621577512214974e-09	7.97444209433092e-09	7.04430303992317e-09	2.158922870140779e-08	3.160115430048937e-09	1.2560303348798847e-08	0.9999999195849815	1.1025686577187593e-08	7.2633186086729474e-09	3.1760433846748397e-09
JN819407	0.0	0.0	0.0	0.0	0.0	0.0	1.0	0.0	0.0	0.0
GU131947_GU131947.1	0.0	0.0	0.0	0.0	0.0	0.0	1.0	0.0	0.0	0.0
GQ868558	0.0	0.0	0.0	0.0	0.0	0.0	1.0	0.0	0.0	0.0
EU482634	0.0	0.0	1.0	0.0	0.0	0.0	0.0	0.0	0.0	0.0
EU482603	0.0	0.0	1.0	0.0	0.0	0.0	0.0	0.0	0.0	0.0
EU482693	0.0	0.0	1.0	0.0	0.0	0.0	0.0	0.0	0.0	0.0
GQ868604_GQ868604.1	0.0	0.0	1.0	0.0	0.0	0.0	0.0	0.0	0.0	0.0
EU482687_JF357906.1	1.739300799365865e-12	2.0946613779308377e-12	0.99999999997374	5.670878679405535e-12	8.300727860442926e-13	3.299235811186005e-12	6.987560067599823e-12	2.8961354664932403e-12	1.9078680025732935e-12	8.342566084283079e-13
EU482444_FJ850066.2	9.499884006299326e-10	1.1440822254390149e-09	0.9999999856570747	3.097376238071646e-09	4.5337731041585926e-10	1.8020090330047047e-09	3.816531982466818e-09	1.5818397259546122e-09	1.0420580919864078e-09	4.5566247163498793e-10
FJ744744_FJ850120	8.248645191805985e-09	9.93393840031445e-09	0.9999998754619613	2.6894178493592412e-08	3.9366255094861136e-09	1.5646646986246227e-08	3.3138519321249916e-08	1.3734941017228339e-08	9.048076233716668e-09	3.956467313965166e-09
FJ850061_FJ873808.2	7.505737708644555e-09	9.039246350379093e-09	0.9999998866783781	2.447197630259303e-08	3.5820765524881087e-09	1.4237444521820361e-08	3.015392562658955e-08	1.24979147874402e-08	8.233168647568997e-09	3.600131321074097e-09
GU369819_KJ189309.1	5.584569461047955e-09	6.725561292984386e-09	0.9999999156841751	1.8208130475109596e-08	2.665208417704431e-09	1.0593228935824484e-08	2.2435728270139456e-08	9.298949145043117e-09	6.125807213315812e-09	2.6786418886283444e-09
GQ199898	0.0	0.0	1.0	0.0	0.0	0.0	0.0	0.0	0.0	0.0
EU920842_GQ199892.1	4.798612299410398e-06	0.004749383733957739	5.1049586019264875e-06	1.5645567569095e-05	2.2901142125446276e-06	9.102366622256793e-06	0.9951981190716663	7.990240259384705e-06	5.26367771815987e-06	2.3016570931997744e-06
FJ898453_FJ898453.1	8.880917593549464e-10	0.9999998981491621	9.447880727726774e-10	2.8955662098918693e-09	4.2383744158543943e-10	1.6845988555580995e-09	9.213504441310534e-08	1.478774713784978e-09	9.741626357212474e-10	4.259737127716559e-10
FJ898451.1_FJ898451.2	3.5268621467346025e-13	0.9999999999947236	3.752019152702011e-13	1.1499107779638622e-12	1.6831776822051185e-13	6.690015838471143e-13	1.4178286950835867e-12	5.872630284718211e-13	3.868673803688911e-13	1.6916614158986947e-13
FJ898451	0.0	1.0	0.0	0.0	0.0	0.0	0.0	0.0	0.0	0.0
FJ639710_GU131927.1	2.568144971231365e-07	3.092846553213307e-07	2.7320968946533113e-07	8.373271931047393e-07	1.2256346067413278e-07	4.871449412598978e-07	1.031739386803961e-06	0.9999962770308606	2.817040973227988e-07	1.2318121824774805e-07
EU482464_GU131924	4.056749819743618e-09	4.885590509022864e-09	4.315735174246286e-09	1.322677254495248e-08	1.9360639783452024e-09	7.695146398598954e-09	1.629778933170002e-08	0.9999999411904135	4.449916413742621e-09	1.9458223368237248e-09
FJ810411_FJ810411.1	5.50278990051796e-10	6.627073225042129e-10	5.854091325664609e-10	1.7941493464197066e-09	2.6261795230616185e-10	1.0438103350404196e-09	2.2107182971642092e-09	0.9999999920227569	6.036101851910489e-10	2.6394162763412773e-10
GQ868638_JN368476	2.8730673534220913e-08	3.460068088337158e-08	3.0564857055755137e-08	9.367451797272592e-08	1.3711573198939922e-08	5.449848987487102e-08	1.1542404274961538e-07	0.9999995834993269	3.151515410577877e-08	1.378068374904381e-08
GQ868623	0.0	0.0	0.0	0.0	0.0	0.0	0.0	1.0	0.0	0.0
GQ398314_GQ398314.1	1.5908728212392507e-12	0.9999999999762046	1.6924351013611604e-12	5.18693877844512e-12	7.592362605994704e-13	3.0176865236816254e-12	6.391251924853276e-12	2.648985846468288e-12	1.7450548823483954e-12	7.6306304508784e-13
GQ398308	0.0	1.0	0.0	0.0	0.0	0.0	0.0	0.0	0.0	0.0
GQ398302	0.0	1.0	0.0	0.0	0.0	0.0	0.0	0.0	0.0	0.0
EU482561	0.0	1.0	0.0	0.0	0.0	0.0	0.0	0.0	0.0	0.0
GQ398296.1	0.0	1.0	0.0	0.0	0.0	0.0	0.0	0.0	0.0	0.0
GQ398296	0.0	1.0	0.0	0.0	0.0	0.0	0.0	0.0	0.0	0.0
GQ398286.1	0.0	1.0	0.0	0.0	0.0	0.0	0.0	0.0	0.0	0.0
GQ398286	0.0	1.0	0.0	0.0	0.0	0.0	0.0	0.0	0.0	0.0
EU482721_EU677146.1	3.6960752843342387e-10	0.999999994471585	3.932034959028288e-10	1.2050816359683513e-09	1.763933823186504e-10	7.010991970659091e-10	1.4848797440016337e-09	6.154389580969659e-10	4.054286511369537e-10	1.772824592691836e-10
EU677143_EU677143.1	2.383618876833909e-10	0.9999999964346953	2.5357905431298343e-10	7.771636437696255e-10	1.1375704321429989e-10	4.521426518941745e-10	9.576069520638723e-10	3.968999019789072e-10	2.6146312283068783e-10	1.1433041373281483e-10
EU482728.1	0.0	1.0	0.0	0.0	0.0	0.0	0.0	0.0	0.0	0.0
EU482728	0.0	1.0	0.0	0.0	0.0	0.0	0.0	0.0	0.0	0.0
FJ850106_FJ850106.1	1.831303787694874e-09	2.205460233486456e-09	1.9482153257161096e-09	5.970848520819277e-09	8.739807615218552e-10	3.4737539589048267e-09	0.9999999777599327	3.0493310020901623e-09	2.008787612130213e-09	8.783858936195827e-10
EU482605	0.0	0.0	0.0	0.0	0.0	0.0	1.0	0.0	0.0	0.0
HQ332186_HQ332188	1.8103311046565332e-08	2.1802025905938104e-08	1.925903734229748e-08	5.902468433179797e-08	8.639716512823805e-09	3.433971405500623e-08	0.9999997801463336	3.014409077603607e-08	1.9857823269538068e-08	8.683263343831427e-09
FJ850108	0.0	0.0	0.0	0.0	0.0	0.0	1.0	0.0	0.0	0.0
GU131947.1	0.0	0.0	0.0	0.0	0.0	0.0	1.0	0.0	0.0	0.0
GU131947	0.0	0.0	0.0	0.0	0.0	0.0	1.0	0.0	0.0	0.0
GQ868604.1	0.0	0.0	1.0	0.0	0.0	0.0	0.0	0.0	0.0	0.0
GQ868604	0.0	0.0	1.0	0.0	0.0	0.0	0.0	0.0	0.0	0.0
EU482687	0.0	0.0	1.0	0.0	0.0	0.0	0.0	0.0	0.0	0.0
FJ744708_JF357906.1	8.023681847624105e-10	9.663012417594235e-10	0.9999999878858459	2.6160699941386884e-09	3.829262855521384e-10	1.5219919693532036e-09	3.223474018178388e-09	1.3360351228053506e-09	8.80131019631073e-10	3.848563519172286e-10
EU596500_EU596500.1	0.0	0.0	1.0	0.0	0.0	0.0	0.0	0.0	0.0	0.0
EU482444_FJ906956	9.39241440360679e-13	1.1311392791512786e-12	0.9999999999858195	3.062336463536068e-12	4.482483762743588e-13	1.7816233951698678e-12	3.7733554710517605e-12	1.5639448035788351e-12	1.0302695723524778e-12	4.505076860864445e-13
FJ850066_FJ850066.2	1.7872456380638047e-10	2.1524004966399175e-10	0.9999999973016166	5.827199750297247e-10	8.529542254416374e-11	3.390181166268607e-10	7.180169886747857e-10	2.9759691259953964e-10	1.9604594943231317e-10	8.572533773243887e-11
FJ850120	0.0	0.0	1.0	0.0	0.0	0.0	0.0	0.0	0.0	0.0
FJ744744	0.0	0.0	1.0	0.0	0.0	0.0	0.0	0.0	0.0	0.0
FJ873808_FJ873808.2	1.1614563619491637e-11	1.3987552673255426e-11	0.9999999998246436	3.786853960188374e-11	5.542993590203094e-12	2.20313727439761e-11	4.666092795002503e-11	1.9339581536739213e-11	1.2740208192601857e-11	5.570931984337976e-12
FJ850061	0.0	0.0	1.0	0.0	0.0	0.0	0.0	0.0	0.0	0.0
KJ189308_KJ189309.1	5.041936444902029e-08	6.072062103130169e-08	0.9999992387684773	1.643891033611733e-07	2.406239468988897e-08	9.563922055810845e-08	2.0255727282729844e-07	8.3954028901783e-08	5.530584024191711e-08	2.418367656686306e-08
GU369819_GU369819.1	0.0	0.0	1.0	0.0	0.0	0.0	0.0	0.0	0.0	0.0
EU920846_GQ199892.1	9.129143937542748e-09	0.0010905292243968197	9.711953990926287e-09	2.9764988169677427e-08	4.356839222518784e-09	1.7316842845811302e-08	0.9989093709020535	1.5201072491819035e-08	1.0013909966392208e-08	4.378799033476561e-09
EU920842	0.0	0.0	0.0	0.0	0.0	0.0	1.0	0.0	0.0	0.0
FJ898453.1	0.0	1.0	0.0	0.0	0.0	0.0	0.0	0.0	0.0	0.0
FJ898453	0.0	1.0	0.0	0.0	0.0	0.0	0.0	0.0	0.0	0.0
FJ898451.2	0.0	1.0	0.0	0.0	0.0	0.0	0.0	0.0	0.0	0.0
FJ898451.1	0.0	1.0	0.0	0.0	0.0	0.0	0.0	0.0	0.0	0.0
GU131927_GU131927.1	0.0	0.0	0.0	0.0	0.0	0.0	0.0	1.0	0.0	0.0
FJ639710_FJ639710.1	5.393397060379452e-11	6.495330168338295e-11	5.737714780653437e-11	1.7584825126525255e-10	2.573972325997042e-11	1.0230598831459632e-10	2.1667702712273664e-10	0.9999999992181341	5.916107024398786e-11	2.58694593893123e-11
EU482464_FJ639707.2	6.3852558811504765e-09	7.689837164423102e-09	6.792894466582032e-09	2.0818717183460684e-08	3.047332089311234e-09	1.2112030808218092e-08	2.5652445875147873e-08	0.9999999074347014	7.0040934772935616e-09	3.0626915811788634e-09
GQ868631_GU131924	1.8976481185299077e-08	2.285359474777948e-08	2.0187951186004838e-08	6.187159955488307e-08	9.056432684065521e-09	3.5996008464816724e-08	7.623706325437621e-08	0.9999997249031711	2.0815618131185902e-08	9.102079892864507e-09
FJ810411.1	0.0	0.0	0.0	0.0	0.0	0.0	0.0	1.0	0.0	0.0
FJ810411	0.0	0.0	0.0	0.0	0.0	0.0	0.0	1.0	0.0	0.0
JF730047_JN368476	3.497044297609156e-08	4.2115307054137196e-08	3.720297714105291e-08	1.140188859539351e-07	1.668947259781101e-08	6.633455112642073e-08	1.404920041375853e-07	0.9999994930431051	3.8359661085779e-08	1.6773592677647485e-08
GQ868638	0.0	0.0	0.0	0.0	0.0	0.0	0.0	1.0	0.0	0.0
GQ398314_GQ398314.2	1.5785090847565367e-15	0.999999999999976	1.6792820564866965e-15	5.146627608782475e-15	7.533357279303278e-16	2.994234063831834e-15	6.34158123242673e-15	2.628398806124824e-15	1.7314928939699515e-15	7.571327719175343e-16
GQ398314.1	0.0	1.0	0.0	0.0	0.0	0.0	0.0	0.0	0.0	0.0
EU677146_EU677146.1	1.2086624594842755e-10	0.9999999981921397	1.2858241996586757e-10	3.9407664129092626e-10	5.7682823781662514e-11	2.2926813300037267e-10	4.855740928843883e-10	2.0125617243478505e-10	1.3258019735300103e-10	5.7973562971488263e-11
EU596490_EU596490.1	0.0	1.0	0.0	0.0	0.0	0.0	0.0	0.0	0.0	0.0
EU482721	0.0	1.0	0.0	0.0	0.0	0.0	0.0	0.0	0.0	0.0
EU677143	0.0	1.0	0.0	0.0	0.0	0.0	0.0	0.0	0.0	0.0
EU677143.1	0.0	1.0	0.0	0.0	0.0	0.0	0.0	0.0	0.0	0.0
FJ850106.1	0.0	0.0	0.0	0.0	0.0	0.0	1.0	0.0	0.0	0.0
FJ850106	0.0	0.0	0.0	0.0	0.0	0.0	1.0	0.0	0.0	0.0
HQ332186	0.0	0.0	0.0	0.0	0.0	0.0	1.0	0.0	0.0	0.0
HQ332188	0.0	0.0	0.0	0.0	0.0	0.0	1.0	0.0	0.0	0.0
JF357906_JF357906.1	2.9039749245974015e-11	3.4972904321100365e-11	0.9999999995615578	9.468223950355126e-11	1.3859078068279981e-11	5.508476779583523e-11	1.166657389501507e-10	4.835451565364598e-11	3.185418439946995e-11	1.3928932088335504e-11
FJ744708_HQ705625	2.0700029176727417e-11	2.4929283435257405e-11	0.999999999687471	6.7491117214558e-11	9.878987519691178e-12	3.9265363172002117e-11	8.316133103413266e-11	3.4467924511977736e-11	2.2706206616480966e-11	9.92878065808963e-12
EU596500.1	0.0	0.0	1.0	0.0	0.0	0.0	0.0	0.0	0.0	0.0
EU596500	0.0	0.0	1.0	0.0	0.0	0.0	0.0	0.0	0.0	0.0
FJ906956	0.0	0.0	1.0	0.0	0.0	0.0	0.0	0.0	0.0	0.0
EU482762_EU482762.2	1.537230063326197e-11	1.8513038617810858e-11	0.999999999767909	5.012040007476603e-11	7.336355171695687e-12	2.9159329293740424e-11	6.175744830138327e-11	2.5596644974703757e-11	1.6862132481529678e-11	7.373332660297257e-12
EU482444_EU482639	1.884555996159383e-11	2.2695924810912903e-11	0.9999999997154698	6.144473930364736e-11	8.993951171406545e-12	3.5747667298153584e-11	7.571109379167842e-11	3.138002041429294e-11	2.0672008461336933e-11	9.039283454146464e-12
FJ850066_FJ850066.1	1.3896118457763084e-12	1.6735255430122004e-12	0.9999999999790197	4.530740278930097e-12	6.631854459931494e-13	2.6359196562808516e-12	5.582696030471772e-12	2.31386322174934e-12	1.5242883677855133e-12	6.665281048061454e-13
FJ850066.2	0.0	0.0	1.0	0.0	0.0	0.0	0.0	0.0	0.0	0.0
FJ873808.1_FJ873808.2	1.880319779561679e-14	2.2644907566755333e-14	0.999999999999716	6.130662017903118e-14	8.973734035216961e-15	3.566731157412827e-14	7.554090591039172e-14	3.1309482545645786e-14	2.0625540696234566e-14	9.018964417366529e-15
FJ873808	0.0	0.0	1.0	0.0	0.0	0.0	0.0	0.0	0.0	0.0
KJ189309_KJ189309.1	0.0	0.0	1.0	0.0	0.0	0.0	0.0	0.0	0.0	0.0
KJ189308_KJ189308.1	0.0	0.0	1.0	0.0	0.0	0.0	0.0	0.0	0.0	0.0
GU369819	0.0	0.0	1.0	0.0	0.0	0.0	0.0	0.0	0.0	0.0
GU369819.1	0.0	0.0	1.0	0.0	0.0	0.0	0.0	0.0	0.0	0.0
GQ199892_GQ199892.1	5.599221373294779e-09	0.9999984678184118	5.9566790418066894e-09	1.8255902095063633e-08	2.6722009710477242e-09	1.0621021778560319e-08	1.4709256676927243e-06	9.323346260668804e-09	6.141879139783288e-09	2.6856696865931826e-09
HM181971_JX669476.1	1.159990358846698e-13	2.3949868595258827e-09	1.234044842769843e-13	3.7820741511175415e-13	5.535997162212854e-14	2.200356450093541e-13	0.9999999976037441	1.931517090241657e-13	1.272412736051182e-13	5.563900292196775e-14
EU920846	0.0	0.0	0.0	0.0	0.0	0.0	1.0	0.0	0.0	0.0
GU131927.1	0.0	0.0	0.0	0.0	0.0	0.0	0.0	1.0	0.0	0.0
GU131927	0.0	0.0	0.0	0.0	0.0	0.0	0.0	1.0	0.0	0.0
FJ639710_FJ639710.2	9.67539976086118e-14	1.1652195314734217e-13	1.0293083115359986e-13	3.1546020239050953e-13	4.617537138210058e-14	1.8353021737362516e-13	3.8870434216833705e-13	0.9999999999985973	1.0613107073016056e-13	4.6408109469201707e-14
FJ639710.1	0.0	0.0	0.0	0.0	0.0	0.0	0.0	1.0	0.0	0.0
FJ639707_FJ639707.2	4.2093952537862533e-10	5.069423162487185e-10	4.478125584835502e-10	1.3724463190375395e-09	2.0089132639655542e-10	7.984695671842034e-10	1.6911034721978981e-09	0.9999999938977552	4.6173557315736914e-10	2.0190388052706458e-10
EU482464_FJ410224	5.750411754594424e-15	6.925287074517094e-15	6.117521508208481e-15	1.8748848634360308e-14	2.7443558398744684e-15	1.0907810998959984e-14	2.310199137516306e-14	0.9999999999999166	6.307722386036963e-15	2.758188238172076e-15
GQ868631_GU131932.1	6.257250038367694e-09	7.535678254362792e-09	6.656716653615096e-09	2.040136234469969e-08	2.9862419279156946e-09	1.1869219754084168e-08	2.513818880936896e-08	0.999999909290367	6.863681737313487e-09	3.0012935065629576e-09
GU131924	0.0	0.0	0.0	0.0	0.0	0.0	0.0	1.0	0.0	0.0
JF730047_JF730047.1	2.477997107450259e-11	2.9842804430839194e-11	2.6361939368939224e-11	8.079350604215017e-11	1.182611980366404e-11	4.7004502038382047e-11	9.955229337839396e-11	0.9999999996407716	2.718156280671637e-11	1.1885727088208813e-11
JN368476	0.0	0.0	0.0	0.0	0.0	0.0	0.0	1.0	0.0	0.0
GQ398314.2	0.0	1.0	0.0	0.0	0.0	0.0	0.0	0.0	0.0	0.0
GQ398314	0.0	1.0	0.0	0.0	0.0	0.0	0.0	0.0	0.0	0.0
EU677146.1	0.0	1.0	0.0	0.0	0.0	0.0	0.0	0.0	0.0	0.0
EU677146	0.0	1.0	0.0	0.0	0.0	0.0	0.0	0.0	0.0	0.0
EU596490	0.0	1.0	0.0	0.0	0.0	0.0	0.0	0.0	0.0	0.0
EU596490.1	0.0	1.0	0.0	0.0	0.0	0.0	0.0	0.0	0.0	0.0
JF357906.1	0.0	0.0	1.0	0.0	0.0	0.0	0.0	0.0	0.0	0.0
JF357906	0.0	0.0	1.0	0.0	0.0	0.0	0.0	0.0	0.0	0.0
HQ705625	0.0	0.0	1.0	0.0	0.0	0.0	0.0	0.0	0.0	0.0
FJ744708_FJ744708.1	0.0	0.0	1.0	0.0	0.0	0.0	0.0	0.0	0.0	0.0
FJ850050	0.0	0.0	1.0	0.0	0.0	0.0	0.0	0.0	0.0	0.0
EU482762.1_EU482762.2	5.6622033794545345e-14	6.819056712885624e-14	0.999999999999145	1.8461250885823554e-13	2.702258824952436e-14	1.0740490757277722e-13	2.2747618643493774e-13	9.42821852994889e-14	6.210965150859624e-14	2.715879041335045e-14
EU482762	0.0	0.0	1.0	0.0	0.0	0.0	0.0	0.0	0.0	0.0
EU482635_EU482639	5.114787804329458e-12	6.15979783394115e-12	0.999999999922777	1.6676437520083063e-11	2.4410074233928095e-12	9.702111961780065e-12	2.054840397246342e-11	8.516708765445504e-12	5.61049589317161e-12	2.4533108522839154e-12
EU482444	0.0	0.0	1.0	0.0	0.0	0.0	0.0	0.0	0.0	0.0
FJ850066	0.0	0.0	1.0	0.0	0.0	0.0	0.0	0.0	0.0	0.0
FJ850066.1	0.0	0.0	1.0	0.0	0.0	0.0	0.0	0.0	0.0	0.0
FJ873808.2	0.0	0.0	1.0	0.0	0.0	0.0	0.0	0.0	0.0	0.0
FJ873808.1	0.0	0.0	1.0	0.0	0.0	0.0	0.0	0.0	0.0	0.0
KJ189309.1	0.0	0.0	1.0	0.0	0.0	0.0	0.0	0.0	0.0	0.0
KJ189309	0.0	0.0	1.0	0.0	0.0	0.0	0.0	0.0	0.0	0.0
KJ189308	0.0	0.0	1.0	0.0	0.0	0.0	0.0	0.0	0.0	0.0
KJ189308.1	0.0	0.0	1.0	0.0	0.0	0.0	0.0	0.0	0.0	0.0
GQ199892	0.0	1.0	0.0	0.0	0.0	0.0	0.0	0.0	0.0	0.0
GQ199892.1	0.0	1.0	0.0	0.0	0.0	0.0	0.0	0.0	0.0	0.0
JX669476_JX669476.1	0.0	0.0	0.0	0.0	0.0	0.0	1.0	0.0	0.0	0.0
HM181971	0.0	0.0	0.0	0.0	0.0	0.0	1.0	0.0	0.0	0.0
JX286525_JX669478	5.3902436633712684e-08	6.499445781830887e-08	5.734360068878915e-08	1.7574543677871904e-07	2.5724673827226857e-08	1.0224617232221544e-07	0.9999993453086639	8.975374387352423e-08	5.912648010722992e-08	2.585433410279467e-08
JX669477_JX669477.1	2.6363163305484996e-09	3.175009932470695e-09	2.804620354653054e-09	8.595540274877614e-09	1.2581690540188956e-09	5.000761944415394e-09	0.999999967983483	4.389769284634685e-09	2.8918192721746147e-09	1.2645106133852313e-09
JX567950_JX567950.1	0.0	0.0	0.0	0.0	0.0	0.0	1.0	0.0	0.0	0.0
FJ639710	0.0	0.0	0.0	0.0	0.0	0.0	0.0	1.0	0.0	0.0
FJ639710.2	0.0	0.0	0.0	0.0	0.0	0.0	0.0	1.0	0.0	0.0
FJ639707_FJ639707.1	1.2872704368238377e-12	1.5502746060612924e-12	1.3694505576681387e-12	4.1970626802878795e-12	6.143435099186945e-13	2.441790819275586e-12	5.1715445429184145e-12	0.9999999999813387	1.4120283725334699e-12	6.174399903376237e-13
FJ639707.2	0.0	0.0	0.0	0.0	0.0	0.0	0.0	1.0	0.0	0.0
EU482661_FJ410224	2.456167913789415e-08	2.9579912938615545e-08	2.6129711543478954e-08	8.008177918636404e-08	1.1721941046281973e-08	4.659042957040278e-08	9.867531645013023e-08	0.999999643936092	2.6942114747342838e-08	1.1781023237817553e-08
EU482464_FM210214.1	5.028858097258675e-10	6.05631169849722e-10	5.349903430328898e-10	1.6396269222608047e-09	2.3999978916440633e-10	9.539114068077027e-10	2.020318567569825e-09	0.9999999927098027	5.516238166934369e-10	2.412094619870151e-10
EU482469_EU660413.1	6.236529901539319e-11	7.510724755051176e-11	6.634673730758427e-11	2.0333805667776846e-10	2.976353344117757e-11	1.182991624921498e-10	2.5054946696850863e-10	0.9999999990959074	6.840953474279162e-11	2.991355081258424e-11
EU482784	0.0	0.0	0.0	0.0	0.0	0.0	0.0	1.0	0.0	0.0
GU131932_GU131932.1	4.325821855497157e-12	5.209637059224974e-12	4.601984930998847e-12	1.4104064656435046e-11	2.0644772892837017e-12	8.205542355681511e-12	1.7378772766374822e-11	0.9999999999372895	4.745066009251691e-12	2.0748828903820804e-12
GQ868631	0.0	0.0	0.0	0.0	0.0	0.0	0.0	1.0	0.0	0.0
JF730047.1	0.0	0.0	0.0	0.0	0.0	0.0	0.0	1.0	0.0	0.0
JF730047	0.0	0.0	0.0	0.0	0.0	0.0	0.0	1.0	0.0	0.0
FJ744708.1	0.0	0.0	1.0	0.0	0.0	0.0	0.0	0.0	0.0	0.0
FJ744708	0.0	0.0	1.0	0.0	0.0	0.0	0.0	0.0	0.0	0.0
EU482762.2	0.0	0.0	1.0	0.0	0.0	0.0	0.0	0.0	0.0	0.0
EU482762.1	0.0	0.0	1.0	0.0	0.0	0.0	0.0	0.0	0.0	0.0
EU482639	0.0	0.0	1.0	0.0	0.0	0.0	0.0	0.0	0.0	0.0
EU482635_EU482635.2	0.0	0.0	1.0	0.0	0.0	0.0	0.0	0.0	0.0	0.0
FJ410291	0.0	0.0	1.0	0.0	0.0	0.0	0.0	0.0	0.0	0.0
JX669476.1	0.0	0.0	0.0	0.0	0.0	0.0	1.0	0.0	0.0	0.0
JX669476	0.0	0.0	0.0	0.0	0.0	0.0	1.0	0.0	0.0	0.0
JX286525_KC294211	2.3204517948611898e-07	2.794580208757699e-07	2.4685908365574955e-07	7.565684219120864e-07	1.1074242517131963e-07	4.401606474583404e-07	0.9999971819495422	3.8638185780375497e-07	2.545342204490174e-07	1.1130060108683168e-07
JX669478	0.0	0.0	0.0	0.0	0.0	0.0	1.0	0.0	0.0	0.0
JX669477_JX669477.2	1.343336971167759e-11	1.6177971098382465e-11	1.4290964133697951e-11	4.3798640188228965e-11	6.411009887766786e-12	2.5481420139533544e-11	0.9999999998368599	2.2368102441331575e-11	1.473528687446764e-11	6.443323351264854e-12
JX669477.1	0.0	0.0	0.0	0.0	0.0	0.0	1.0	0.0	0.0	0.0
JX567950	0.0	0.0	0.0	0.0	0.0	0.0	1.0	0.0	0.0	0.0
JX567950.1	0.0	0.0	0.0	0.0	0.0	0.0	1.0	0.0	0.0	0.0
FJ639707	0.0	0.0	0.0	0.0	0.0	0.0	0.0	1.0	0.0	0.0
FJ639707.1	0.0	0.0	0.0	0.0	0.0	0.0	0.0	1.0	0.0	0.0
EU482661_EU482661.1	7.160952484891428e-10	8.624017514089715e-10	7.618112009210722e-10	2.3347826198672803e-09	3.417529493479106e-10	1.358343012834177e-09	2.8768768151556875e-09	0.9999999896189641	7.854967995675722e-10	3.434754894230995e-10
FJ410215_FJ410224	3.775318087695769e-08	4.546659034289297e-08	4.01633667073573e-08	1.2309182436582387e-07	1.801752062897684e-08	7.161305645398074e-08	1.516715143585335e-07	0.9999994527025191	4.14120926160503e-08	1.8108334479737087e-08
EU482649_FM210214.1	8.425104101935454e-08	1.0146449859347457e-07	8.962967827704853e-08	2.746951145015127e-07	4.020839659911912e-08	1.598136744156612e-07	3.38474339932709e-07	0.9999987786358278	9.241636949912346e-08	4.0411059296348875e-08
EU482464_EU482676	6.866478348464475e-09	8.26937892161887e-09	7.304838466361603e-09	2.2387712167500728e-08	3.2769931544335376e-09	1.3024849567278327e-08	2.758573304898205e-08	0.9999999004585517	7.531954413045725e-09	3.293510208771773e-09
EU660413_EU660413.1	2.3068165255112456e-10	2.7781256976322743e-10	2.454085083390888e-10	7.521227298114017e-10	1.1009168862121288e-10	4.375742076113108e-10	9.267519918702433e-10	0.9999999966558714	2.530385450541281e-10	1.1064658462417964e-10
EU482469_EU482776	3.98829851021032e-11	4.803153808943783e-11	4.242913891839785e-11	1.3003591441401388e-10	1.9033959261983854e-11	7.565302836279445e-11	1.602278962212385e-10	0.9999999994218274	4.374831032743294e-11	1.9129896276370524e-11
GU131932	0.0	0.0	0.0	0.0	0.0	0.0	0.0	1.0	0.0	0.0
GU131932.1	0.0	0.0	0.0	0.0	0.0	0.0	0.0	1.0	0.0	0.0
EU482635.2	0.0	0.0	1.0	0.0	0.0	0.0	0.0	0.0	0.0	0.0
EU482635	0.0	0.0	1.0	0.0	0.0	0.0	0.0	0.0	0.0	0.0
EU482635.1	0.0	0.0	1.0	0.0	0.0	0.0	0.0	0.0	0.0	0.0
KC294211	0.0	0.0	0.0	0.0	0.0	0.0	1.0	0.0	0.0	0.0
JX286525	0.0	0.0	0.0	0.0	0.0	0.0	1.0	0.0	0.0	0.0
JX669477	0.0	0.0	0.0	0.0	0.0	0.0	1.0	0.0	0.0	0.0
JX669477.2	0.0	0.0	0.0	0.0	0.0	0.0	1.0	0.0	0.0	0.0
EU482661	0.0	0.0	0.0	0.0	0.0	0.0	0.0	1.0	0.0	0.0
EU482661.1	0.0	0.0	0.0	0.0	0.0	0.0	0.0	1.0	0.0	0.0
FJ410215_FJ410215.1	9.104464477369751e-11	1.0964611380246411e-10	9.685698979126031e-11	2.968452237298181e-10	4.345061071050482e-11	1.727002900036652e-10	3.657673029476986e-10	0.999999998680151	9.986838655666652e-11	4.366961516498893e-11
FJ410224	0.0	0.0	0.0	0.0	0.0	0.0	0.0	1.0	0.0	0.0
FM210214_FM210214.1	4.6738086341102406e-11	5.628721542715496e-11	4.9721873953766116e-11	1.5238653224594982e-10	2.2305522746659053e-11	8.8656296978124e-11	1.8776792230244894e-10	0.999999999322451	5.126778499970096e-11	2.2417949448176832e-11
EU482649_EU482649.1	1.2157577955261753e-12	1.4641511088964866e-12	1.2933725062316108e-12	3.9639003009048866e-12	5.802144521841271e-13	2.30614029395658e-12	4.88424608622029e-12	0.9999999999823758	1.333584965756991e-12	5.831389116452611e-13
EU482474_EU482676	5.860776615388036e-10	7.058200746885725e-10	6.234932128259457e-10	1.910868618302253e-09	2.7970269290349775e-10	1.1117159319365287e-09	2.3545376678856848e-09	0.9999999915037933	6.428783439187377e-10	2.811124805837031e-10
EU482464_EU482464.1	1.0327495556886867e-10	1.2437521788782878e-10	1.0986809100183976e-10	3.367213674975473e-10	4.928746662389062e-11	1.9589965803251625e-10	4.149019643534426e-10	0.9999999985028514	1.1328401807718391e-10	4.953589062908555e-11
EU660413.1	0.0	0.0	0.0	0.0	0.0	0.0	0.0	1.0	0.0	0.0
EU660413	0.0	0.0	0.0	0.0	0.0	0.0	0.0	1.0	0.0	0.0
EU482469_FM210211	7.643692336641026e-09	9.20538667482933e-09	8.131670264163165e-09	2.492176851732422e-08	3.6479147228899656e-09	1.4499127175660767e-08	3.070815134140521e-08	0.9999998891914943	8.384493375676596e-09	3.6663013361234133e-09
EU482776	0.0	0.0	0.0	0.0	0.0	0.0	0.0	1.0	0.0	0.0
FJ410215.1	0.0	0.0	0.0	0.0	0.0	0.0	0.0	1.0	0.0	0.0
FJ410215	0.0	0.0	0.0	0.0	0.0	0.0	0.0	1.0	0.0	0.0
FM210214	0.0	0.0	0.0	0.0	0.0	0.0	0.0	1.0	0.0	0.0
FM210214.1	0.0	0.0	0.0	0.0	0.0	0.0	0.0	1.0	0.0	0.0
EU482649	0.0	0.0	0.0	0.0	0.0	0.0	0.0	1.0	0.0	0.0
EU482649.1	0.0	0.0	0.0	0.0	0.0	0.0	0.0	1.0	0.0	0.0
EU482474_FJ410202	2.1267936185815932e-10	2.561322038401988e-10	2.2625694055383487e-10	6.934274158620158e-10	1.0150018357726817e-10	4.034261165167364e-10	8.544286901536702e-10	0.9999999969168456	2.3329153269223324e-10	1.020117757498726e-10
EU482676	0.0	0.0	0.0	0.0	0.0	0.0	0.0	1.0	0.0	0.0
EU482464	0.0	0.0	0.0	0.0	0.0	0.0	0.0	1.0	0.0	0.0
EU482464.1	0.0	0.0	0.0	0.0	0.0	0.0	0.0	1.0	0.0	0.0
EU482469_EU482541.1	7.096839212800621e-09	8.5468051624419e-09	7.549905707172651e-09	2.3138788987915902e-08	3.386931748450624e-09	1.3461815279816762e-08	2.8511196290256346e-08	0.9999998971190736	7.784641080166384e-09	3.4040029271478885e-09
FM210211	0.0	0.0	0.0	0.0	0.0	0.0	0.0	1.0	0.0	0.0
EU482474_FJ410217.1	3.141703677289286e-12	3.783589905698648e-12	3.3422719343321923e-12	1.024332329810084e-11	1.499362689469191e-12	5.9594184536836e-12	1.262163725894342e-11	0.9999999999544557	3.4461870664651155e-12	1.506919939010948e-12
EU482642_FJ410202	1.9121923364869415e-12	2.3028752438959306e-12	2.034267848201306e-12	6.2345804451191054e-12	9.125844251776133e-13	3.6271894066358655e-12	7.682136993038673e-12	0.9999999999722795	2.0975156079267074e-12	9.171841316245102e-13
EU482541_EU482541.1	4.1357902590948276e-11	4.9807798200432e-11	4.3998216029029723e-11	1.3484478826977443e-10	1.9737856408237938e-11	7.845076214151539e-11	1.661533034025855e-10	0.9999999994004459	4.536617187526252e-11	1.983734128094024e-11
EU482469_FJ432726.1	7.027057511159427e-09	8.462766255831875e-09	7.475669099623928e-09	2.2911270226242264e-08	3.353628773187612e-09	1.3329448130267899e-08	2.8230851796982265e-08	0.9999998981306796	7.70809636991564e-09	3.3705320946370537e-09
EU482474	0.0	0.0	0.0	0.0	0.0	0.0	0.0	1.0	0.0	0.0
FJ410217_FJ410217.1	8.199135062127019e-13	9.874312743361618e-13	8.722572788147409e-13	2.6732753891871187e-12	3.912997042636092e-13	1.5552732470187326e-12	3.29396146871947e-12	0.9999999999881138	8.993767748230896e-13	3.93271975236807e-13
EU482699	0.0	0.0	0.0	0.0	0.0	0.0	0.0	1.0	0.0	0.0
EU482701	0.0	0.0	0.0	0.0	0.0	0.0	0.0	1.0	0.0	0.0
EU482652_FJ410202	5.712814192689017e-13	6.880007897893117e-13	6.077523695281648e-13	1.8626264195668197e-12	2.726412587637321e-13	1.0836493132207535e-12	2.2950945052232904e-12	0.9999999999917182	6.26648099446154e-13	2.7401545464197273e-13
EU482642_FM210207.1	6.318556595275042e-10	7.609510446604396e-10	6.72193705808009e-10	2.0601248440652955e-09	3.015500181872353e-10	1.1985510615379107e-09	2.538448483291595e-09	0.9999999908401626	6.930929920212105e-10	3.0306992311268687e-10
EU482541	0.0	0.0	0.0	0.0	0.0	0.0	0.0	1.0	0.0	0.0
EU482541.1	0.0	0.0	0.0	0.0	0.0	0.0	0.0	1.0	0.0	0.0
FJ432726_FJ432726.1	1.0457133058937668e-11	1.2593645724883249e-11	1.112472273853041e-11	3.409481150888743e-11	4.9906155251771235e-12	1.9835871910691262e-11	4.2011008610556323e-11	0.9999999998484058	1.1470603341913301e-11	5.015769763811729e-12
EU482469	0.0	0.0	0.0	0.0	0.0	0.0	0.0	1.0	0.0	0.0
FJ410217.1	0.0	0.0	0.0	0.0	0.0	0.0	0.0	1.0	0.0	0.0
FJ410217	0.0	0.0	0.0	0.0	0.0	0.0	0.0	1.0	0.0	0.0
FJ390385_FJ410202	4.2395646396272135e-09	5.105756501163949e-09	4.510221002459128e-09	1.3822828537530204e-08	2.023311455564949e-09	8.04192321879899e-09	1.703223871940316e-08	0.9999999385401973	4.650449033160308e-09	2.0335095681882626e-09
EU482652_FJ547067.1	3.324218202283675e-15	4.003394249247682e-15	3.536438296649039e-15	1.0838400198456356e-14	1.5864668524241438e-15	6.305625652083462e-15	1.3354880226961065e-14	0.9999999999999517	3.646390287419545e-15	1.5944631337626765e-15
FM210207_FM210207.1	3.08670046947006e-10	3.717348909327715e-10	3.2837572885616985e-10	1.0063988867486719e-09	1.4731126779861144e-10	5.855084256267341e-10	1.2400664624830597e-09	0.9999999955252951	3.385853132118941e-10	1.4805376193887906e-10
EU482642_FJ410195	2.3060243759018978e-09	2.7771717027385485e-09	2.4532423624728546e-09	7.518644545129492e-09	1.100538836691635e-09	4.374239467501686e-09	9.264337497299589e-09	0.9999999665701986	2.5295165284471403e-09	1.1060858912353344e-09
FJ432726	0.0	0.0	0.0	0.0	0.0	0.0	0.0	1.0	0.0	0.0
FJ432726.1	0.0	0.0	0.0	0.0	0.0	0.0	0.0	1.0	0.0	0.0
FJ390385_GU131899	1.6999303281847883e-08	2.047245663747783e-08	1.8084549053061348e-08	5.542513783753029e-08	8.112834215404253e-09	3.2245549575514685e-08	6.829384999904749e-08	0.999999753565775	1.8646818772981274e-08	8.153725397429344e-09
FJ410202	0.0	0.0	0.0	0.0	0.0	0.0	0.0	1.0	0.0	0.0
FJ410241_FJ461309	3.623593573263639e-09	4.363935454913489e-09	3.854925971820221e-09	1.1814494390472123e-08	1.7293422816500625e-09	6.873503241333292e-09	1.455760579401103e-08	0.9999999474697605	3.974780115826125e-09	1.7380586991368613e-09
FJ547067_FJ547067.1	0.0	0.0	0.0	0.0	0.0	0.0	0.0	1.0	0.0	0.0
EU482652_EU677148	2.5046453824475242e-11	3.0163732674367646e-11	2.6645434538345435e-11	8.166235595344798e-11	1.1953297390647954e-11	4.7509986444583456e-11	1.0062287448705616e-10	0.9999999996369082	2.7473872171546146e-11	1.2013545689383425e-11
FJ410223_FJ410223.1	0.0	0.0	0.0	0.0	0.0	0.0	0.0	1.0	0.0	0.0
FM210207	0.0	0.0	0.0	0.0	0.0	0.0	0.0	1.0	0.0	0.0
FM210207.1	0.0	0.0	0.0	0.0	0.0	0.0	0.0	1.0	0.0	0.0
FJ024452_FJ410195	2.2647842062013415e-10	2.7275056916133504e-10	2.409369395472926e-10	7.384183617396221e-10	1.0808571677285888e-10	4.296012029910057e-10	9.098657179890785e-10	0.9999999967168045	2.4842794997393565e-10	1.0863050206016069e-10
EU482642	0.0	0.0	0.0	0.0	0.0	0.0	0.0	1.0	0.0	0.0
FJ390385	0.0	0.0	0.0	0.0	0.0	0.0	0.0	1.0	0.0	0.0
GU131899	0.0	0.0	0.0	0.0	0.0	0.0	0.0	1.0	0.0	0.0
FJ410241_JF730049.1	1.2131866769308444e-08	1.4610546811735382e-08	1.2906372458749027e-08	3.955517333663222e-08	5.789873984298515e-09	2.3012632039514392e-08	4.873916745966282e-08	0.999999824127664	1.3307646629659839e-08	5.819056731623089e-09
FJ461309	0.0	0.0	0.0	0.0	0.0	0.0	0.0	1.0	0.0	0.0
FJ547067.1	0.0	0.0	0.0	0.0	0.0	0.0	0.0	1.0	0.0	0.0
FJ547067	0.0	0.0	0.0	0.0	0.0	0.0	0.0	1.0	0.0	0.0
EU677148	0.0	0.0	0.0	0.0	0.0	0.0	0.0	1.0	0.0	0.0
EU482652_FJ461311	7.58306818557382e-13	9.13237631179683e-13	8.067175830738604e-13	2.47241073618361e-12	3.618982143777559e-13	1.4384130752789809e-12	3.046459684916173e-12	0.9999999999890069	8.317993735104672e-13	3.6372229279052295e-13
FJ859028	0.0	0.0	0.0	0.0	0.0	0.0	0.0	1.0	0.0	0.0
FJ410223	0.0	0.0	0.0	0.0	0.0	0.0	0.0	1.0	0.0	0.0
FJ410223.1	0.0	0.0	0.0	0.0	0.0	0.0	0.0	1.0	0.0	0.0
FJ024452_FM210206	4.315528970183161e-10	5.197241218950136e-10	4.591034941680328e-10	1.4070505364161975e-09	2.0595650601901842e-10	8.18601804117493e-10	1.7337421614857803e-09	0.9999999937438963	4.733775571995587e-10	2.069945902141675e-10
FJ410195	0.0	0.0	0.0	0.0	0.0	0.0	0.0	1.0	0.0	0.0
FJ410241_FJ410241.1	3.795763557230446e-10	4.571281748617154e-10	4.0380873913730614e-10	1.2375843578414155e-09	1.8115095630752386e-10	7.200088140806523e-10	1.524929008626806e-09	0.9999999944973856	4.1636362375122566e-10	1.8206401289560567e-10
JF730049_JF730049.1	0.0	0.0	0.0	0.0	0.0	0.0	0.0	1.0	0.0	0.0
FJ461311	0.0	0.0	0.0	0.0	0.0	0.0	0.0	1.0	0.0	0.0
EU482652	0.0	0.0	0.0	0.0	0.0	0.0	0.0	1.0	0.0	0.0
FJ390387	0.0	0.0	0.0	0.0	0.0	0.0	0.0	1.0	0.0	0.0
FJ547064	0.0	0.0	0.0	0.0	0.0	0.0	0.0	1.0	0.0	0.0
FJ024452_FJ024452.1	0.0	0.0	0.0	0.0	0.0	0.0	0.0	1.0	0.0	0.0
FM210206	0.0	0.0	0.0	0.0	0.0	0.0	0.0	1.0	0.0	0.0
FJ410241	0.0	0.0	0.0	0.0	0.0	0.0	0.0	1.0	0.0	0.0
FJ410241.1	0.0	0.0	0.0	0.0	0.0	0.0	0.0	1.0	0.0	0.0
JF730049	0.0	0.0	0.0	0.0	0.0	0.0	0.0	1.0	0.0	0.0
JF730049.1	0.0	0.0	0.0	0.0	0.0	0.0	0.0	1.0	0.0	0.0
FJ024452	0.0	0.0	0.0	0.0	0.0	0.0	0.0	1.0	0.0	0.0
FJ024452.1	0.0	0.0	0.0	0.0	0.0	0.0	0.0	1.0	0.0	0.0
