node	Africa	Caribbean	Central America	Eastern Asia	Europe	Oceania	South America	South-eastern Asia	Southern Asia	Western Asia
AF100460_FJ467493	0.052678487282124445	0.109522468530181	0.04904063687708185	0.23362226346395595	0.023366018803608897	0.06881879795141371	0.15360539217451952	0.23320403779831136	0.05321025244204006	0.022931644676763195
EF105378_FJ467493	0.19862970260956703	0.07645092935473354	0.03569757755310732	0.17023342057575683	0.017035953836406617	0.049829890949630445	0.11199095667779688	0.2861539746700048	0.03725838522733543	0.016719208545661213
AF100460_GQ398257.1	0.0067035168113326	0.08665305913646748	0.013153472215469943	0.05958949227658832	0.00578838052165749	0.02308902725991002	0.038070263530939154	0.7211953256281598	0.04007668618866528	0.005680776430809968
EF105379_FJ467493	0.00558597893688842	0.008253253710372197	0.0038787450950598	0.018499703744409637	0.0018514964249257038	0.005409970006245455	0.01217138208629389	0.938508194452164	0.00402419883874371	0.0018170767048969394
EF105378_EF105387	0.9988882458517973	0.00013069970841924136	6.142658210127406e-05	0.0002929747960190194	2.9620376465459017e-05	8.567577347630177e-05	0.0001927549718227016	0.0002260974101000842	6.372796446874022e-05	2.877656533006865e-05
AF100460_GQ398262	0.0007260395747527809	0.019824519196191482	0.0014367981757906932	0.010073388445010432	0.0006579229881891102	0.014248610070112333	0.0043443417508359835	0.9306082009186636	0.017434486453771905	0.0006456924266817553
AF100465_GQ398257.1	0.0035386225043317517	0.23487042728153554	0.011238399543692237	0.03313856674278965	0.003292994487642494	0.010452291010696871	0.021687405880895516	0.5931712758159313	0.08537823784901356	0.0032317788834711433
EF105379_EF105379.1	0.0	0.0	0.0	0.0	0.0	0.0	0.0	1.0	0.0	0.0
FJ467493	0.0	0.0	0.0	0.0	0.0	0.0	0.0	1.0	0.0	0.0
0.766	0.9999653479126241	4.075033174504152e-06	1.9157811259899214e-06	9.137407248274982e-06	1.2937200874978213e-06	2.671967496820881e-06	6.011738129426374e-06	6.661947579950423e-06	1.98699461280012e-06	8.97497920518609e-07
EF105387	1.0	0.0	0.0	0.0	0.0	0.0	0.0	0.0	0.0	0.0
AF100460_FJ639701.1	0.000497688187955222	0.02095438925228095	0.0009878974464835352	0.009832665176320159	0.0004586172964392251	0.019856521440861568	0.0030432855021809576	0.9354960803130578	0.00842276362292824	0.00045009176149230916
AF276619_GQ398262	0.0004293195877035136	0.004070098267007213	0.0008557832920138905	0.004540546926326685	0.00040477121543266276	0.0028390999217349326	0.0026634777501636795	0.9356082179206409	0.048191438455783935	0.0003972466631925603
AF100465_JQ922553	0.0022127368306089096	0.5860796854511948	0.01599989573612521	0.020945741682411492	0.0020907315621852313	0.006305002047712975	0.013847765993439733	0.1481344302554252	0.20233214482987216	0.0020518656110241683
GQ398257_GQ398257.1	5.415551573853432e-06	0.00011697487086872645	1.2600606384980245e-05	5.135170844229094e-05	5.1293904734399074e-06	1.5340204151203476e-05	3.373668957207947e-05	0.9997098390455624	4.4577896025972356e-05	5.034036944965448e-06
EF105379.1	0.0	0.0	0.0	0.0	0.0	0.0	0.0	1.0	0.0	0.0
EF105379	0.0	0.0	0.0	0.0	0.0	0.0	0.0	1.0	0.0	0.0
EF105378_JF260983.1	0.9999759054476869	1.506643823934914e-06	7.09093758675542e-07	3.3821447253327037e-06	1.2268102356699178e-05	9.888490342411572e-07	2.225233195165646e-06	1.947574019487725e-06	7.34704208623749e-07	3.3220719087457714e-07
EF105384	1.0	0.0	0.0	0.0	0.0	0.0	0.0	0.0	0.0	0.0
AF100466_FJ639701.1	0.0006975894403382902	0.14141933958181907	0.0013927787982661718	0.019561107937450098	0.0006633394921989732	0.004106352199693179	0.0047087118935190695	0.8244902142319006	0.0023095581749600132	0.0006510082498545516
AF100460_KJ734727	0.000579755178714359	0.012003038836520999	0.0011549285224225184	0.01500052616759239	0.0005447571144457552	0.04501960343689244	0.0035955240987095606	0.9166233535089012	0.004943882862005433	0.000534630273795038
AY037116_GQ398262	2.725172391105918e-05	0.000204663358428729	5.4365527335396526e-05	0.00031851464267329375	2.580384604407799e-05	0.00014316070511711967	0.00016973207038924697	0.9971019727204068	0.0019292112438920918	2.5324161802105758e-05
AF276619_FJ882602.2	2.1660246531282616e-06	9.667442543319963e-06	4.326416851537185e-06	2.5851538132009528e-05	2.0645102013596777e-06	6.38058545390444e-06	1.3572243795282185e-05	0.00020874271436102778	0.9997252023923059	2.0261317024721654e-06
AF100465_GQ868600.1	8.882897585511129e-05	0.9694882171834852	0.01980127193922995	0.0008430811882321595	8.42454160158468e-05	0.0002508130730392234	0.0007284357327673191	0.003730353584530564	0.0049020735828510294	8.267932399354735e-05
JQ922553	0.0	0.0	0.0	0.0	0.0	0.0	0.0	0.0	1.0	0.0
GQ398257.1	0.0	0.0	0.0	0.0	0.0	0.0	0.0	1.0	0.0	0.0
GQ398257	0.0	0.0	0.0	0.0	0.0	0.0	0.0	1.0	0.0	0.0
EF105389_JF260983.1	0.9939608607293142	0.000163495440822698	7.695102126409682e-05	0.000367031456543129	0.004757580333109484	0.0001073096524140099	0.00024148315143809773	0.0002095093494750049	7.972761482155259e-05	3.605125079769731e-05
EF105378_EF105383.1	0.9999980235296719	2.383836927718908e-07	1.1219793722042846e-07	5.351478214220431e-07	1.078307113755907e-07	1.5646216065964233e-07	3.5209292961732577e-07	3.055443510448906e-07	1.1624643334778658e-07	5.256429043417974e-08
AF100466_JN819419	1.1736316878141113e-05	0.9951426755684907	2.3633137752442563e-05	0.0001407771368880387	1.1187364944372033e-05	3.7543279004569654e-05	0.0026913204953207107	0.0019039159976136203	2.623130724135687e-05	1.0979395866150769e-05
AF119661_FJ639701.1	0.00013611705830335758	0.010974114596071052	0.00027185096652626014	0.032723468873502005	0.00012965854869398957	0.0005415962133565226	0.0008784841484835712	0.9538707368222213	0.0003467245298192335	0.00012724824302275188
AF204177_KJ734727	0.0024742087187422475	0.015432820257487455	0.0049407793766817676	0.09421895034715339	0.0023551846144829074	0.37015702501353065	0.01548997521917815	0.48556389556184115	0.007055758309731559	0.002311402581170827
AF100460_M84728	4.364717213821981e-05	0.0003866550890710596	8.712151471794865e-05	0.0006158825920095797	4.1450516926884975e-05	0.0010377080003475794	0.0002727916323649736	0.9973047062106862	0.00016935730501402082	4.067996672366297e-05
AY037116_GQ398263.2	8.345948743877008e-06	4.160000314138062e-05	1.6666681819331828e-05	0.0002578214485371457	7.945859466603697e-06	3.418084220813983e-05	5.224168383104263e-05	0.9994261217632974	0.00014727762015240224	7.798148802775698e-06
GQ398259_GQ398262	6.30154461186439e-06	2.9052404425964935e-05	1.258595409145628e-05	6.156596965650858e-05	6.004305963208928e-06	1.9297386771278743e-05	3.947382279950959e-05	0.9997582294654149	6.159645818453386e-05	5.892688080774726e-06
0.591	1.3303035248839677e-06	5.935183065496306e-06	2.6571495945141825e-06	1.7891587854832706e-05	1.2679612050117263e-06	3.917106040136741e-06	8.335668783366181e-06	0.00012726778826688	0.9998301528614002	1.2443902646264069e-06
FJ882602_FJ882602.2	1.837811617428257e-14	7.803201804740481e-14	3.671166765682031e-14	1.754527406884654e-13	1.7525003274015858e-14	5.1218417029455564e-14	1.1520607541198795e-13	1.1316577704391677e-13	0.9999999999993773	1.7199219787761536e-14
0.804	8.675999786803912e-05	0.9674431668451304	0.02320717766702886	0.0008239139751973682	8.23494596281416e-05	0.00024448680672582875	0.0007463104977613734	0.0031761409663676105	0.004108875171517816	8.081861277455846e-05
GQ868600_GQ868600.1	2.4502147070061848e-08	0.9999964093159106	2.0506764021853446e-06	2.3311855611116586e-07	2.3317877270269428e-08	6.859794609084982e-08	1.7109967233177626e-07	4.6449256200714285e-07	5.31994519580241e-07	2.2884406332500046e-08
JF260983_JF260983.1	1.931170353726088e-09	6.67425694534324e-11	3.1413165546250763e-11	1.4983062915521665e-10	0.9999999975456698	4.3806252117636544e-11	9.85789416914284e-11	8.552460882561114e-11	3.2546631757252134e-11	1.4716944553663713e-11
EF105389	1.0	0.0	0.0	0.0	0.0	0.0	0.0	0.0	0.0	0.0
EF105383_EF105383.1	1.0	0.0	0.0	0.0	0.0	0.0	0.0	0.0	0.0	0.0
EF105378	1.0	0.0	0.0	0.0	0.0	0.0	0.0	0.0	0.0	0.0
AF208496_JN819419	8.11801931440489e-07	0.983330996525952	2.8316734567049065e-06	8.050171699657655e-06	7.740752535843644e-07	2.3142451094064706e-06	0.016627296741895555	2.4463779685943615e-05	1.7012995419322047e-06	7.596854739606097e-07
AF100466_GQ398284	1.9552233267520656e-08	0.999993295017771	3.929847597836207e-08	2.232830582749224e-07	1.8639330012202716e-08	6.066197162173624e-08	3.8251197784225114e-06	2.4571881701813735e-06	4.2946379594890004e-08	1.8292831592336704e-08
0.989	1.927331125587162e-07	1.3177759225857003e-05	3.8493580658782587e-07	3.919778448668634e-05	1.83620163945513e-07	7.299822229530458e-07	1.2381528422037994e-06	0.999944238648261	4.7617714677635757e-07	1.8020673131268374e-07
AF119661	0.0	0.0	0.0	1.0	0.0	0.0	0.0	0.0	0.0	0.0
AF204177_KF704355	0.0	0.0	0.0	0.0	0.0	1.0	0.0	0.0	0.0	0.0
KJ734727	0.0	0.0	0.0	1.0	0.0	0.0	0.0	0.0	0.0	0.0
AF100460_AJ487271.1	1.699276607694561e-06	9.957082633465691e-06	3.393521195129031e-06	1.8916486447082e-05	1.6180755680046848e-06	1.7219608331082186e-05	1.0641061849947217e-05	0.9999303729598197	4.593931421619385e-06	1.587996126423344e-06
M84728	0.0	0.0	0.0	0.0	0.0	0.0	0.0	1.0	0.0	0.0
AY037116_JN851131.2	4.630970711512424e-06	1.9769576433816048e-05	9.25062559840917e-06	0.005257335666271903	4.415781239517194e-06	0.00017451901305180615	2.9028638386558813e-05	0.9944847145030403	1.2001531806402659e-05	4.333693459804195e-06
GQ398263_GQ398263.2	3.001741643409764e-13	1.2797127890397335e-12	5.99616245756104e-13	3.0249927133427375e-12	2.8622938429551693e-13	8.462985891087321e-13	1.8816241232408447e-12	0.999999999990759	7.415582119131649e-13	2.8090848333458576e-13
GQ398259_GQ398259.1	2.622316830040844e-09	1.1165188149944022e-08	5.238249794248456e-09	2.50084263739565e-08	2.5005249722295036e-09	7.331762572828079e-09	1.6438016612544664e-08	0.999999921065461	6.176012482288619e-09	2.45404111538261e-09
GQ398262	0.0	0.0	0.0	0.0	0.0	0.0	0.0	1.0	0.0	0.0
AF276619_JQ955623	2.3733293934805229e-07	1.014850738558976e-06	4.7408459781175193e-07	3.7301448822219835e-05	2.2630122922849663e-07	6.666581058861063e-07	1.4876699565721888e-06	4.4314535992028015e-06	0.9999539381056333	2.2209437790949373e-07
JQ922551	0.0	0.0	0.0	0.0	0.0	0.0	0.0	0.0	1.0	0.0
FJ882602.2	0.0	0.0	0.0	0.0	0.0	0.0	0.0	0.0	1.0	0.0
FJ882602.1	0.0	0.0	0.0	0.0	0.0	0.0	0.0	0.0	1.0	0.0
FJ882602	0.0	0.0	0.0	0.0	0.0	0.0	0.0	0.0	1.0	0.0
AF100465_AF100469	4.043725165867946e-05	0.010823593307274105	0.9792195555372899	0.0003852478431289749	3.8556073266599705e-05	0.00011267523495558598	0.008965417778470626	0.00024970661295001733	0.00012697103122779818	3.783932977769638e-05
EU056812	0.0	1.0	0.0	0.0	0.0	0.0	0.0	0.0	0.0	0.0
GQ868600.1	0.0	1.0	0.0	0.0	0.0	0.0	0.0	0.0	0.0	0.0
GQ868600	0.0	1.0	0.0	0.0	0.0	0.0	0.0	0.0	0.0	0.0
JF260983.1	0.0	0.0	0.0	0.0	1.0	0.0	0.0	0.0	0.0	0.0
JF260983	0.0	0.0	0.0	0.0	1.0	0.0	0.0	0.0	0.0	0.0
EF105383.1	1.0	0.0	0.0	0.0	0.0	0.0	0.0	0.0	0.0	0.0
EF105383	1.0	0.0	0.0	0.0	0.0	0.0	0.0	0.0	0.0	0.0
AF208496_EU920828.1	7.136196166261056e-07	0.9817695190309899	7.464132672546801e-06	6.854794484046418e-06	6.80487857472446e-07	1.9972086024040565e-06	0.018203209535570457	7.4126809228869666e-06	1.4806714501219722e-06	6.67837833779433e-07
EU482545_JN819419	3.03296512597337e-05	0.9562953513078167	6.090426429264357e-05	0.00028905767958199355	2.892184357563603e-05	8.450194768195408e-05	0.042949545907288285	0.00017022574749000146	6.277745407186e-05	2.8384196941106487e-05
0.793	2.872702967479303e-09	0.9999993512890324	5.741803001556143e-09	2.7885284507764782e-08	2.739287658416703e-09	8.088587819549267e-09	5.443794188419107e-07	4.833550641985048e-08	5.980011067245691e-09	2.6883652893997355e-09
0.941	5.4155761723075544e-08	0.9999981743808545	1.0818613620449128e-07	5.168826546954347e-07	5.1641911864559225e-08	1.5100980638129719e-07	4.293382159519361e-07	3.5157887142344973e-07	1.121438801161324e-07	5.068190735990146e-08
FJ639697_FJ639701.1	8.99951250509854e-08	8.057551400377518e-07	1.7976997715062514e-07	2.138526890782424e-06	8.581214342227694e-08	2.573165632304681e-07	5.651780172898254e-07	0.9999956045203978	1.8890881829116984e-07	8.421692664286443e-08
EU482449_FM210234.2	1.2368722534907666e-07	5.772087225385108e-06	2.470478099301518e-07	1.7039664047966023e-05	1.1787522130061702e-07	4.2652507929477073e-07	7.880790404326945e-07	0.9999750805499922	2.8880039485482665e-07	1.1568396345457065e-07
KF704355	0.0	1.0	0.0	0.0	0.0	0.0	0.0	0.0	0.0	0.0
AF204177_AF204177.2	4.946140424579243e-09	2.0992351310002114e-08	9.880293980154611e-09	0.9999994831521418	4.71655799515704e-09	4.0354127019128235e-07	3.100575530171715e-08	2.6899810133532797e-08	1.0236799892827939e-08	4.628878884176082e-09
AF204178_AF204178.1	4.686809855650064e-06	1.9891703544052944e-05	9.36226132456558e-06	0.9994736163389537	4.469264638463555e-06	0.00041901783893103455	2.938009580314818e-05	2.548942901468105e-05	9.700075313188237e-06	4.386182621738332e-06
M29095	0.0	0.0	0.0	0.0	0.0	1.0	0.0	0.0	0.0	0.0
AF100460_DQ181804	1.778443973628542e-08	7.782711175371455e-08	3.552499803560948e-08	1.7177690690194757e-07	1.6956959737641207e-08	6.021507377825068e-08	1.1147536833129311e-07	0.9999994540690753	3.7728330282023635e-08	1.664173597506894e-08
AJ487271_AJ487271.1	1.7630414134159358e-09	7.517211537694199e-09	3.521798636332171e-09	1.6832188104686706e-08	1.6811779684043227e-09	5.068301394910715e-09	1.1051796340822022e-08	0.9999999472521246	3.6624345099325597e-09	1.6499254766795711e-09
AY037116_FJ196854.2	3.004277864361914e-06	1.2768929455528139e-05	6.001260218576852e-06	0.006419596922501944	2.864792431487269e-06	0.0006662246029151545	1.8832621609293653e-05	0.9928612940903025	6.600965726953584e-06	2.8115369740435063e-06
DQ645550_JN851131.2	0.00010217354081713938	0.00043369321946254094	0.00020409942621792858	0.025594806768571864	9.743090298078926e-05	0.0003542310398045046	0.0006404922845144709	0.9722649481987534	0.00021250492122146044	9.561969765598522e-05
GQ398263.2	0.0	0.0	0.0	0.0	0.0	0.0	0.0	1.0	0.0	0.0
GQ398263.1	0.0	0.0	0.0	0.0	0.0	0.0	0.0	1.0	0.0	0.0
GQ398263	0.0	0.0	0.0	0.0	0.0	0.0	0.0	1.0	0.0	0.0
GQ398259.1	0.0	0.0	0.0	0.0	0.0	0.0	0.0	1.0	0.0	0.0
GQ398259	0.0	0.0	0.0	0.0	0.0	0.0	0.0	1.0	0.0	0.0
0.985	2.4060814518179477e-05	0.00010212435084903056	4.806331352794178e-05	0.0049213314650407465	2.2943984430997545e-05	6.702938764334703e-05	0.0001508293969312837	0.00013323197600499347	0.9945078678470077	2.2517464045825374e-05
FJ898454_JQ955623	1.8110536312296303e-08	7.688801715913258e-08	3.617716314362404e-08	2.8161586459182195e-07	1.726986067400927e-08	5.046693374442644e-08	1.1352880687452283e-07	1.0824744642615738e-07	0.9999992807463821	1.6948988979823753e-08
0.702	3.917807284043271e-05	0.009265214833954401	0.9796555467753301	0.0003732550114873068	3.7355956874087484e-05	0.00010916309167406749	0.010127054221650847	0.00023851566366497775	0.00011805484940788769	3.666152311600294e-05
AF100469	0.0	0.0	1.0	0.0	0.0	0.0	0.0	0.0	0.0	0.0
EU482444_EU920828.1	1.2815563617151423e-05	0.04063993909839595	0.002648893213672918	0.00012210633802407626	1.2220709928676403e-05	3.57001640615736e-05	0.9564199634210397	6.984402190041928e-05	2.652393801821998e-05	1.1993531341409324e-05
0.344	3.2990870881247357e-07	0.9986663977081639	1.0968669606647689e-06	3.1473315591480865e-06	3.1459492417261227e-07	9.196878112646835e-07	0.00132475179290241	2.0502951927094134e-06	6.830670588590696e-07	3.087467180655854e-07
EU920834_JN819419	5.628433970844201e-06	0.004853278453886885	1.1244836046337127e-05	5.362697461749957e-05	5.367181815759612e-06	1.5678963217282513e-05	0.9950076216635213	3.063714542649952e-05	1.1648939654898566e-05	5.267407842755939e-06
EU482545	0.0	1.0	0.0	0.0	0.0	0.0	0.0	0.0	0.0	0.0
AF100466_GQ398308	1.6197156949134702e-08	0.9999921626766145	3.235542365560677e-08	1.5437882781001098e-07	1.5445333871762174e-08	4.512906579142615e-08	7.433506752194402e-06	9.162637008224251e-08	3.352624431802611e-08	1.5158210689118722e-08
M20558	0.0	1.0	0.0	0.0	0.0	0.0	0.0	0.0	0.0	0.0
EU529701_GQ398284	3.4404368996995616e-07	0.9999893310793734	6.872540467989431e-07	3.2780460541780694e-06	3.2807438284419333e-07	9.583996506538076e-07	2.163595113897079e-06	1.8754760313072564e-06	7.120560586945401e-07	3.2197559846521267e-07
EU482572_EU482572.1	2.6688169939412746e-10	0.9999999917321237	5.331166398480081e-10	2.5427972324565964e-09	2.5449398974225865e-10	7.434417805751519e-10	1.6733530510014315e-09	1.45167556258411e-09	5.523530476584303e-10	2.4976303831676756e-10
0.725	3.7413858137251755e-07	1.7119982665081818e-06	7.473698098036987e-07	3.939798906326904e-06	3.567707091681656e-07	1.0441607190673129e-06	2.3456547039872914e-06	0.9999883548564759	7.75113357167002e-07	3.5013847043846824e-07
FJ639701_FJ639701.1	0.0	0.0	0.0	0.0	0.0	0.0	0.0	1.0	0.0	0.0
EU482449_FM210204	9.499260666291533e-07	4.096420543222916e-06	1.8975496752664231e-06	9.246443876278687e-06	9.058329673833412e-07	2.6471809503278195e-06	5.954936439399043e-06	0.999971446292308	1.966423313909961e-06	8.889938594236308e-07
FM210208_FM210234.2	2.318984370744643e-07	1.0011567011700654e-06	4.6323478630000594e-07	2.2606752189167623e-06	2.2113429907302763e-07	6.462543598570599e-07	1.4537374007842133e-06	0.9999930248298474	4.800554571553459e-07	2.1702349225789645e-07
AF204177.2	0.0	0.0	0.0	1.0	0.0	0.0	0.0	0.0	0.0	0.0
AF204177.1	0.0	0.0	0.0	1.0	0.0	0.0	0.0	0.0	0.0	0.0
AF204177	0.0	0.0	0.0	1.0	0.0	0.0	0.0	0.0	0.0	0.0
AF204178.1	0.0	0.0	0.0	1.0	0.0	0.0	0.0	0.0	0.0	0.0
AF204178	0.0	0.0	0.0	1.0	0.0	0.0	0.0	0.0	0.0	0.0
DQ181804	0.0	0.0	0.0	0.0	0.0	0.0	0.0	1.0	0.0	0.0
AF100460_EU726767.1	1.8153925883488972e-11	7.70503804277455e-11	3.626385553696544e-11	1.7300138842815184e-10	1.731128309952428e-11	5.0578367088050606e-11	1.138010855359572e-10	0.9999999994592775	3.75730146884053e-11	1.698947259413739e-11
DQ181805	0.0	0.0	0.0	0.0	0.0	0.0	0.0	1.0	0.0	0.0
AJ487271.1	0.0	0.0	0.0	0.0	0.0	0.0	0.0	1.0	0.0	0.0
AJ487271	0.0	0.0	0.0	0.0	0.0	0.0	0.0	1.0	0.0	0.0
AY037116_AY037116.2	1.703697053148462e-11	7.230817873366796e-11	3.403265226257917e-11	1.8611173560459783e-10	1.6246174185668385e-11	0.9999999957282641	1.0679925960313341e-10	3.7879944961608675e-09	3.526206227235685e-11	1.5944163670605483e-11
FJ196853_FJ196854.2	0.0001511625746438821	0.0006415645157234379	0.0003019588082309598	0.8823349009687684	0.00014414613569407872	0.0004964283240061911	0.000947589285859396	0.11452788475078012	0.0003128981252414572	0.00014146651105212987
AY858036_JN851129.1	6.990126115304669e-10	2.9689486773457467e-09	1.3963293976900753e-09	1.334719156283116e-06	6.665623687269619e-10	5.605688404601194e-07	4.38185679251583e-09	0.9999980924519563	1.493165983095167e-09	6.541712148452667e-10
JN851131_JN851131.2	0.0	0.0	0.0	0.0	0.0	0.0	0.0	1.0	0.0	0.0
DQ645550	0.0	0.0	0.0	1.0	0.0	0.0	0.0	0.0	0.0	0.0
KF041236	0.0	0.0	0.0	0.0	0.0	0.0	0.0	0.0	1.0	0.0
AF276619	0.0	0.0	0.0	1.0	0.0	0.0	0.0	0.0	0.0	0.0
0.476	1.2167582874481241e-08	5.164408313592668e-08	2.4305675787841876e-08	1.2890077257790778e-07	1.1602801220697387e-08	3.389660517235565e-08	7.627461165396677e-08	6.724103369774109e-08	0.9999995825786882	1.138814571844357e-08
JQ955623	0.0	0.0	0.0	0.0	0.0	0.0	0.0	0.0	1.0	0.0
AF100465_AF100465.1	2.731523930032435e-11	1.7862359358438508e-10	6.803949479356761e-09	2.6025377667063194e-10	2.6047337176754083e-11	7.609110074874973e-11	0.9999999923966381	1.4873048511240022e-10	5.678782301189961e-11	2.5563126578801046e-11
FJ898449	0.0	0.0	1.0	0.0	0.0	0.0	0.0	0.0	0.0	0.0
EU482444_GQ868558	1.0325517168102555e-05	0.013283800321744267	0.006499583187136824	9.838014232079556e-05	9.846242895669998e-06	2.8763486603723097e-05	0.9799820641751592	5.6203422817081406e-05	2.137029936072097e-05	9.663204793630007e-06
EU920828_EU920828.1	2.1551046419043078e-08	4.337920803454825e-06	3.1752426828973596e-07	2.0533415513656298e-07	2.055072266335879e-08	6.00338884032224e-08	0.9999948550915717	1.1722162362161564e-07	4.460322806084786e-08	2.0168692145555394e-08
EU482546_EU677142	1.568000224587638e-07	0.9999909429990207	3.1460955666216924e-07	1.493970984623379e-06	1.4952191545827377e-07	4.367934026799917e-07	5.180463359325199e-06	8.535767117196112e-07	3.245226693157718e-07	1.4674235701056348e-07
AF208496_FJ898451.1	3.157690792131563e-08	0.9999899025346907	6.494613056546486e-08	3.0087544958926906e-07	3.011121650705094e-08	8.796535171123245e-08	9.31425893669135e-06	1.7282542570727761e-07	6.535443050635466e-08	2.9551459858959712e-08
EU920834_EU920835.1	3.408490999035682e-07	9.210734983032017e-05	6.809023549224971e-07	3.247547628741079e-06	3.250280832432346e-07	9.494903924125883e-07	0.9998994701827398	1.8542236715655855e-06	7.054402706757596e-07	3.1898592847446564e-07
EU920840_JN819419	1.982598792455084e-07	6.79316385509471e-05	3.960616251269087e-07	1.8889849667383499e-06	1.8905735262876124e-07	5.522852246633381e-07	0.9999271692241669	1.0786156233069327e-06	4.103297658860528e-07	1.8554284467191534e-07
AF100466_FJ898450.1	3.1387985642724467e-06	0.9951949592997467	6.269990419538328e-06	2.9905839793767298e-05	2.9931065803307354e-06	8.743622487501738e-06	0.004727484132531776	1.7071515623768234e-05	6.49622844330457e-06	2.9374658091785255e-06
EU482576_GQ398308	7.933629625513742e-08	0.9999974989778738	1.5848032478617444e-07	7.559001578137208e-07	7.565378457775495e-08	2.21003855568551e-07	5.407065959690631e-07	4.314949889631476e-07	1.6419871424493352e-07	7.424740802499474e-08
EU529701	0.0	1.0	0.0	0.0	0.0	0.0	0.0	0.0	0.0	0.0
GQ398284	0.0	1.0	0.0	0.0	0.0	0.0	0.0	0.0	0.0	0.0
EU482572.1	0.0	1.0	0.0	0.0	0.0	0.0	0.0	0.0	0.0	0.0
EU482572	0.0	1.0	0.0	0.0	0.0	0.0	0.0	0.0	0.0	0.0
FJ639697_FJ639702	3.0386002934307457e-07	1.2898472061776707e-06	6.069836591246752e-07	2.895744364230533e-06	2.897559134767063e-07	8.464534177456028e-07	1.9048007945765358e-06	0.9999909492986983	6.288864615058269e-07	2.8436945561459507e-07
JX649148	0.0	0.0	0.0	0.0	0.0	0.0	0.0	1.0	0.0	0.0
FJ639701.1	0.0	0.0	0.0	0.0	0.0	0.0	0.0	1.0	0.0	0.0
FJ639701	0.0	0.0	0.0	0.0	0.0	0.0	0.0	1.0	0.0	0.0
EU482449_FM210220	5.7682438620273486e-08	2.449924425220196e-07	1.1522508413518215e-07	5.50122332359547e-07	5.500502045109536e-08	1.6068632546721342e-07	3.6159298972596016e-07	0.9999982813270644	1.1938380530570802e-07	5.39824969715586e-08
FM210204	0.0	0.0	0.0	0.0	0.0	0.0	0.0	1.0	0.0	0.0
0.270	4.160196070844704e-07	1.766297031265654e-06	8.310309960210468e-07	3.965657673492885e-06	3.967094326708826e-07	1.1588982753882676e-06	2.6078939546156557e-06	0.9999876071376408	8.610206412396055e-07	3.8933474748518764e-07
FM210217_FM210234.2	2.3433823703139996e-08	9.948860825176434e-08	4.681085586018836e-08	2.2336648003802618e-07	2.2346107668214354e-08	6.527910708594928e-08	1.4689914024658106e-07	0.9999993019450716	4.850010384776699e-08	2.1930701591103415e-08
EU726767_EU726767.1	0.0	0.0	0.0	0.0	0.0	0.0	0.0	1.0	0.0	0.0
DQ181803	0.0	0.0	0.0	0.0	0.0	0.0	0.0	1.0	0.0	0.0
AF100460_EU687246	4.215506737708208e-09	1.789140436774004e-08	8.42079728203835e-09	4.806465505946883e-08	4.01983775239469e-09	1.1742960716275824e-08	2.6425648922655974e-08	0.999999866549438	8.724640875444627e-09	3.945110419288733e-09
AF100461_AF169680	1.72193893730652e-08	7.308233089910811e-08	3.439704791217435e-08	1.6406278245457353e-07	1.642012592597601e-08	4.7967332489800926e-08	1.0794278518511343e-07	0.999999487155144	3.56381801170999e-08	1.611488171083792e-08
AY037116.2	0.0	0.0	0.0	0.0	0.0	1.0	0.0	0.0	0.0	0.0
AY037116.1	0.0	0.0	0.0	0.0	0.0	1.0	0.0	0.0	0.0	0.0
AY037116	0.0	0.0	0.0	0.0	0.0	1.0	0.0	0.0	0.0	0.0
FJ196854_FJ196854.2	0.0	0.0	0.0	1.0	0.0	0.0	0.0	0.0	0.0	0.0
FJ196853	0.0	0.0	0.0	1.0	0.0	0.0	0.0	0.0	0.0	0.0
AY858036_HM488257.1	2.122553479513583e-06	9.008516806971068e-06	4.239962994441143e-06	0.00020960928651603074	2.024032017468914e-06	0.0004636144203478934	1.3305601568311055e-05	0.9992896962652057	4.3929550709571955e-06	1.9864059927129606e-06
0.674	2.1596888830827882e-07	9.166138745105763e-07	4.3141437947696613e-07	2.807324384263255e-06	2.0594437010423664e-07	9.169271611291221e-07	1.3538391255959739e-06	0.9999925028447598	4.4700711826776157e-07	2.0211593858684242e-07
EU179859_JN851130.2	2.2856293192716798e-07	9.70064175379255e-07	4.5657194627293597e-07	2.210397222862049e-06	2.17953844995565e-07	6.5045147842404e-07	1.4327871282903781e-06	0.9999931462617535	4.730473566904625e-07	2.139021616740167e-07
JN851131.2	0.0	0.0	0.0	0.0	0.0	0.0	0.0	1.0	0.0	0.0
JN851131.1	0.0	0.0	0.0	0.0	0.0	0.0	0.0	1.0	0.0	0.0
JN851131	0.0	0.0	0.0	0.0	0.0	0.0	0.0	1.0	0.0	0.0
FJ898454_KJ010186	2.146232434481145e-08	9.109015432312387e-08	4.287263518368146e-08	7.204533502979052e-07	2.0466118772890496e-08	5.978670497981413e-08	1.345403727349099e-07	1.1672735474838496e-07	0.9999987719620265	2.0638958301084062e-08
JQ922549	0.0	0.0	0.0	0.0	0.0	0.0	0.0	0.0	1.0	0.0
AF100465.1	0.0	0.0	0.0	0.0	0.0	0.0	1.0	0.0	0.0	0.0
AF100465	0.0	0.0	0.0	0.0	0.0	0.0	1.0	0.0	0.0	0.0
0.907	8.408859301145453e-08	1.0555088544801883e-06	0.9999448012719824	8.011787690598285e-07	8.018549648741399e-08	2.3424208123830736e-07	5.223347288219651e-05	4.573221587624498e-07	1.740343053673031e-07	7.869487704569348e-08
0.313	5.556158482828069e-07	0.0004884490250076497	0.00023897752398381188	5.293820448815574e-06	5.298261122393164e-07	1.5477604258753113e-06	0.9992599530261752	3.0234906895614362e-06	1.149934472500643e-06	5.19976836020653e-07
EU920828.1	0.0	0.0	0.0	0.0	0.0	0.0	1.0	0.0	0.0	0.0
EU920828	0.0	0.0	0.0	0.0	0.0	0.0	1.0	0.0	0.0	0.0
EU677142	0.0	1.0	0.0	0.0	0.0	0.0	0.0	0.0	0.0	0.0
EU482546	0.0	1.0	0.0	0.0	0.0	0.0	0.0	0.0	0.0	0.0
0.424	5.2160632327676226e-08	0.999985056721458	1.0423187387005875e-07	4.969760616851019e-07	4.9739519317111907e-08	1.453017477222947e-07	1.365439971042994e-05	2.836996267254675e-07	1.079544902806039e-07	4.881487960340062e-08
EU482726_FJ898451.1	8.17313160229268e-08	0.9999973440307437	1.632813460704275e-07	7.787192362204198e-07	7.793763598306318e-08	2.2767553263320613e-07	6.364705152628241e-07	4.4450930572647355e-07	1.6915556504985895e-07	7.648880345689277e-08
EU920835_EU920835.1	6.549153716394433e-11	5.263077827729909e-10	1.3082443965865045e-10	6.239898477696507e-10	6.245165051830386e-11	1.8243703800153357e-10	0.9999999978554821	3.561800803330443e-10	1.3554483096366793e-10	6.129069687321757e-11
EU920834	0.0	0.0	0.0	0.0	0.0	0.0	1.0	0.0	0.0	0.0
EU920840_FJ850088.2	1.6541893851402263e-07	2.065765880180353e-06	3.304374418512176e-07	1.5760775654319488e-06	1.5774077360131738e-07	4.608006344056e-07	0.9999938469443793	8.996459620394783e-07	3.423599950588556e-07	1.5480842954681545e-07
JN819419	0.0	0.0	0.0	0.0	0.0	0.0	1.0	0.0	0.0	0.0
EU482551_FJ898450.1	4.079927822541611e-07	0.9997892667207527	8.149968068325171e-07	3.8872715529212646e-06	3.890551932295311e-07	1.1365285325956535e-06	0.00020065227747821294	2.218930116956565e-06	8.44403986610703e-07	3.818227975927305e-07
AF100466_FJ898465	4.303734160884894e-06	0.006484550970485565	8.59703831173551e-06	4.100508942338571e-05	4.103969969110703e-06	1.1988732166821257e-05	0.9934091094847084	2.340606099420593e-05	8.907241131375661e-06	4.027678648458299e-06
EU482587_GQ398308	1.38852263790954e-09	0.9999999569734485	2.7736802206125583e-09	1.322955673190723e-08	1.3240723042696158e-09	3.867949423111164e-09	8.718000044726748e-09	7.551550310368864e-09	2.8737616010755804e-09	1.2994582779750016e-09
EU482576	0.0	1.0	0.0	0.0	0.0	0.0	0.0	0.0	0.0	0.0
FJ639697	0.0	0.0	0.0	0.0	0.0	0.0	0.0	1.0	0.0	0.0
FJ639702	0.0	0.0	0.0	0.0	0.0	0.0	0.0	1.0	0.0	0.0
EU482449_FM210241	2.7652509064842826e-08	1.1736409710663124e-07	5.5238002837569996e-08	2.634723520711179e-07	2.636897690128644e-08	7.703046294866448e-08	1.7334464362820717e-07	0.9999991764190288	5.72311394963158e-08	2.587878713693789e-08
EU482664_FM210220	1.5677115508283014e-08	6.653691873501757e-08	3.13162378499475e-08	1.4936918766944098e-07	1.4949438981729693e-08	4.367108912380103e-08	9.82747696227743e-08	0.9999995330874999	3.2446208458200724e-08	1.467153430613193e-08
FM210237_FM210237.4	0.0	0.0	0.0	0.0	0.0	0.0	0.0	1.0	0.0	0.0
FM210208	0.0	0.0	0.0	0.0	0.0	0.0	0.0	1.0	0.0	0.0
0.803	2.6964647706943584e-08	1.144491566236744e-07	5.3863947116624696e-08	2.569320713019721e-07	2.5713043586116982e-08	7.51143862246093e-08	1.690326739975037e-07	0.9999991968874937	5.580753237271345e-08	2.5235047385378986e-08
FM210234_FM210234.2	2.90459544572234e-13	1.2327651599070308e-12	5.802151664457793e-13	2.7674389733720403e-12	2.7697743485067074e-13	8.091210006673462e-13	1.8207969836880875e-12	0.9999999999913491	6.011507932355981e-13	2.718285242946192e-13
EU726767.1	0.0	0.0	0.0	0.0	0.0	0.0	0.0	1.0	0.0	0.0
EU726767	0.0	0.0	0.0	0.0	0.0	0.0	0.0	1.0	0.0	0.0
DQ181798_EU687246	5.39449977978324e-08	2.2895272838643874e-07	1.0775926100939959e-07	2.197024350255087e-06	5.144106087197054e-08	1.502723228768795e-07	3.3816375151005657e-07	0.9999967103092501	1.1164748678210486e-07	5.0484790114820297e-08
AF100460_FJ687434	4.140359088607e-08	1.7572463593173594e-07	8.270684102609583e-08	3.9491876653792343e-07	3.9481781926665885e-08	1.1533625047524409e-07	2.595457260466067e-07	0.9999987664434649	8.569111233461259e-08	3.874782984914905e-08
AF169679_AF169680	4.7024101416933433e-08	1.9957914095523378e-07	9.393424089681618e-08	4.480359164127108e-07	4.484140814137524e-08	1.3099307145371037e-07	2.947788895299306e-07	0.9999985994817838	9.732362509423938e-08	4.400782254675156e-08
0.091	3.9601746627601874e-08	1.6807726961782305e-07	7.910751924144642e-08	3.7731725455182204e-07	3.7763572936665467e-08	1.1031692833979449e-07	2.48250546902017e-07	0.9999988205416821	8.19619179479608e-08	3.70615617441918e-08
FJ196854.2	0.0	0.0	0.0	1.0	0.0	0.0	0.0	0.0	0.0	0.0
FJ196854.1	0.0	0.0	0.0	1.0	0.0	0.0	0.0	0.0	0.0	0.0
FJ196854	0.0	0.0	0.0	1.0	0.0	0.0	0.0	0.0	0.0	0.0
0.955	1.5720969398833702e-05	6.672275448418051e-05	3.140383935342646e-05	0.001961632848868995	1.499125733266695e-05	0.0044311791887850374	9.854967478396715e-05	0.9933325499199647	3.25369717590863e-05	1.4712575269017007e-05
AY858036_AY858036.1	5.60656100944653e-13	2.379530063464794e-12	1.1199534634257765e-12	6.091512709489541e-12	5.346324180964367e-13	3.373639081773381e-12	3.5145718443169746e-12	0.9999999999807405	1.160364221471238e-12	5.246937943864287e-13
GU370051_JN851121	4.6177181448718805e-07	1.9598465338321184e-06	9.224245345321167e-07	4.401148621138824e-06	4.403379921664772e-07	1.2869618944236782e-06	2.8946982204386177e-06	0.9999862449501323	9.55707988797263e-07	4.321522678047836e-07
JN851128_JN851129.1	1.9457715006973233e-07	8.258220643941634e-07	3.8868274644043936e-07	1.8545046848711518e-06	1.8554556362074242e-07	5.422836181489844e-07	1.219741249626662e-06	0.9999942040391632	4.027074211794173e-07	1.8209633855419338e-07
EU179859_EU482640	7.650472118243296e-07	3.247004432530743e-06	1.5282403475494014e-06	7.294463004439673e-06	7.295364129943509e-07	2.1333688731403265e-06	4.795833641453947e-06	0.9999772071481864	1.5833832953030091e-06	7.159745943576965e-07
JN851130_JN851130.2	1.5951778608768346e-13	6.770235210700479e-13	3.1864898412050946e-13	1.5198779222275111e-12	1.5211353191719928e-13	4.443727201515338e-13	9.999654310511277e-13	0.999999999995249	3.301466435955155e-13	1.4928579625480135e-13
0.801	1.282705060455247e-07	5.444041832265674e-07	2.5623015117101577e-07	1.1709341649739396e-05	1.2231664062751384e-07	3.5731778265466147e-07	8.040863342574149e-07	6.976060298297531e-07	0.9999852602212531	1.202054694276818e-07
KF041233_KJ010186	1.0828419513794531e-08	4.5957851387285694e-08	2.1630596576891112e-08	1.0326678039036366e-07	1.0325802393091322e-08	3.0164275093286924e-08	6.787986125111212e-08	5.8890853716740444e-08	0.9999981380242622	1.5130312974023314e-06
0.835	1.0271188477821436e-09	1.0034927817749713e-08	0.9999995401336957	9.78617635365895e-09	9.794436060042381e-10	2.8612020452332446e-09	4.2650436537454915e-07	5.586053084056281e-09	2.1257807734651435e-09	9.612361028380274e-10
0.874	3.350206938446662e-09	2.2037901754015362e-08	0.999999302174465	3.192007952141644e-08	3.194702124129109e-09	9.332531343183451e-09	5.997007488266087e-07	1.8220281256601118e-08	6.933769612519985e-09	3.1353137645710917e-09
0.892	2.8064190483842537e-08	5.304439181078443e-06	2.5934913540344454e-06	2.673900983876129e-07	2.6761549497492573e-08	7.817729016427727e-08	0.9999914646820556	1.5264703181254058e-07	5.8083187051866575e-08	2.6264061950255273e-08
FJ639732_GQ868558	1.587608721434451e-07	2.3572163854624725e-06	1.1409081548764535e-06	1.5126408624286308e-06	1.513917512404052e-07	4.422535336694362e-07	0.9999928962366131	8.634342947077982e-07	3.285800990332704e-07	1.485774332203069e-07
0.730	1.3351663948564388e-06	0.9994714983296792	2.667116342315596e-06	1.2721189551961759e-05	1.2731926702088345e-06	3.7193171818912304e-06	0.0004955114564835163	7.26137458028914e-06	2.7633326378588325e-06	1.2495244779495625e-06
EU677145	0.0	1.0	0.0	0.0	0.0	0.0	0.0	0.0	0.0	0.0
EU687216_FJ898451.1	2.7024470795153296e-08	0.999998036756294	5.3983629143957e-08	2.5748357228904913e-07	2.577008997948523e-08	7.528093765333989e-08	1.2955047436097001e-06	1.4697392187561865e-07	5.5931307351595404e-08	2.5291033306881888e-08
EU482726_EU482726.2	0.0	1.0	0.0	0.0	0.0	0.0	0.0	0.0	0.0	0.0
EU920835.1	0.0	0.0	0.0	0.0	0.0	0.0	1.0	0.0	0.0	0.0
EU920835	0.0	0.0	0.0	0.0	0.0	0.0	1.0	0.0	0.0	0.0
FJ850088_FJ850088.2	0.0	0.0	0.0	0.0	0.0	0.0	1.0	0.0	0.0	0.0
EU920840	0.0	0.0	0.0	0.0	0.0	0.0	1.0	0.0	0.0	0.0
EU482551_EU569714	8.033539973791899e-08	0.999996971436376	1.6047610830835174e-07	7.654190817831578e-07	7.660651324086438e-08	2.237869614833391e-07	1.0435827931480118e-06	4.3690784959063167e-07	1.6626649092879102e-07	7.518242580608528e-08
FJ898450_FJ898450.1	1.08780413661547e-09	0.9999999614559608	2.1729720025154658e-09	1.0364372934615744e-08	1.0373120973699927e-09	3.030250463726411e-09	1.1665846969620006e-08	5.916073423335135e-09	2.2513783109041525e-09	1.018028839833335e-09
AF489932_FJ898465	9.628987726031884e-07	0.0011138344092273753	1.9234639800657493e-06	9.174300450943927e-06	9.182044007216058e-07	2.6823068184634885e-06	0.9988623736436321	5.236769995261476e-06	1.9928674101366643e-06	9.011353122811076e-07
AF100466	0.0	0.0	0.0	0.0	0.0	0.0	1.0	0.0	0.0	0.0
GQ398286_GQ398308	2.2691824489246514e-08	0.9999992970668364	4.532865581127738e-08	2.1620301237057232e-07	2.163854986558671e-08	6.321166587364539e-08	1.4224840808423466e-07	1.234105220653434e-07	4.696422797601882e-08	2.1236297032677655e-08
0.828	1.0986771040654356e-09	0.9999999659658311	2.1946915868996777e-09	1.046796830463168e-08	1.0476803799431666e-09	3.0605388314700797e-09	6.887321126447672e-09	5.975205539357275e-09	2.273881591681942e-09	1.0282043797752622e-09
FM210221_FM210241	2.7616694781762597e-08	1.1721048603112211e-07	5.5166461074826074e-08	2.631262587209327e-07	2.633482501289797e-08	7.693067146960462e-08	1.7312013156535167e-07	0.9999991774921949	5.715700625976573e-08	2.5845270119829567e-08
EU482449	0.0	0.0	0.0	0.0	0.0	0.0	0.0	1.0	0.0	0.0
0.819	1.678893293975025e-08	7.125540017355925e-08	3.353717824777607e-08	1.5996150459838403e-07	1.6009649765124183e-08	4.6768228023871935e-08	1.052443929835534e-07	0.9999994999753931	3.474728422485963e-08	1.571203615368043e-08
FM210220	0.0	0.0	0.0	0.0	0.0	0.0	0.0	1.0	0.0	0.0
FM210237.4	0.0	0.0	0.0	0.0	0.0	0.0	0.0	1.0	0.0	0.0
FM210237.3	0.0	0.0	0.0	0.0	0.0	0.0	0.0	1.0	0.0	0.0
FM210237.2	0.0	0.0	0.0	0.0	0.0	0.0	0.0	1.0	0.0	0.0
FM210237.1	0.0	0.0	0.0	0.0	0.0	0.0	0.0	1.0	0.0	0.0
FM210237	0.0	0.0	0.0	0.0	0.0	0.0	0.0	1.0	0.0	0.0
FM210222_FM210222.1	4.310612384433149e-12	1.829505112339661e-11	8.610778088918801e-12	4.107062507564763e-11	4.110528929739857e-12	1.2007892536478061e-11	2.7021835476793038e-11	0.9999999998716173	8.921476671120509e-12	4.0341156803764095e-12
FM210217	0.0	0.0	0.0	0.0	0.0	0.0	0.0	1.0	0.0	0.0
FM210234.2	0.0	0.0	0.0	0.0	0.0	0.0	0.0	1.0	0.0	0.0
FM210234.1	0.0	0.0	0.0	0.0	0.0	0.0	0.0	1.0	0.0	0.0
FM210234	0.0	0.0	0.0	0.0	0.0	0.0	0.0	1.0	0.0	0.0
DQ181798_FJ639831.1	7.239285925501878e-07	3.0724892610508073e-06	1.4461027591314046e-06	0.0001404848310821327	6.903263753183538e-07	2.016617585320529e-06	4.53807431042297e-06	0.9998448518547847	1.4982817919617168e-06	6.774934571316653e-07
EU687246	0.0	0.0	0.0	0.0	0.0	0.0	0.0	1.0	0.0	0.0
0.936	1.6749839906157077e-07	7.108947452219897e-07	3.345908692178617e-07	1.595911826317592e-06	1.5972371292654133e-07	4.665932807967992e-07	1.0499933137612496e-06	0.9999950113755947	3.466637512031836e-07	1.5675450674560243e-07
FJ639828_FJ687434	3.921506615996941e-07	1.6643612489936187e-06	7.833509541829689e-07	3.7363317368410114e-06	3.7394840815331315e-07	1.0923976873066652e-06	2.458265720589794e-06	0.9999883205805088	8.116162312511876e-07	3.669968421992226e-07
AF169679_AF169679.1	0.0	0.0	0.0	0.0	0.0	0.0	0.0	1.0	0.0	0.0
AF169680	0.0	0.0	0.0	0.0	0.0	0.0	0.0	1.0	0.0	0.0
AF100461_FJ906957.1	1.4536317534229997e-07	6.169486877403203e-07	2.903740660361179e-07	1.3849902818933786e-06	1.3861592838227254e-07	4.0493211439679915e-07	9.112347522821016e-07	0.9999956706503914	3.008514943026458e-07	1.3603910829846623e-07
DQ181799	0.0	0.0	0.0	0.0	0.0	0.0	0.0	1.0	0.0	0.0
EU179858_KC131142.1	3.490226482251425e-05	0.0001481317840122366	6.971994472814882e-05	0.006776522198675742	3.328222453589183e-05	0.0028352913126551	0.0002187910147435276	0.9897784601180548	7.223561777892955e-05	3.2663519992923844e-05
HM488257_HM488257.1	2.0846416834369097e-08	8.847611838330785e-08	4.164231280876523e-08	2.0916023006734731e-07	1.9878799538708284e-08	0.9999935353685002	1.306794477714376e-07	5.891294042327318e-06	4.314487244108796e-08	1.9509259829303184e-08
AY858036.1	0.0	0.0	0.0	0.0	0.0	0.0	0.0	1.0	0.0	0.0
AY858036	0.0	0.0	0.0	0.0	0.0	0.0	0.0	1.0	0.0	0.0
GU370051	0.0	0.0	0.0	0.0	0.0	0.0	0.0	1.0	0.0	0.0
JN851121	0.0	0.0	0.0	0.0	0.0	0.0	0.0	1.0	0.0	0.0
JN851129_JN851129.1	0.0	0.0	0.0	0.0	0.0	0.0	0.0	1.0	0.0	0.0
JN851128	0.0	0.0	0.0	0.0	0.0	0.0	0.0	1.0	0.0	0.0
EU482640	0.0	0.0	0.0	0.0	0.0	0.0	0.0	1.0	0.0	0.0
EU179859	0.0	0.0	0.0	0.0	0.0	0.0	0.0	1.0	0.0	0.0
JN851130.2	0.0	0.0	0.0	0.0	0.0	0.0	0.0	1.0	0.0	0.0
JN851130.1	0.0	0.0	0.0	0.0	0.0	0.0	0.0	1.0	0.0	0.0
JN851130	0.0	0.0	0.0	0.0	0.0	0.0	0.0	1.0	0.0	0.0
FJ898454_FJ898454.1	1.0934149792847796e-10	4.6406590599066814e-10	2.1841800899854537e-10	1.0527875141842593e-09	1.0426625044735843e-10	3.0458803506085874e-10	6.854265018935119e-10	5.946587211222012e-10	0.9999999963641195	1.0232814915125084e-10
JQ955624_KF479233.1	2.9650121573476478e-05	0.0001258406990161307	5.922838669065643e-05	0.005031762253242925	2.8273867290503017e-05	8.259510287057908e-05	0.0001858670266628153	0.00016125353809522293	0.9942677806552359	2.774834932180996e-05
KJ010185_KJ010186	2.3480803158788483e-08	9.965694999296224e-08	4.690470107684187e-08	2.2372229327121278e-07	2.2390906922282406e-08	6.540949073536705e-08	1.4719356397794013e-07	1.2770141819769711e-07	0.9999991893353644	5.420450842280592e-08
0.821	2.068352720384392e-07	8.778478411890712e-07	4.1316928307365495e-07	1.9707342109745015e-06	1.972347067150568e-07	5.761723616805195e-07	1.2965834533768706e-06	1.1248830544336387e-06	0.9999386639480832	5.4672591733471305e-05
0.896	3.671803847271151e-10	1.5622707820758254e-09	0.9999999875091615	3.498418794048991e-09	3.5013716364445475e-10	1.02283903201514e-09	2.5895004924027083e-09	1.9969272716181296e-09	7.599363949348002e-10	3.4362824013259235e-10
EU482693_KJ189370.1	3.2451822346791845e-09	1.3781582058134281e-08	0.9999998915507866	3.09194254148781e-08	3.0945522975157766e-09	9.039968346916273e-09	2.0966001305939037e-08	1.7649071522019805e-08	6.716404772344282e-09	3.0370256870916357e-09
FJ898439_GQ868515	3.5721128567190454e-08	1.5209165488468245e-07	0.9999987768625339	3.4034352793431887e-07	3.4063079507882623e-08	9.950685299727298e-08	2.597799947269638e-07	1.9427098754769808e-07	7.393038080363605e-08	3.3429859152786486e-08
FJ898461_FJ898461.1	8.762926284770518e-12	3.719481735762578e-11	0.9999999997086126	8.349134997075272e-11	8.356182089780026e-12	2.441051704078486e-11	5.5176795822388505e-11	4.76575740069861e-11	1.8136226461967264e-11	8.200843680376551e-12
FJ898466_GQ868553	1.0517895400584803e-07	6.607607623628741e-07	3.150003845216926e-07	1.0021233409247718e-06	1.0029691716082769e-07	2.9299261268011206e-07	0.9999966355092325	5.720213062966204e-07	2.1768405598997208e-07	9.843243366675809e-08
EU482607_KJ189305	5.590869517955637e-07	2.625645571166534e-06	1.2405140606315831e-06	5.326864903890797e-06	5.331361033271546e-07	1.5574251273559841e-06	0.999983436364595	3.040620778610549e-06	1.1571166124855354e-06	5.232252955687054e-07
FJ639732_FJ639733.1	7.79853887027052e-09	3.4756727596484486e-08	1.6389644567900733e-08	7.430286615910127e-08	7.4365581446626895e-09	2.1724063393564803e-08	0.9999997717402931	4.241271505174378e-08	1.614027808547638e-08	7.298315212517735e-09
GQ868555_GQ868558	1.8764356170621182e-07	8.249789626271581e-07	3.888200716011308e-07	1.7878290636249408e-06	1.7893380802654945e-07	5.227108176126791e-07	0.9999945246107861	1.020508165553959e-06	3.883572701161094e-07	1.7560749311039352e-07
AF208496_AY702039	4.4980713713511156e-08	0.9999922515633727	8.985266938743767e-08	4.2856694314699077e-07	4.289286730263397e-08	1.2530089222800912e-07	6.637022708853222e-06	2.4462980891191104e-07	9.309451947663547e-08	4.209550437899755e-08
EU920833	0.0	0.0	0.0	0.0	0.0	0.0	1.0	0.0	0.0	0.0
EU687216_FJ898453	8.211809679611867e-08	0.999895343973258	1.640371881062727e-07	7.824042490147218e-07	7.830646377649532e-08	2.2875294577806106e-07	0.00010262699795073804	4.4660301571464786e-07	1.699560571153076e-07	7.685077487475052e-08
FJ898451_FJ898451.1	5.863537964409976e-11	0.999999998181112	1.1712865806309656e-10	5.586657748180899e-10	5.591373170181891e-11	1.6333812330321294e-10	3.7008590023080427e-10	3.188911849057121e-10	1.2135495488059081e-10	5.487431560807487e-11
EU482726.2	0.0	1.0	0.0	0.0	0.0	0.0	0.0	0.0	0.0	0.0
EU482726.1	0.0	1.0	0.0	0.0	0.0	0.0	0.0	0.0	0.0	0.0
EU482726	0.0	1.0	0.0	0.0	0.0	0.0	0.0	0.0	0.0	0.0
FJ850088.2	0.0	0.0	0.0	0.0	0.0	0.0	1.0	0.0	0.0	0.0
FJ850088.1	0.0	0.0	0.0	0.0	0.0	0.0	1.0	0.0	0.0	0.0
FJ850088	0.0	0.0	0.0	0.0	0.0	0.0	1.0	0.0	0.0	0.0
EU482551_EU569719	3.6972414784504036e-10	0.9999999884497851	7.385522768679884e-10	3.5226552432422136e-09	3.525628542317935e-10	1.0299250864998293e-09	2.4148238241722914e-09	2.010761650264251e-09	7.652011047517775e-10	3.4600883800731485e-10
EU569714	0.0	1.0	0.0	0.0	0.0	0.0	0.0	0.0	0.0	0.0
FJ898450.1	0.0	1.0	0.0	0.0	0.0	0.0	0.0	0.0	0.0	0.0
FJ898450	0.0	1.0	0.0	0.0	0.0	0.0	0.0	0.0	0.0	0.0
AF489932_KC294222.1	1.7397624530233957e-08	2.2784038479630173e-06	3.475308627753468e-08	1.657609697282566e-07	1.659008803450424e-08	4.8463834604428665e-08	0.9999972917240231	9.461777620599202e-08	3.600706523682257e-08	1.6281684285105895e-08
FJ898465	0.0	0.0	0.0	0.0	0.0	0.0	1.0	0.0	0.0	0.0
GQ398302_GQ398308	5.432581796721626e-08	0.9999983171304112	1.0851997843836462e-07	5.176051621273204e-07	5.1804204709476435e-08	1.5133315768573607e-07	3.405509947879798e-07	2.954534370711142e-07	1.1243565281345799e-07	5.084118323944122e-08
GQ398286	0.0	1.0	0.0	0.0	0.0	0.0	0.0	0.0	0.0	0.0
0.940	1.549580003016292e-08	0.9999995199812445	3.0954046309497344e-08	1.476407790445438e-07	1.477653953381982e-08	4.3166001676174895e-08	9.713817881196865e-08	8.427461473801522e-08	3.2070946328135103e-08	1.4501848996561372e-08
EU482587	0.0	1.0	0.0	0.0	0.0	0.0	0.0	0.0	0.0	0.0
FM210221	0.0	0.0	0.0	0.0	0.0	0.0	0.0	1.0	0.0	0.0
FM210241	0.0	0.0	0.0	0.0	0.0	0.0	0.0	1.0	0.0	0.0
FM210202	0.0	0.0	0.0	0.0	0.0	0.0	0.0	1.0	0.0	0.0
EU482664	0.0	0.0	0.0	0.0	0.0	0.0	0.0	1.0	0.0	0.0
FM210222.1	0.0	0.0	0.0	0.0	0.0	0.0	0.0	1.0	0.0	0.0
FM210222	0.0	0.0	0.0	0.0	0.0	0.0	0.0	1.0	0.0	0.0
FJ196851_FJ639831.1	1.225376617414499e-05	5.2007291002085674e-05	2.447783559944644e-05	0.0028014534354732262	1.1684989478309238e-05	3.413480363599897e-05	7.6814898669667e-05	0.9969503441526157	2.536105761067164e-05	1.146776974087953e-05
DQ181798_DQ181798.2	6.764857108602706e-13	2.8711327377615576e-12	1.3513319725939497e-12	7.064162984807014e-12	6.450856252102725e-13	1.884457935185442e-12	4.240670222747673e-12	0.9999999999792335	1.400091436551389e-12	6.330937162412511e-13
AF100464_GQ868544	3.422674016322974e-07	1.4526473007765422e-06	6.837053252968293e-07	3.261053424394498e-06	3.2638055353791646e-07	9.534399775289696e-07	2.1455636904341066e-06	0.9999898062539326	7.083751368919236e-07	3.2031325683445985e-07
AF100460_AF100460.1	1.350360837916323e-11	5.731185666290444e-11	2.6974491042753104e-11	1.2865959231336613e-10	1.2876818407279644e-11	3.761643676315122e-11	8.464975539592965e-11	0.999999999597822	2.794779867584691e-11	1.2637443000177093e-11
FJ687434	0.0	0.0	0.0	0.0	0.0	0.0	0.0	1.0	0.0	0.0
FJ639828	0.0	0.0	0.0	0.0	0.0	0.0	0.0	1.0	0.0	0.0
AF169679.1	0.0	0.0	0.0	0.0	0.0	0.0	0.0	1.0	0.0	0.0
AF169679	0.0	0.0	0.0	0.0	0.0	0.0	0.0	1.0	0.0	0.0
EU482451_FJ906957.1	1.6813992557168238e-07	7.136175045290257e-07	3.3587236751185816e-07	1.6020024491508256e-06	1.6033546203405464e-07	4.683803543494194e-07	1.054014836056338e-06	0.9999949922907277	3.4799148918597867e-07	1.5735488365798e-07
AF100461	0.0	0.0	0.0	0.0	0.0	0.0	0.0	1.0	0.0	0.0
KC131142_KC131142.1	0.0	0.0	0.0	1.0	0.0	0.0	0.0	0.0	0.0	0.0
EU179858	0.0	0.0	0.0	0.0	0.0	0.0	0.0	1.0	0.0	0.0
HM488257.1	0.0	0.0	0.0	0.0	0.0	1.0	0.0	0.0	0.0	0.0
HM488257	0.0	0.0	0.0	0.0	0.0	1.0	0.0	0.0	0.0	0.0
JN851129.1	0.0	0.0	0.0	0.0	0.0	0.0	0.0	1.0	0.0	0.0
JN851129	0.0	0.0	0.0	0.0	0.0	0.0	0.0	1.0	0.0	0.0
FJ898454.1	0.0	0.0	0.0	0.0	0.0	0.0	0.0	0.0	1.0	0.0
FJ898454	0.0	0.0	0.0	0.0	0.0	0.0	0.0	0.0	1.0	0.0
KF479233_KF479233.1	5.2995447971674e-10	2.249226601258517e-09	1.0586246257144423e-09	0.999999901988857	5.053558580658191e-10	1.4762720166244794e-09	3.322113306264219e-09	2.88218159217149e-09	8.549145305095934e-08	4.959614820885391e-10
JQ955624	0.0	0.0	0.0	0.0	0.0	0.0	0.0	0.0	1.0	0.0
KJ010185_KJ010185.2	0.0	0.0	0.0	0.0	0.0	0.0	0.0	0.0	1.0	0.0
KJ010186	0.0	0.0	0.0	0.0	0.0	0.0	0.0	0.0	1.0	0.0
0.006	1.627137595147528e-08	6.905878340477761e-08	3.2503318559919297e-08	1.550320701668103e-07	1.55161159506839e-08	4.532649106389027e-08	1.0199999552511758e-07	8.849261973852501e-08	0.9999975575108901	1.9182883394792755e-06
KJ830750	0.0	0.0	0.0	0.0	0.0	0.0	0.0	0.0	0.0	1.0
FJ850065_GQ199894.1	2.884357853549228e-09	1.2241781604291128e-08	0.9999999041684385	2.7481565308790673e-08	2.7504761141529645e-09	8.034834968093132e-09	1.8082865077843314e-08	1.5686711649449662e-08	5.9696231064046995e-09	2.6993457558045845e-09
EU482444_FJ850121.1	1.931969757774229e-10	8.199671704801924e-10	0.9999999935810201	1.8407408431499193e-09	1.8422945216333618e-10	5.381807305207247e-10	1.2112985919785297e-09	1.050710558278943e-09	3.9985091630335133e-10	1.8080469313381159e-10
0.542	2.8770313218025718e-09	1.2211106618530686e-08	0.9999999043803353	2.741175962903901e-08	2.7434896542225592e-09	8.014425755210982e-09	1.8068036862752712e-08	1.5646865974129415e-08	5.954459719813738e-09	2.6924891716429564e-09
KJ189370_KJ189370.1	0.0	0.0	1.0	0.0	0.0	0.0	0.0	0.0	0.0	0.0
GQ868515	0.0	0.0	1.0	0.0	0.0	0.0	0.0	0.0	0.0	0.0
FJ898439	0.0	0.0	1.0	0.0	0.0	0.0	0.0	0.0	0.0	0.0
FJ898461.1	0.0	0.0	1.0	0.0	0.0	0.0	0.0	0.0	0.0	0.0
FJ898461	0.0	0.0	1.0	0.0	0.0	0.0	0.0	0.0	0.0	0.0
FJ898466_JN819408	1.9718611377734783e-07	8.401401048058608e-07	3.954823385291062e-07	1.8787485254717195e-06	1.880334284179731e-07	5.492931053405036e-07	0.9999942860656976	1.0724056787710714e-06	4.0810705220034994e-07	1.8453795484268407e-07
GQ868553	0.0	0.0	0.0	0.0	0.0	0.0	1.0	0.0	0.0	0.0
KJ189305	0.0	0.0	0.0	0.0	0.0	0.0	1.0	0.0	0.0	0.0
EU482607	0.0	0.0	0.0	0.0	0.0	0.0	1.0	0.0	0.0	0.0
0.782	5.455188074540108e-09	2.3299712082794775e-08	1.0969024547218753e-08	5.1975904162414436e-08	5.20197744491662e-09	1.5196289132057438e-08	0.9999998418379881	2.9668289507455173e-08	1.129035245785922e-08	5.105274561546668e-09
FJ639733_FJ639733.1	1.8614866275283032e-10	7.900648556440918e-10	3.7185347933168744e-10	1.773585973839298e-09	1.77508297021175e-10	5.185465398858681e-10	0.9999999946104424	1.0123779866910818e-09	3.852633462343761e-10	1.7420848184015919e-10
GQ868558	0.0	0.0	0.0	0.0	0.0	0.0	1.0	0.0	0.0	0.0
GQ868555	0.0	0.0	0.0	0.0	0.0	0.0	1.0	0.0	0.0	0.0
AF208496_AF208496.2	0.0	1.0	0.0	0.0	0.0	0.0	0.0	0.0	0.0	0.0
AY702039	0.0	1.0	0.0	0.0	0.0	0.0	0.0	0.0	0.0	0.0
0.428	1.3393468561677946e-06	0.9977836194725692	2.6754478375470796e-06	1.2761019945471593e-05	1.2771790892459365e-06	3.730962488278202e-06	0.002183287050763759	7.284098924519192e-06	2.7719847349174927e-06	1.2534367908954157e-06
EU687216	0.0	1.0	0.0	0.0	0.0	0.0	0.0	0.0	0.0	0.0
FJ898451.1	0.0	1.0	0.0	0.0	0.0	0.0	0.0	0.0	0.0	0.0
FJ898451	0.0	1.0	0.0	0.0	0.0	0.0	0.0	0.0	0.0	0.0
0.672	5.348086104739824e-10	0.9999999834313413	1.0683211233434871e-09	5.095545872844837e-09	5.099846771585473e-10	1.489793965540274e-09	3.354250317210452e-09	2.908581003859525e-09	1.1068688424573327e-09	5.005042460575016e-10
0.422	1.578795939940231e-08	0.9999995109277335	3.153765700578752e-08	1.5042441311272446e-07	1.5055137893461697e-08	4.3979857804765604e-08	9.897282121521982e-08	8.586353677562647e-08	3.267561516948349e-08	1.4775268313240304e-08
AF489932_JX669488.2	4.3013663422613263e-07	2.1118509290533125e-06	8.592308412169881e-07	4.098252923317379e-06	4.1017120563086014e-07	1.1982136216168214e-06	0.9999872600458279	2.3393176902353043e-06	8.90234055884805e-07	4.025462709440336e-07
0.987	6.096382664487735e-09	3.77782232289671e-08	1.217799087169816e-08	5.808507364503526e-08	5.8134100388329175e-09	1.6982438067218103e-08	0.9999998115882822	3.315545499300615e-08	1.2617403480176864e-08	5.705340844200724e-09
GQ398302_GQ398302.4	0.0	1.0	0.0	0.0	0.0	0.0	0.0	0.0	0.0	0.0
GQ398308	0.0	1.0	0.0	0.0	0.0	0.0	0.0	0.0	0.0	0.0
GQ398285_GQ398285.1	0.0	1.0	0.0	0.0	0.0	0.0	0.0	0.0	0.0	0.0
GQ398291	0.0	1.0	0.0	0.0	0.0	0.0	0.0	0.0	0.0	0.0
FJ639831_FJ639831.1	3.401770489448889e-09	1.4437754503620614e-08	6.795296858485094e-09	8.497814627440643e-08	3.24387227664777e-09	9.476169695246856e-09	2.1324599452193537e-08	0.9999998461183324	7.040488298465155e-09	3.1835698616993485e-09
FJ196851_FJ196851.1	0.0	0.0	0.0	1.0	0.0	0.0	0.0	0.0	0.0	0.0
DQ181798.2	0.0	0.0	0.0	0.0	0.0	0.0	0.0	1.0	0.0	0.0
DQ181798.1	0.0	0.0	0.0	0.0	0.0	0.0	0.0	1.0	0.0	0.0
DQ181798	0.0	0.0	0.0	0.0	0.0	0.0	0.0	1.0	0.0	0.0
AF100464_AF100464.2	0.0	0.0	0.0	0.0	0.0	0.0	0.0	1.0	0.0	0.0
GQ868544	0.0	0.0	0.0	0.0	0.0	0.0	0.0	1.0	0.0	0.0
AF100460.1	0.0	0.0	0.0	0.0	0.0	0.0	0.0	1.0	0.0	0.0
AF100460	0.0	0.0	0.0	0.0	0.0	0.0	0.0	1.0	0.0	0.0
EU482451_GQ868620	4.222229956742792e-09	1.7919938973649273e-08	8.43422742652581e-09	4.022853411277438e-08	4.026248903267008e-09	1.176168929871912e-08	2.646779460926512e-08	0.9999998742493789	8.738555612754632e-09	3.951402389180041e-09
FJ906957_FJ906957.1	2.6398008645278027e-09	1.1203811938139427e-08	5.273204226266933e-09	2.5151476877756693e-08	2.517270599786951e-09	7.353582797991012e-09	1.6548058207986107e-08	0.9999999213788443	5.463474727243335e-09	2.4704754477895725e-09
KC131142.1	0.0	0.0	0.0	1.0	0.0	0.0	0.0	0.0	0.0	0.0
KC131142	0.0	0.0	0.0	1.0	0.0	0.0	0.0	0.0	0.0	0.0
KF479233.1	0.0	0.0	0.0	1.0	0.0	0.0	0.0	0.0	0.0	0.0
KF479233	0.0	0.0	0.0	1.0	0.0	0.0	0.0	0.0	0.0	0.0
KJ010185.2	0.0	0.0	0.0	0.0	0.0	0.0	0.0	0.0	1.0	0.0
KJ010185.1	0.0	0.0	0.0	0.0	0.0	0.0	0.0	0.0	1.0	0.0
KJ010185	0.0	0.0	0.0	0.0	0.0	0.0	0.0	0.0	1.0	0.0
KF041233_KF041233.1	1.3420503713936005e-10	5.695914481524225e-10	2.6808483114735734e-10	1.278677866333757e-09	1.2797571168106148e-10	3.738493557498981e-10	8.412879911622884e-10	7.298802112599191e-10	0.9999999955310263	1.4542127779047407e-10
KF360005	0.0	0.0	0.0	0.0	0.0	0.0	0.0	0.0	1.0	0.0
0.339	4.02836579484049e-09	1.7097143178078907e-08	0.9999998661617348	3.83814364581626e-08	3.8413832334103916e-09	1.122165001573073e-08	2.525253852522772e-08	2.1908450979502674e-08	8.337323851941153e-09	3.7699733054102656e-09
GQ199894_GQ199894.1	4.261237938111173e-13	1.8085496196826839e-12	0.9999999999858423	4.060019409463829e-12	4.0634462714378917e-13	1.1870352200011927e-12	2.6712323413199017e-12	2.317493674449173e-12	8.819288641988277e-13	3.9879082717007106e-13
FJ850061_FJ850121.1	4.903597251129173e-09	2.08117900898329e-08	0.9999998370830975	4.672046082599793e-08	4.67598952607797e-09	1.3659745656848844e-08	3.073906728835097e-08	2.6668437145698178e-08	1.0148750238748153e-08	4.589064568296519e-09
EU482444_FJ744704.2	1.9516678252876686e-10	8.283245803863102e-10	0.9999999935157871	1.8595087546334695e-09	1.8610782741847389e-10	5.436679387554906e-10	1.2234378963755473e-09	1.0614234420655416e-09	4.0392773495588947e-10	1.8264815007083932e-10
EU482693_EU482693.1	0.0	0.0	1.0	0.0	0.0	0.0	0.0	0.0	0.0	0.0
FJ205885_GQ868604	3.7172966490593837e-09	1.577690738341196e-08	0.9999998764966648	3.541763394842426e-08	3.544752822496542e-09	1.0355117713942558e-08	2.3302563912071264e-08	2.021668725230934e-08	7.693518313713844e-09	3.4788571467849587e-09
KJ189370.1	0.0	0.0	1.0	0.0	0.0	0.0	0.0	0.0	0.0	0.0
KJ189370	0.0	0.0	1.0	0.0	0.0	0.0	0.0	0.0	0.0	0.0
JN819408	0.0	0.0	0.0	0.0	0.0	0.0	1.0	0.0	0.0	0.0
FJ898466	0.0	0.0	0.0	0.0	0.0	0.0	1.0	0.0	0.0	0.0
HQ332186_JN819407	6.634902261123267e-08	2.816003664566488e-07	1.3253853237369766e-07	6.321597702662584e-07	6.326933451237096e-08	1.8482569571580806e-07	0.9999980790023865	3.60842183526582e-07	1.3731952780409231e-07	6.209318041692729e-08
FJ639732	0.0	0.0	0.0	0.0	0.0	0.0	1.0	0.0	0.0	0.0
FJ639733.1	0.0	0.0	0.0	0.0	0.0	0.0	1.0	0.0	0.0	0.0
FJ639733	0.0	0.0	0.0	0.0	0.0	0.0	1.0	0.0	0.0	0.0
AF208496.2	0.0	1.0	0.0	0.0	0.0	0.0	0.0	0.0	0.0	0.0
AF208496.1	0.0	1.0	0.0	0.0	0.0	0.0	0.0	0.0	0.0	0.0
AF208496	0.0	1.0	0.0	0.0	0.0	0.0	0.0	0.0	0.0	0.0
EU920842_JX669478	2.1397442071658867e-06	0.003599767430972659	4.274302788524206e-06	2.03870404294582e-05	2.0404248123945545e-06	5.960595893937104e-06	0.9963473623400411	1.1637096395626887e-05	4.428530407617436e-06	2.002494051496896e-06
FJ898453	0.0	1.0	0.0	0.0	0.0	0.0	0.0	0.0	0.0	0.0
EU482728_EU482728.2	1.3895247407297304e-14	0.9999999999995697	2.7756819969937954e-14	1.3239104455625727e-13	1.3250278930191998e-14	3.8707409214523534e-14	8.710481544168272e-14	7.556993634012316e-14	2.8758356002789596e-14	1.3003961026745909e-14
EU482551_EU482565.1	1.312282327159653e-09	0.999999959348963	2.6213843652451038e-09	1.250315470843247e-08	1.251370800414481e-09	3.655569962408891e-09	8.226288625609374e-09	7.136907247271315e-09	2.715970521029176e-09	1.228108268839436e-09
EU482729_EU482729.1	2.09970067163997e-11	0.9999999993495685	4.194312762136303e-11	2.0005513901674343e-10	2.002239956845254e-11	5.849048292763462e-11	1.316234514767174e-10	1.1419317802561526e-10	4.345654139458294e-11	1.965019038631801e-11
EU569719	0.0	1.0	0.0	0.0	0.0	0.0	0.0	0.0	0.0	0.0
JX669488_JX669488.2	0.0	0.0	0.0	0.0	0.0	0.0	1.0	0.0	0.0	0.0
AF489932_AF489932.2	0.0	0.0	0.0	0.0	0.0	0.0	1.0	0.0	0.0	0.0
0.590	1.4995384005132927e-08	6.677822359253783e-08	2.9954427007321923e-08	1.4287291861531401e-07	1.429935105934163e-08	4.177201369663234e-08	0.9999995627058134	8.155307937251774e-08	3.103525824172966e-08	1.4033531283612154e-08
JX669483_JX669483.1	5.60792535901239e-10	2.3801956749304887e-09	1.1202260026921887e-09	5.343115342323961e-09	5.34762520223915e-10	1.5621762992273142e-09	0.9999999837633676	3.049895766218447e-09	1.1606465806924318e-09	5.248214779623091e-10
GQ398302.4	0.0	1.0	0.0	0.0	0.0	0.0	0.0	0.0	0.0	0.0
GQ398302.3	0.0	1.0	0.0	0.0	0.0	0.0	0.0	0.0	0.0	0.0
GQ398302.2	0.0	1.0	0.0	0.0	0.0	0.0	0.0	0.0	0.0	0.0
GQ398302.1	0.0	1.0	0.0	0.0	0.0	0.0	0.0	0.0	0.0	0.0
GQ398302	0.0	1.0	0.0	0.0	0.0	0.0	0.0	0.0	0.0	0.0
GQ398285.1	0.0	1.0	0.0	0.0	0.0	0.0	0.0	0.0	0.0	0.0
GQ398285	0.0	1.0	0.0	0.0	0.0	0.0	0.0	0.0	0.0	0.0
FJ639831.1	0.0	0.0	0.0	0.0	0.0	0.0	0.0	1.0	0.0	0.0
FJ639831	0.0	0.0	0.0	0.0	0.0	0.0	0.0	1.0	0.0	0.0
FJ196851.1	0.0	0.0	0.0	1.0	0.0	0.0	0.0	0.0	0.0	0.0
FJ196851	0.0	0.0	0.0	1.0	0.0	0.0	0.0	0.0	0.0	0.0
AF100464.2	0.0	0.0	0.0	0.0	0.0	0.0	0.0	1.0	0.0	0.0
AF100464.1	0.0	0.0	0.0	0.0	0.0	0.0	0.0	1.0	0.0	0.0
AF100464	0.0	0.0	0.0	0.0	0.0	0.0	0.0	1.0	0.0	0.0
FJ639706_GQ868620	3.775815901539533e-08	1.6025273664516508e-07	7.542481191347627e-08	3.597519328762892e-07	3.6005558172486245e-08	1.0518132346664211e-07	2.366936921679217e-07	0.9999988754492286	7.814632925531221e-08	3.533622784003231e-08
EU482451_GU131927.3	9.021091887127423e-10	3.828721262205135e-09	1.8020321344675297e-09	8.595109845597756e-09	8.602364553549178e-10	2.5129678155531114e-09	5.655030864401157e-09	0.9999999731324934	1.8670539963731974e-09	8.442449700988526e-10
FJ906957.1	0.0	0.0	0.0	0.0	0.0	0.0	0.0	1.0	0.0	0.0
FJ906957	0.0	0.0	0.0	0.0	0.0	0.0	0.0	1.0	0.0	0.0
KF041233.1	0.0	0.0	0.0	0.0	0.0	0.0	0.0	0.0	1.0	0.0
KF041233	0.0	0.0	0.0	0.0	0.0	0.0	0.0	0.0	1.0	0.0
GQ199898_GQ199898.1	2.9836811396653067e-12	1.2663304577899427e-11	0.9999999999008703	2.8427897044542526e-11	2.845189162918845e-12	8.311515689747944e-12	1.8703732490373062e-11	1.6226885867848592e-11	6.175187954425457e-12	2.7922981231747067e-12
FJ850065	0.0	0.0	1.0	0.0	0.0	0.0	0.0	0.0	0.0	0.0
GQ199894.1	0.0	0.0	1.0	0.0	0.0	0.0	0.0	0.0	0.0	0.0
GQ199894	0.0	0.0	1.0	0.0	0.0	0.0	0.0	0.0	0.0	0.0
FJ850121_FJ850121.1	2.4042058376934428e-11	1.0203902282204238e-10	0.9999999992012276	2.2906776169622483e-10	2.292611064866981e-11	6.697295590913641e-11	1.5071189150150872e-10	1.307538302683478e-10	4.975874510018624e-11	2.2499922525468426e-11
FJ850061	0.0	0.0	1.0	0.0	0.0	0.0	0.0	0.0	0.0	0.0
FJ744704_FJ744704.2	5.176811855243393e-16	2.197136429670154e-15	0.9999999999999828	4.932359308888302e-15	4.936522469911286e-16	1.4420828146051548e-15	3.245175992790325e-15	2.8154327222708217e-15	1.0714209968968695e-15	4.844754298727177e-16
0.781	1.9782502771697394e-11	8.396066677209114e-11	0.999999999342747	1.884835965214013e-10	1.886426862213539e-11	5.5107290113409697e-11	1.2401011478330395e-10	1.0758804296786914e-10	4.0942938305357005e-11	1.8513588676337393e-11
EU482693.1	0.0	0.0	1.0	0.0	0.0	0.0	0.0	0.0	0.0	0.0
EU482693	0.0	0.0	1.0	0.0	0.0	0.0	0.0	0.0	0.0	0.0
0.407	3.3082118630769134e-10	1.4040674079951728e-09	0.9999999890088113	3.1519958682861867e-09	3.154656312410727e-10	9.21554734500162e-10	2.0738110932520875e-09	1.7991860998536052e-09	6.846854302216606e-10	3.0960123900405044e-10
GQ868604	0.0	0.0	1.0	0.0	0.0	0.0	0.0	0.0	0.0	0.0
JN819407	0.0	0.0	0.0	0.0	0.0	0.0	1.0	0.0	0.0	0.0
HQ332186	0.0	0.0	0.0	0.0	0.0	0.0	1.0	0.0	0.0	0.0
0.857	9.129412586890143e-09	0.0001212214681223947	1.8236700231269892e-08	8.698315568880709e-08	8.705657387688704e-09	2.5431422595858112e-08	0.9998785529562538	4.965072645284804e-08	1.8894726345948667e-08	8.543822358618538e-09
EU920842	0.0	0.0	0.0	0.0	0.0	0.0	1.0	0.0	0.0	0.0
EU482728.2	0.0	1.0	0.0	0.0	0.0	0.0	0.0	0.0	0.0	0.0
EU482728.1	0.0	1.0	0.0	0.0	0.0	0.0	0.0	0.0	0.0	0.0
EU482728	0.0	1.0	0.0	0.0	0.0	0.0	0.0	0.0	0.0	0.0
EU482551_EU677143	6.418912255631736e-09	0.9999998011591427	1.2822268410192578e-08	6.115806890863696e-08	6.120968941573638e-09	1.7880895252025206e-08	4.023808621874194e-08	3.4909546862489135e-08	1.3284928176318939e-08	6.0071823379338e-09
EU482565_EU482565.1	3.317928501480111e-11	0.9999999989721938	6.627816071871039e-11	3.161253680472382e-10	3.163921938659208e-11	9.242614577979756e-11	2.07990211386742e-10	1.8044705379355345e-10	6.866964382890866e-11	3.1051057716408793e-11
EU482729.1	0.0	1.0	0.0	0.0	0.0	0.0	0.0	0.0	0.0	0.0
EU482729	0.0	1.0	0.0	0.0	0.0	0.0	0.0	0.0	0.0	0.0
JX669488.2	0.0	0.0	0.0	0.0	0.0	0.0	1.0	0.0	0.0	0.0
JX669488.1	0.0	0.0	0.0	0.0	0.0	0.0	1.0	0.0	0.0	0.0
JX669488	0.0	0.0	0.0	0.0	0.0	0.0	1.0	0.0	0.0	0.0
AF489932.2	0.0	0.0	0.0	0.0	0.0	0.0	1.0	0.0	0.0	0.0
AF489932.1	0.0	0.0	0.0	0.0	0.0	0.0	1.0	0.0	0.0	0.0
AF489932	0.0	0.0	0.0	0.0	0.0	0.0	1.0	0.0	0.0	0.0
0.983	5.286363565445258e-07	2.2439781493118185e-06	1.0559915738142555e-06	5.036737913467397e-06	5.040989175318197e-07	1.4726001760643515e-06	0.9999846941216818	2.875012919177628e-06	1.0940944117008776e-06	4.94727900578135e-07
KC294222_KC294222.1	0.0	0.0	0.0	0.0	0.0	0.0	1.0	0.0	0.0	0.0
JX669483.1	0.0	0.0	0.0	0.0	0.0	0.0	1.0	0.0	0.0	0.0
JX669483	0.0	0.0	0.0	0.0	0.0	0.0	1.0	0.0	0.0	0.0
FJ639706_FJ687442.1	5.799906175791327e-08	2.461589392048442e-07	1.1585756398941584e-07	5.526030695488371e-07	5.530694945224157e-08	1.615655591956555e-07	3.6357736785202923e-07	0.999998272614679	1.2003799694749557e-07	5.427881322153676e-08
GQ868620	0.0	0.0	0.0	0.0	0.0	0.0	0.0	1.0	0.0	0.0
FJ639704_GU131927.3	1.9806068988044432e-08	8.406068622739032e-08	3.956413837760161e-08	1.8870813055861356e-07	1.888674097766637e-08	5.517293753608922e-08	1.2415784345315562e-07	0.9999994101160984	4.099171222204102e-08	1.8535643278889046e-08
0.883	1.1987096038651542e-09	5.08754927336124e-09	2.3945141598016617e-09	1.1421057281209846e-08	1.1430697231898097e-09	3.3391951799160323e-09	7.514322980108875e-09	0.999999964298847	2.4809142666875437e-09	1.1218204695558154e-09
GQ199898.1	0.0	0.0	1.0	0.0	0.0	0.0	0.0	0.0	0.0	0.0
GQ199898	0.0	0.0	1.0	0.0	0.0	0.0	0.0	0.0	0.0	0.0
FJ850121.1	0.0	0.0	1.0	0.0	0.0	0.0	0.0	0.0	0.0	0.0
FJ850121	0.0	0.0	1.0	0.0	0.0	0.0	0.0	0.0	0.0	0.0
FJ744704.2	0.0	0.0	1.0	0.0	0.0	0.0	0.0	0.0	0.0	0.0
FJ744704.1	0.0	0.0	1.0	0.0	0.0	0.0	0.0	0.0	0.0	0.0
FJ744704	0.0	0.0	1.0	0.0	0.0	0.0	0.0	0.0	0.0	0.0
0.770	9.62269350352652e-10	4.084052316239941e-09	0.9999999680296049	9.168303428030708e-09	9.176041940391253e-10	2.6805534602523876e-09	6.032155468766401e-09	5.233345720063389e-09	1.9915647225886436e-09	9.005462632242467e-10
0.953	2.3552580666323425e-09	9.996158725046465e-09	0.9999999217490086	2.244041192654492e-08	2.24593527705552e-09	6.560943833433898e-09	1.4764351396803063e-08	1.2809178342984695e-08	4.874569554125652e-09	2.2041841507860666e-09
FJ205885_JF357906.1	3.2843067902112675e-09	1.393921644588408e-08	0.9999998908823343	3.129219609079645e-08	3.1318608288880647e-09	9.148955983898717e-09	2.05882574961908e-08	1.7861852170214342e-08	6.797379069743823e-09	3.073640666329912e-09
0.954	2.5834960145944885e-10	1.0964843552940807e-09	0.9999999914166041	2.461501590820677e-09	2.463579222809582e-10	7.196736733775801e-10	1.6195101306792217e-09	1.4050460825572348e-09	5.346943162773636e-10	2.417782174133641e-10
0.887	2.1745693119581014e-08	0.0001264011911285951	4.343868600171802e-08	2.071884682808332e-07	2.073633458397337e-08	6.057606730996593e-08	0.999873061501762	1.182649431528362e-07	4.500606329124446e-08	2.0350853607550866e-08
HM181971_JX669478	6.645509507553256e-09	5.944091851562098e-07	1.3274913760283145e-08	6.331704067762557e-08	6.337048346622469e-09	1.8512117734066553e-08	0.9999992413891274	3.614190634488046e-08	1.3753906111651754e-08	6.219244904823232e-09
EU482551_EU677146	1.7465433621255348e-10	0.9999999945896727	3.4888540125416825e-10	1.6640704069303925e-09	1.6654749666195355e-10	4.865272754567828e-10	1.0948515703650838e-09	9.49865567861542e-10	3.6147406598847117e-10	1.634514388039948e-10
EU677143	0.0	1.0	0.0	0.0	0.0	0.0	0.0	0.0	0.0	0.0
EU482565.1	0.0	1.0	0.0	0.0	0.0	0.0	0.0	0.0	0.0	0.0
EU482565	0.0	1.0	0.0	0.0	0.0	0.0	0.0	0.0	0.0	0.0
KC294201	0.0	0.0	0.0	0.0	0.0	0.0	1.0	0.0	0.0	0.0
JX669484	0.0	0.0	0.0	0.0	0.0	0.0	1.0	0.0	0.0	0.0
KC294222.1	0.0	0.0	0.0	0.0	0.0	0.0	1.0	0.0	0.0	0.0
KC294222	0.0	0.0	0.0	0.0	0.0	0.0	1.0	0.0	0.0	0.0
FJ639706_JF730047	7.473330074342078e-09	3.1718220048218466e-08	1.492854868784113e-08	7.120434389215984e-08	7.126444396407163e-09	2.0818142844354682e-08	4.684789021001678e-08	0.9999997774219053	1.5467208355816292e-08	6.9939663669259604e-09
FJ687442_FJ687442.1	2.7837589728407556e-10	1.1814797256835858e-09	5.560771563395237e-10	2.652307997147964e-09	2.6545466794059207e-10	7.754600875962896e-10	1.7450485049300308e-09	0.9999999917091341	5.761418218784039e-10	2.605199614629711e-10
0.946	3.6720416026435337e-08	1.5584835999514448e-07	7.335184088422343e-08	3.498645322232288e-07	3.501598356049698e-08	1.0229052624974028e-07	2.3018841685833461e-07	0.9999989063563149	7.599856020585738e-08	3.4365049062954343e-08
FJ639704_FJ639704.1	5.003917409148531e-10	2.123756771180176e-09	9.99570792796625e-10	4.767629055114962e-09	4.771653175462101e-10	1.3939203322847778e-09	3.1367940539468227e-09	0.9999999850968391	1.0356378266807707e-09	4.682949864962457e-10
EU482451_GU131924	1.0168929803700418e-09	4.315885287551038e-09	2.0313215416374472e-09	9.68874608180159e-09	9.696923874116248e-10	2.8327162205034546e-09	6.374573346261096e-09	0.9999999697138893	2.104616743337824e-09	9.516661558799537e-10
FJ810411	0.0	0.0	0.0	0.0	0.0	0.0	0.0	1.0	0.0	0.0
EU482444_EU482635	2.6051647644584814e-09	1.105680980753869e-08	0.9999999134461196	2.482147127705581e-08	2.4842421855730718e-09	7.257098463478597e-09	1.633093569403191e-08	1.4168307309322756e-08	5.391789980139178e-09	2.438061019876372e-09
FJ850066	0.0	0.0	1.0	0.0	0.0	0.0	0.0	0.0	0.0	0.0
FJ850120_FJ850120.1	0.0	0.0	1.0	0.0	0.0	0.0	0.0	0.0	0.0	0.0
FJ744744	0.0	0.0	1.0	0.0	0.0	0.0	0.0	0.0	0.0	0.0
JF357906_JF357906.1	7.763912717714598e-17	3.2951507502806647e-16	0.9999999999999974	7.397295524238328e-16	7.403539216247245e-17	2.162760675370193e-16	4.866945885990047e-16	4.2224393177759315e-16	1.6068613919991416e-16	7.2659100940654e-17
FJ205885	0.0	0.0	1.0	0.0	0.0	0.0	0.0	0.0	0.0	0.0
0.893	6.698021080977863e-10	2.8427662691289063e-09	0.999999977746524	6.38173600928326e-09	6.387122517635349e-10	1.865839702665239e-09	4.1987728777484135e-09	3.642749293031481e-09	1.3862586905778405e-09	6.268388215068144e-10
HQ705625_HQ705625.3	1.9358525693819786e-20	8.216122821521739e-20	1.0	1.8444403057753417e-19	1.8459971067927347e-20	5.392623491014879e-20	1.2135233922632533e-19	1.0528222430586709e-19	4.006545240062793e-20	1.8116806867755946e-20
0.859	1.5101480236975289e-06	0.0015882919044161261	3.016636234898317e-06	1.4388378157764007e-05	1.4400522677532145e-06	4.2067561529754595e-06	0.9983743943496003	8.213008856182854e-06	3.1254840744753536e-06	1.4132822157932125e-06
GQ199890_GQ199890.1	0.0	0.0	0.0	0.0	0.0	0.0	1.0	0.0	0.0	0.0
0.911	5.0182631699529366e-09	2.8855974570061034e-08	1.0024364682920507e-08	4.7812973994213175e-08	4.785333056543194e-09	1.3979165708379549e-08	0.9999998471494275	2.7292052971447483e-08	1.0386069029717572e-08	4.696375441991157e-09
HM181971_HM181971.1	2.267216026621713e-10	9.722252553306126e-10	4.5289375021021863e-10	2.160156557136957e-09	2.1619798386578334e-10	6.315688806957494e-10	0.999999993425786	1.2330357695619776e-09	4.692352983551469e-10	2.121789413689686e-10
EU677146	0.0	1.0	0.0	0.0	0.0	0.0	0.0	0.0	0.0	0.0
EU482556_EU482556.1	1.7023927516594595e-10	0.9999999947264393	3.400659789700704e-10	1.6220046180597998e-09	1.6233736720929964e-10	4.742284246606182e-10	1.0671749799715878e-09	9.258540571305658e-10	3.523364167166987e-10	1.5931957413848063e-10
EU482551_EU482721.1	3.864902350787039e-08	0.99999880275588	7.720438190675716e-08	3.682399055808927e-07	3.685507187082452e-08	1.0766296740245368e-07	2.42278233666867e-07	2.1019447588704484e-07	7.999011061982302e-08	3.6169949385297724e-08
0.825	2.000660632680914e-08	8.491180445387693e-08	3.996472705703882e-08	1.9061880886273994e-07	1.9077970079003224e-08	5.573156600860425e-08	1.2541494719887572e-07	0.9999994041434972	4.1406755150821005e-08	1.8723317500244328e-08
GQ868638_JF730047	9.799997724648754e-08	4.1593035662862043e-07	1.9576245357533054e-07	9.337235224281266e-07	9.345116323632263e-08	2.729944355148124e-07	6.143301752976263e-07	0.9999970812679199	2.028260563708772e-07	9.171393983715936e-08
FJ687442.1	0.0	0.0	0.0	0.0	0.0	0.0	0.0	1.0	0.0	0.0
FJ687442	0.0	0.0	0.0	0.0	0.0	0.0	0.0	1.0	0.0	0.0
GU131927_GU131927.3	0.0	0.0	0.0	0.0	0.0	0.0	0.0	1.0	0.0	0.0
FJ639710	0.0	0.0	0.0	0.0	0.0	0.0	0.0	1.0	0.0	0.0
FJ639704.1	0.0	0.0	0.0	0.0	0.0	0.0	0.0	1.0	0.0	0.0
FJ639704	0.0	0.0	0.0	0.0	0.0	0.0	0.0	1.0	0.0	0.0
EU482451_FJ744724.1	2.526949643641441e-10	1.0724850107044493e-09	5.047775277093605e-10	2.407625377631353e-09	2.4096575353681263e-10	7.039217874563093e-10	1.5840630387515319e-09	0.999999992473989	5.229911733331112e-10	2.364862871402034e-10
FJ639718_GU131924	3.682854087013955e-08	1.5630726219151123e-07	7.356782853330978e-08	3.508947233800242e-07	3.511908962952687e-08	1.0259172510204118e-07	2.3086621654822398e-07	0.9999989031360342	7.622234123377625e-08	3.4466238427370714e-08
EU482444_EU482762	1.5056597968521105e-10	6.390303690489072e-10	0.9999999949976025	1.4345615260288834e-09	1.4357723686006065e-10	4.194253487275388e-10	9.438494507118853e-10	8.188599429920301e-10	3.1161949973068514e-10	1.4090818784212872e-10
EU482635	0.0	0.0	1.0	0.0	0.0	0.0	0.0	0.0	0.0	0.0
FJ850120.1	0.0	0.0	1.0	0.0	0.0	0.0	0.0	0.0	0.0	0.0
FJ850120	0.0	0.0	1.0	0.0	0.0	0.0	0.0	0.0	0.0	0.0
JF357906.1	0.0	0.0	1.0	0.0	0.0	0.0	0.0	0.0	0.0	0.0
JF357906	0.0	0.0	1.0	0.0	0.0	0.0	0.0	0.0	0.0	0.0
FJ850050_FJ850050.1	0.0	0.0	1.0	0.0	0.0	0.0	0.0	0.0	0.0	0.0
FJ744708	0.0	0.0	1.0	0.0	0.0	0.0	0.0	0.0	0.0	0.0
HQ705625.3	0.0	0.0	1.0	0.0	0.0	0.0	0.0	0.0	0.0	0.0
HQ705625.2	0.0	0.0	1.0	0.0	0.0	0.0	0.0	0.0	0.0	0.0
HQ705625.1	0.0	0.0	1.0	0.0	0.0	0.0	0.0	0.0	0.0	0.0
HQ705625	0.0	0.0	1.0	0.0	0.0	0.0	0.0	0.0	0.0	0.0
EU920850	0.0	1.0	0.0	0.0	0.0	0.0	0.0	0.0	0.0	0.0
EU920846	0.0	0.0	0.0	0.0	0.0	0.0	1.0	0.0	0.0	0.0
GQ199890.1	0.0	0.0	0.0	0.0	0.0	0.0	1.0	0.0	0.0	0.0
GQ199890	0.0	0.0	0.0	0.0	0.0	0.0	1.0	0.0	0.0	0.0
JX286520_JX286525	2.9267893332030957e-09	1.246118089211776e-08	5.846485653000284e-09	2.788584367453422e-08	2.79093807386872e-09	8.15303456529313e-09	0.9999999152217537	1.591747718539749e-08	6.057441592959245e-09	2.739055542291459e-09
JX669478	0.0	0.0	0.0	0.0	0.0	0.0	1.0	0.0	0.0	0.0
HM181971.1	0.0	0.0	0.0	0.0	0.0	0.0	1.0	0.0	0.0	0.0
HM181971	0.0	0.0	0.0	0.0	0.0	0.0	1.0	0.0	0.0	0.0
EU482556.1	0.0	1.0	0.0	0.0	0.0	0.0	0.0	0.0	0.0	0.0
EU482556	0.0	1.0	0.0	0.0	0.0	0.0	0.0	0.0	0.0	0.0
EU482721_EU482721.1	0.0	1.0	0.0	0.0	0.0	0.0	0.0	0.0	0.0	0.0
EU482551	0.0	1.0	0.0	0.0	0.0	0.0	0.0	0.0	0.0	0.0
GQ868622	0.0	0.0	0.0	0.0	0.0	0.0	0.0	1.0	0.0	0.0
FJ639706	0.0	0.0	0.0	0.0	0.0	0.0	0.0	1.0	0.0	0.0
GQ868638	0.0	0.0	0.0	0.0	0.0	0.0	0.0	1.0	0.0	0.0
JF730047	0.0	0.0	0.0	0.0	0.0	0.0	0.0	1.0	0.0	0.0
GU131927.3	0.0	0.0	0.0	0.0	0.0	0.0	0.0	1.0	0.0	0.0
GU131927.2	0.0	0.0	0.0	0.0	0.0	0.0	0.0	1.0	0.0	0.0
GU131927.1	0.0	0.0	0.0	0.0	0.0	0.0	0.0	1.0	0.0	0.0
GU131927	0.0	0.0	0.0	0.0	0.0	0.0	0.0	1.0	0.0	0.0
0.889	2.6168584254866077e-08	1.1106439906834427e-07	5.2273749487109753e-08	2.493288606175317e-07	2.4953930680148214e-08	7.289673005648601e-08	1.6404239474615565e-07	0.9999992206213866	5.415991813828461e-08	2.4490046114377497e-08
EU482451_EU660413	2.812170868591125e-10	1.1935382692302066e-09	5.617526499254349e-10	2.6793782640238127e-09	2.6816397949578035e-10	7.833746704974353e-10	1.762859003857965e-09	0.9999999916245149	5.820221015794628e-10	2.631789078941064e-10
0.965	9.106599116716377e-09	3.865012140526266e-08	1.8191128578851088e-08	8.676579366150866e-08	8.683902838503114e-09	2.5367872066692547e-08	5.708632582297965e-08	0.9999997287782739	1.884751035348121e-08	8.522472218651351e-09
GU131924	0.0	0.0	0.0	0.0	0.0	0.0	0.0	1.0	0.0	0.0
0.934	2.380439020412429e-11	1.0103031434410987e-10	0.9999999992091241	2.2680330848184098e-10	2.2699474195913334e-11	6.631089362607125e-11	1.4922202655385718e-10	1.2946126107811486e-10	4.9266854187857656e-11	2.2277499162578324e-11
EU482762	0.0	0.0	1.0	0.0	0.0	0.0	0.0	0.0	0.0	0.0
FJ850050.1	0.0	0.0	1.0	0.0	0.0	0.0	0.0	0.0	0.0	0.0
FJ850050	0.0	0.0	1.0	0.0	0.0	0.0	0.0	0.0	0.0	0.0
0.027	1.241502174367317e-08	5.2694442166786145e-08	2.479995593896576e-08	1.1828776045904414e-07	1.1838760131876248e-08	3.458400652781431e-08	0.9999996405469087	6.751966160299603e-08	2.569480086402951e-08	1.1618681853490704e-08
JX286525	0.0	0.0	0.0	0.0	0.0	0.0	1.0	0.0	0.0	0.0
EU482721.1	0.0	1.0	0.0	0.0	0.0	0.0	0.0	0.0	0.0	0.0
EU482721	0.0	1.0	0.0	0.0	0.0	0.0	0.0	0.0	0.0	0.0
FJ744724_FJ744724.1	0.0	0.0	0.0	0.0	0.0	0.0	0.0	1.0	0.0	0.0
0.982	1.6428663088032603e-07	6.972633962914275e-07	3.2817511650912136e-07	1.5652890539719534e-06	1.5666102371970802e-07	4.576463925802841e-07	1.0298597773540242e-06	0.9999951070533549	3.4001650196412473e-07	1.5374875182583646e-07
EU482451_FM210214	9.195545967048029e-10	3.902762858657951e-09	1.8368806718662552e-09	8.76132608623598e-09	8.768721089111409e-10	2.561564758541574e-09	5.764390487240105e-09	0.9999999726129172	1.903159956846137e-09	8.605713728590726e-10
EU482468_EU660413	5.0969450426702326e-11	2.1632394505380268e-10	1.0181537744464168e-10	4.856263861056357e-10	4.8603627936680273e-11	1.4198346508530974e-10	3.1951100699446315e-10	0.9999999984819776	1.054891329151761e-10	4.770010403380169e-11
GU131932_GU131932.1	0.0	0.0	0.0	0.0	0.0	0.0	0.0	1.0	0.0	0.0
FJ639718	0.0	0.0	0.0	0.0	0.0	0.0	0.0	1.0	0.0	0.0
0.841	2.6151071167938273e-10	1.1099007022974434e-09	0.9999999913115794	2.4916199954598576e-09	2.493723048907423e-10	7.284794458311845e-10	1.6393261086594817e-09	1.4222379245649605e-09	5.412367210582365e-10	2.447365637382867e-10
EU482444	0.0	0.0	1.0	0.0	0.0	0.0	0.0	0.0	0.0	0.0
KC294211_KC294211.1	0.0	0.0	0.0	0.0	0.0	0.0	1.0	0.0	0.0	0.0
JX286520	0.0	0.0	0.0	0.0	0.0	0.0	1.0	0.0	0.0	0.0
FJ744724.1	0.0	0.0	0.0	0.0	0.0	0.0	0.0	1.0	0.0	0.0
FJ744724	0.0	0.0	0.0	0.0	0.0	0.0	0.0	1.0	0.0	0.0
EU687249_EU687249.2	0.0	0.0	0.0	0.0	0.0	0.0	0.0	1.0	0.0	0.0
FJ639707	0.0	0.0	0.0	0.0	0.0	0.0	0.0	1.0	0.0	0.0
EU482464_FM210214	5.314670594430232e-10	2.255646274432413e-09	1.0616461194613313e-09	5.063708265457217e-09	5.067982291650833e-10	1.4804855466695071e-09	3.331595179571825e-09	0.9999999841713232	1.0999529876086632e-09	4.973770329822853e-10
EU482451_FJ410221.1	2.7703637255083814e-08	1.1757945304859689e-07	5.5340135318353076e-08	2.6395452824265905e-07	2.6417731923070396e-08	7.717286296033092e-08	1.7366514574275044e-07	0.9999991749029226	5.733694689994797e-08	2.5926635820462e-08
0.905	1.794011371367235e-08	7.614122068740773e-08	3.583674993286602e-08	1.7092969447696143e-07	1.7107396779468884e-08	4.997502401472306e-08	1.1246077307609473e-07	0.9999994656898206	3.712983020636031e-08	1.6789376447192146e-08
EU482468_EU482468.2	1.9442297227823164e-15	8.251677037953558e-15	3.883747645049504e-15	1.8524218843436818e-14	1.8539854222175606e-15	5.4159593766752825e-15	1.2187747589079409e-14	0.9999999999999422	4.023883050086266e-15	1.819520502299559e-15
EU482784	0.0	0.0	0.0	0.0	0.0	0.0	0.0	1.0	0.0	0.0
GU131932.1	0.0	0.0	0.0	0.0	0.0	0.0	0.0	1.0	0.0	0.0
GU131932	0.0	0.0	0.0	0.0	0.0	0.0	0.0	1.0	0.0	0.0
FJ906961	0.0	0.0	1.0	0.0	0.0	0.0	0.0	0.0	0.0	0.0
EU482639	0.0	0.0	1.0	0.0	0.0	0.0	0.0	0.0	0.0	0.0
KC294211.1	0.0	0.0	0.0	0.0	0.0	0.0	1.0	0.0	0.0	0.0
KC294211	0.0	0.0	0.0	0.0	0.0	0.0	1.0	0.0	0.0	0.0
EU687249.2	0.0	0.0	0.0	0.0	0.0	0.0	0.0	1.0	0.0	0.0
EU687249.1	0.0	0.0	0.0	0.0	0.0	0.0	0.0	1.0	0.0	0.0
EU687249	0.0	0.0	0.0	0.0	0.0	0.0	0.0	1.0	0.0	0.0
0.973	5.718150520403569e-10	2.4268907524596715e-09	1.1422443221305714e-09	5.448135597273119e-09	5.452734099601534e-10	1.5928812611660606e-09	3.5845237012069217e-09	0.9999999829696397	1.1834593765990937e-09	5.351369740516048e-10
EU482649_FM210214	1.8105405825211746e-08	7.684275153294619e-08	3.61669335739317e-08	1.725045635427772e-07	1.7265016612974495e-08	5.043547133269799e-08	1.1349693588664221e-07	0.9999994607669279	3.7471927705510014e-08	1.694406618487598e-08
EU482451_FJ410224.1	1.296719644732219e-08	5.50352234189055e-08	2.5902967162291708e-08	1.2354876687734255e-07	1.2365304829288636e-08	3.6122176492375455e-08	8.128716240990468e-08	0.9999996137981527	2.683761151272181e-08	1.2135438275001839e-08
FJ410221_FJ410221.1	2.2707585011689872e-10	9.637526658125214e-10	4.5360138660829485e-10	2.1635317536475373e-09	2.1653578840051828e-10	6.325556930058441e-10	1.4234650938469655e-09	0.9999999932370027	4.699684680582486e-10	2.1251046623931237e-10
0.794	2.725421925488019e-08	1.156720384312459e-07	5.4442388473172725e-08	2.596725664505936e-07	2.5989174324605486e-08	7.592093804439752e-08	1.708478895902048e-07	0.9999991882879333	5.640680708558739e-08	2.550604495309127e-08
EU660413	0.0	0.0	0.0	0.0	0.0	0.0	0.0	1.0	0.0	0.0
EU482468.2	0.0	0.0	0.0	0.0	0.0	0.0	0.0	1.0	0.0	0.0
EU482468.1	0.0	0.0	0.0	0.0	0.0	0.0	0.0	1.0	0.0	0.0
EU482468	0.0	0.0	0.0	0.0	0.0	0.0	0.0	1.0	0.0	0.0
EU482467_EU482676	7.804236454224461e-10	3.31226490334313e-09	1.5589559502839334e-09	7.435715146721254e-09	7.441991266837048e-10	2.173993489903069e-09	4.8922235327964575e-09	0.9999999767566525	1.6152070107270551e-09	7.303647334911621e-10
EU482464_EU482658.1	9.596061941315916e-08	4.072749379770814e-07	1.91688680250197e-07	9.142929426144457e-07	9.150646521562513e-08	2.6731348174150784e-07	6.015461003371587e-07	0.9999971420060881	1.9860529103515996e-07	8.980539305084854e-08
EU482649_EU482669.2	5.02526527916162e-08	2.1328172091897406e-07	1.0038351931871049e-07	4.787968864311881e-07	4.7920101524879574e-08	1.3998671190978084e-07	3.1501763435104075e-07	0.999998503325879	1.0400560973868783e-07	4.7029284131319913e-08
FM210214	0.0	0.0	0.0	0.0	0.0	0.0	0.0	1.0	0.0	0.0
0.919	4.338946338870881e-08	1.8415305276856024e-07	8.667377331044279e-08	4.134058367143498e-07	4.137547721747049e-08	1.2086821240068935e-07	2.719945187600621e-07	0.9999987077321619	8.980118153543538e-08	4.060632202790942e-08
EU482451_EU482451.1	0.0	0.0	0.0	0.0	0.0	0.0	0.0	1.0	0.0	0.0
FJ410221.1	0.0	0.0	0.0	0.0	0.0	0.0	0.0	1.0	0.0	0.0
FJ410221	0.0	0.0	0.0	0.0	0.0	0.0	0.0	1.0	0.0	0.0
EU482469_FJ432726	2.3912642298328726e-09	1.0148975661556064e-08	4.776733280270066e-09	2.2783471205509457e-08	2.2802701608923123e-09	6.661244695476549e-09	1.499006239359942e-08	0.9999999287810077	4.949089858029819e-09	2.237880761523379e-09
EU482776	0.0	0.0	0.0	0.0	0.0	0.0	0.0	1.0	0.0	0.0
0.238	7.364706428029203e-11	3.125720083965702e-10	1.471156464237525e-10	7.016940024723281e-10	7.02286267743005e-11	2.0515554498500686e-10	4.616696368782977e-10	0.9999999978065703	1.5242394979024865e-10	6.892310194723237e-11
EU482676	0.0	0.0	0.0	0.0	0.0	0.0	0.0	1.0	0.0	0.0
EU482658_EU482658.1	1.7874585785027242e-11	7.586310781946346e-11	3.570585288115538e-11	1.703053579202494e-10	1.704491042663076e-11	4.979248560610759e-11	1.1204999967570719e-10	0.9999999994676413	3.6994210059063636e-11	1.672805169310271e-11
EU482464	0.0	0.0	0.0	0.0	0.0	0.0	0.0	1.0	0.0	0.0
EU482669_EU482669.2	7.295016662822767e-15	3.096142435368119e-14	1.4572354003666765e-14	6.950541057219364e-14	6.956407665835229e-15	2.0321422635940763e-14	4.573010107950448e-14	0.9999999999997828	1.5098161269554894e-14	6.827090557811147e-15
EU482649_EU482649.2	0.0	0.0	0.0	0.0	0.0	0.0	0.0	1.0	0.0	0.0
FJ410224_FJ410224.1	0.0	0.0	0.0	0.0	0.0	0.0	0.0	1.0	0.0	0.0
FJ410215	0.0	0.0	0.0	0.0	0.0	0.0	0.0	1.0	0.0	0.0
EU482451.1	0.0	0.0	0.0	0.0	0.0	0.0	0.0	1.0	0.0	0.0
EU482451	0.0	0.0	0.0	0.0	0.0	0.0	0.0	1.0	0.0	0.0
EU482469_FJ410259.1	1.517548384469413e-08	6.440761094933546e-08	3.031419021820835e-08	1.445888726522821e-07	1.4471091298253511e-08	4.227371028287574e-08	9.513020219472939e-08	0.999999548028757	3.140800261613925e-08	1.4202078933461647e-08
0.842	1.519430364499083e-08	6.44874857255244e-08	3.035178420940503e-08	1.447681838186534e-07	1.4489037549661085e-08	4.232613581299169e-08	9.524817743860376e-08	0.9999995474682472	3.1446953093303814e-08	1.421969157053214e-08
EU482467_FM210206.1	2.367002624072085e-10	1.0046004838296722e-09	4.728268866248179e-10	2.2552311641729687e-09	2.2571346934765997e-10	6.593660155607825e-10	1.4837974230532416e-09	0.9999999929503589	4.898876725782771e-10	2.2151753740976126e-10
0.950	9.207021313695801e-09	3.9076332118536866e-08	1.839172960169287e-08	8.772259559277603e-08	8.77966379055793e-09	2.5647613978352397e-08	5.7715840110712316e-08	0.9999997257874012	1.9055349566894554e-08	8.616453009166446e-09
EU482658.1	0.0	0.0	0.0	0.0	0.0	0.0	0.0	1.0	0.0	0.0
EU482658	0.0	0.0	0.0	0.0	0.0	0.0	0.0	1.0	0.0	0.0
EU482669.2	0.0	0.0	0.0	0.0	0.0	0.0	0.0	1.0	0.0	0.0
EU482669.1	0.0	0.0	0.0	0.0	0.0	0.0	0.0	1.0	0.0	0.0
EU482669	0.0	0.0	0.0	0.0	0.0	0.0	0.0	1.0	0.0	0.0
EU482649.2	0.0	0.0	0.0	0.0	0.0	0.0	0.0	1.0	0.0	0.0
EU482649.1	0.0	0.0	0.0	0.0	0.0	0.0	0.0	1.0	0.0	0.0
EU482649	0.0	0.0	0.0	0.0	0.0	0.0	0.0	1.0	0.0	0.0
FJ410224.1	0.0	0.0	0.0	0.0	0.0	0.0	0.0	1.0	0.0	0.0
FJ410224	0.0	0.0	0.0	0.0	0.0	0.0	0.0	1.0	0.0	0.0
FJ410259_FJ410259.1	0.0	0.0	0.0	0.0	0.0	0.0	0.0	1.0	0.0	0.0
EU482469	0.0	0.0	0.0	0.0	0.0	0.0	0.0	1.0	0.0	0.0
FJ410228	0.0	0.0	0.0	0.0	0.0	0.0	0.0	1.0	0.0	0.0
FJ432726	0.0	0.0	0.0	0.0	0.0	0.0	0.0	1.0	0.0	0.0
FJ024452_FM210206.1	3.6656601766946507e-09	1.555775202617798e-08	7.3224367017783585e-09	3.492565231519493e-08	3.4955131334324556e-09	1.0211276153757987e-08	2.2978838589588183e-08	0.9999998908256894	7.58664867609851e-09	3.4305328057705623e-09
0.816	2.5078789140655004e-10	1.0643910339744973e-09	5.009680035460358e-10	2.3894551807647406e-09	2.391472001935251e-10	6.986093341254835e-10	1.5721082149111406e-09	0.9999999925307875	5.190441919350699e-10	2.347015400472736e-10
EU482474_EU482699	7.46337087441405e-09	3.167595132842702e-08	1.490865442390009e-08	7.110945469423711e-08	7.116947467486083e-09	2.0790399917887536e-08	4.6785459205341945e-08	0.9999997777185202	1.5446596256683554e-08	6.984645982486197e-09
EU482670	0.0	0.0	0.0	0.0	0.0	0.0	0.0	1.0	0.0	0.0
FJ410259.1	0.0	0.0	0.0	0.0	0.0	0.0	0.0	1.0	0.0	0.0
FJ410259	0.0	0.0	0.0	0.0	0.0	0.0	0.0	1.0	0.0	0.0
0.041	6.807754830447857e-10	2.889339338667936e-09	1.3599011207888284e-09	6.486288057113497e-09	6.491762812688292e-10	1.8964077740415605e-09	4.2675614177473575e-09	0.9999999797244723	1.4089697812139217e-09	6.371083284799478e-10
FJ024452_FJ024452.2	1.422362016453021e-14	6.036772225674294e-14	2.841276967981928e-14	1.3551971229851366e-13	1.3563409779818123e-14	3.9622143462611863e-14	8.916327650837161e-14	0.9999999999995764	2.9437974031696523e-14	1.331127088688264e-14
0.944	1.6605057165698814e-09	7.047498930940085e-09	3.3169872318846194e-09	1.582095517010174e-08	1.5834308857411556e-09	4.625601285844799e-09	1.0409173518248416e-08	0.9999999505451791	3.436672492546295e-09	1.553995477016375e-09
0.822	1.64286400686158e-09	6.972624193040333e-09	3.2817465667865605e-09	1.5652868607295113e-08	1.5666080421034297e-09	4.576457513380233e-09	1.0298583343412033e-08	0.999999951070602	3.4001602554181724e-09	1.537485363970714e-09
0.833	2.6534332181489704e-08	1.126167021385186e-07	5.300435895782264e-08	2.5281363124670066e-07	2.53027018753525e-08	7.391557874987083e-08	1.6633515025682576e-07	0.9999992097283209	5.491688984039334e-08	2.4832333778930248e-08
EU482699	0.0	0.0	0.0	0.0	0.0	0.0	0.0	1.0	0.0	0.0
FM210206_FM210206.1	1.7898582957826703e-10	7.596495633944273e-10	3.575378907010242e-10	1.7053399802144316e-09	1.7067793735132477e-10	4.985933352614192e-10	1.1220043019402723e-09	0.9999999946692674	3.70438759065436e-10	1.675050960915769e-10
FJ205877_FJ410195	1.3541380881908952e-08	5.747217027704199e-08	2.70499445073655e-08	1.290194774616654e-07	1.2912837643396981e-08	3.772165804334717e-08	8.488653900430585e-08	0.9999995966972249	2.8025974691662743e-08	1.2672792651693912e-08
FJ024452.2	0.0	0.0	0.0	0.0	0.0	0.0	0.0	1.0	0.0	0.0
FJ024452.1	0.0	0.0	0.0	0.0	0.0	0.0	0.0	1.0	0.0	0.0
FJ024452	0.0	0.0	0.0	0.0	0.0	0.0	0.0	1.0	0.0	0.0
0.186	2.9990526665678916e-10	1.2728544232374371e-09	5.990837191036294e-10	2.8574353774919926e-09	2.8598471976462603e-10	8.354335508973181e-10	1.8800091613750864e-09	0.9999999910679255	6.207001698363464e-10	2.806683670326449e-10
FJ547067	0.0	0.0	0.0	0.0	0.0	0.0	0.0	1.0	0.0	0.0
FJ205879_FJ410202	3.754769916879057e-08	1.5935950542701744e-07	7.500440226535146e-08	3.577467149688685e-07	3.5804867131198716e-08	1.0459505427927391e-07	2.353743874283643e-07	0.9999988817173515	7.77107501673304e-08	3.5139267572775316e-08
EU482467_EU482679	3.383076712168899e-08	1.4358414592844445e-07	6.757954607907656e-08	3.223325548725194e-07	3.226046198712039e-08	9.424095222174734e-08	2.1207414205869386e-07	0.9999989924186917	7.001798645355956e-08	3.166075164119225e-08
FJ410217_FJ410217.1	0.0	0.0	0.0	0.0	0.0	0.0	0.0	1.0	0.0	0.0
EU482474	0.0	0.0	0.0	0.0	0.0	0.0	0.0	1.0	0.0	0.0
FM210206.1	0.0	0.0	0.0	0.0	0.0	0.0	0.0	1.0	0.0	0.0
FM210206	0.0	0.0	0.0	0.0	0.0	0.0	0.0	1.0	0.0	0.0
FJ410195	0.0	0.0	0.0	0.0	0.0	0.0	0.0	1.0	0.0	0.0
FJ205877	0.0	0.0	0.0	0.0	0.0	0.0	0.0	1.0	0.0	0.0
0.812	1.0839344209587032e-08	4.600421785174948e-08	2.1652419492703123e-08	1.0327503067404302e-07	1.0336220002960375e-08	3.0194707560026695e-08	6.794834463724914e-08	0.9999996771719488	2.2433693368595528e-08	1.0144073403322727e-08
0.827	2.2174520556486112e-08	9.411284065842484e-08	4.429530162110227e-08	2.1127424744273807e-07	2.114525736061482e-08	6.177063395539202e-08	1.39004900647517e-07	0.9999993395765353	4.589358776150355e-08	2.0752174657349854e-08
FJ410202	0.0	0.0	0.0	0.0	0.0	0.0	0.0	1.0	0.0	0.0
FJ205879	0.0	0.0	0.0	0.0	0.0	0.0	0.0	1.0	0.0	0.0
EU482467	0.0	0.0	0.0	0.0	0.0	0.0	0.0	1.0	0.0	0.0
EU482679	0.0	0.0	0.0	0.0	0.0	0.0	0.0	1.0	0.0	0.0
FJ410217.1	0.0	0.0	0.0	0.0	0.0	0.0	0.0	1.0	0.0	0.0
FJ410217	0.0	0.0	0.0	0.0	0.0	0.0	0.0	1.0	0.0	0.0
0.993	7.669506763483679e-09	3.2550830856603245e-08	1.532042663597628e-08	7.307347482820959e-08	7.313515254128104e-09	2.1364624037698997e-08	4.8077658452988355e-08	0.9999997715791772	1.5873226248151178e-08	7.177559644913488e-09
EU677148	0.0	0.0	0.0	0.0	0.0	0.0	0.0	1.0	0.0	0.0
FJ410223_FJ410223.1	0.0	0.0	0.0	0.0	0.0	0.0	0.0	1.0	0.0	0.0
FJ461309	0.0	0.0	0.0	0.0	0.0	0.0	0.0	1.0	0.0	0.0
0.797	1.3364236978196147e-08	5.672033819385144e-08	2.6696086004526167e-08	1.2733168697029238e-07	1.2743916136195527e-08	3.72281956838883e-08	8.377608114014655e-08	0.9999996019730995	2.7659348082047907e-08	1.2507011334349596e-08
FJ461311	0.0	0.0	0.0	0.0	0.0	0.0	0.0	1.0	0.0	0.0
FJ410223.1	0.0	0.0	0.0	0.0	0.0	0.0	0.0	1.0	0.0	0.0
FJ410223	0.0	0.0	0.0	0.0	0.0	0.0	0.0	1.0	0.0	0.0
FJ410237	0.0	0.0	0.0	0.0	0.0	0.0	0.0	1.0	0.0	0.0
FJ547064	0.0	0.0	0.0	0.0	0.0	0.0	0.0	1.0	0.0	0.0
