node	Africa	Caribbean	Central America	Eastern Asia	Europe	Oceania	South America	South-eastern Asia	Southern Asia	Western Asia
AB189123_FJ467493	0.058486105288139675	0.15350768622388858	0.04711473189915613	0.24139261604463164	0.02144580997111733	0.08647591182485935	0.16524392672219065	0.15173146226405207	0.05317733462801169	0.02142441513395279
EF105378_FJ467493	0.19848016537010854	0.10835178433295631	0.033260384327175097	0.17040418289418796	0.015139869576884608	0.06101284769360034	0.11665480057574272	0.24727225676917858	0.03429895891399324	0.015124749546172808
AB189123_GQ398257	0.008803099869071402	0.030169777942719942	0.00907814314169087	0.04671745623738447	0.004121108160986239	0.017923069396955732	0.03177468695185297	0.7180629059928677	0.12923275520820332	0.004116997098267337
EF105379_FJ467493	0.003925052981735567	0.006949400628951008	0.0021332568145362844	0.010929369634682872	0.0009710424701269053	0.0039130894778432	0.007482021665741648	0.9605416163124852	0.0021850764094016963	0.0009700736044956091
EF105378_EU003591	0.999552791703744	7.367324378531863e-05	2.2615470881731908e-05	0.00011586642204391492	1.0397159513973474e-05	4.14841390527243e-05	7.931977245283537e-05	7.04048542697231e-05	2.3163113025062828e-05	1.0284121230816452e-05
AB189123_DQ181801	0.0004778547057726058	0.0018599414344309916	0.000492705410104068	0.0032124534264898487	0.0002239826352937355	0.0031120468983055287	0.001726367336167518	0.9612163314301917	0.027454557524308885	0.00022375919893504213
AF100465_GQ398257	0.004834974885484858	0.018279003431027646	0.005100183618775133	0.025750864674760628	0.002283115251308433	0.01023227129907494	0.01766369895479013	0.5523324016360266	0.36124264854320254	0.00228083770554895
EF105379	0.0	0.0	0.0	0.0	0.0	0.0	0.0	1.0	0.0	0.0
FJ467493	0.0	0.0	0.0	0.0	0.0	0.0	0.0	1.0	0.0	0.0
EF105384_EU003591	0.9999565190801644	7.2421069702109275e-06	2.2231102884856955e-06	1.1389716627267517e-05	1.0195385660897216e-06	4.0779001051109006e-06	7.797167375431796e-06	6.44427573190526e-06	2.2761706615922138e-06	1.0109335094525765e-06
EF105378_EF457904	0.9999825297828208	2.901740256204722e-06	8.907484968892548e-07	4.563592948743438e-06	8.635501486955684e-07	1.633912584314225e-06	3.1241436615679146e-06	2.1761215130293063e-06	9.113500048332189e-07	4.0505756514474534e-07
AB189123_JX475906	0.00036810405088729434	0.0012297282857081677	0.0003677438000979891	0.0019699826873090264	0.00016735770907232094	0.0009496539338579472	0.0012895836991865827	0.9483551638052706	0.04513549126889697	0.00016719075971305435
AF022434_DQ181801	0.00021098527150662094	0.0011552718685202844	0.00021849183161290692	0.002380392398568484	9.93845624820744e-05	0.004409391876623967	0.0007659058571426594	0.9838844679737665	0.006776422939408507	9.928542036802364e-05
AF100465_JQ922552	4.143695472628165e-05	0.005684007882536834	0.0002870386442975229	0.00022090541320284211	1.961260753959664e-05	0.00253914874766342	0.0003589572897105216	0.0017062396515276808	0.9891230597660099	1.9593042785409015e-05
GQ398257	0.0	0.0	0.0	0.0	0.0	0.0	0.0	1.0	0.0	0.0
EF105384_EF105385	0.9999963103890941	6.35561682225224e-07	1.950987425345436e-07	9.99553923274662e-07	8.88145728710896e-08	3.578717599754847e-07	6.842745518929333e-07	4.4016488352961336e-07	1.995518896945267e-07	8.871889967023845e-08
EF105387_EU003591	0.9999999130353742	1.4979972704162736e-08	4.5984110068016915e-09	2.3559146019689783e-08	2.093338426955204e-09	8.43491569730533e-09	1.612811845899953e-08	1.0376276382752085e-08	4.7033729931512e-09	2.091074290913926e-09
EF105389_EF457904	0.9999143551900009	3.238256302050998e-06	9.940494509391257e-07	5.0928366460916734e-06	6.730390787239051e-05	1.8233956985549322e-06	3.486453755256864e-06	2.2371480313276506e-06	1.0167297356249235e-06	4.5203250683688315e-07
EF105378_EF105383	0.999995210887662	8.246953220613076e-07	2.5315720903600177e-07	1.297006212067e-06	1.1762197620362709e-07	4.6436902631207413e-07	8.87904420434553e-07	5.703036841136074e-07	2.589341710143627e-07	1.1512031683290128e-07
AB189123_GU131843	4.4715469701321045e-05	6.031221622801771e-05	1.825409113708223e-05	9.615705191635916e-05	8.308151751336775e-06	4.084237673679366e-05	6.401733365055202e-05	0.9984464922858028	0.0012126011592035028	8.299863872140373e-06
AF276619_JX475906	9.58080577333545e-06	3.248097655390429e-05	9.964212028598451e-06	5.114670713986801e-05	4.535610576411767e-06	1.8460714401021016e-05	3.494758067255348e-05	0.0006535941327910069	0.9991807581740296	4.531086033580678e-06
AF100466_DQ181801	3.568319417775134e-05	0.004369873459818106	3.713597839770267e-05	0.00022714421000892218	1.6903186066167086e-05	0.00011501481360797816	0.0001302432075750737	0.9949364708865079	0.00011464473971396404	1.688632412634098e-05
AF022434_KJ734727	0.0004395319432852174	0.0021197960501712944	0.00045700548780628616	0.007548652100459994	0.00020798940814313336	0.017361312972664123	0.0016026559850476191	0.9662715394615559	0.0037837346646320395	0.00020778192623444663
AF100465_EU056812	0.0008096011131860907	0.7845557484928416	0.03526083737949623	0.004318288155133603	0.00038366551224724467	0.0018871833668912114	0.03227918286248756	0.0021189225721969115	0.13800328776256696	0.0003832827829524632
HM582107_HM582115	5.217458181757448e-05	0.00019410240251108415	5.507332189086576e-05	0.0002782918810022799	2.4725389211246773e-05	0.995936839762746	0.00019115575601148392	0.00012715317294664474	0.003115783007706015	2.470072415675982e-05
JQ922550_JQ922553	1.4956903211600835e-05	0.0013607492620263993	7.320924520416983e-05	7.975123664247003e-05	7.082311552611805e-06	0.0006099093834746865	0.00010368640738610986	0.0004153088211464884	0.9973282711828335	7.0752465220402955e-06
JQ922552	0.0	0.0	0.0	0.0	0.0	0.0	0.0	0.0	1.0	0.0
EF105384	1.0	0.0	0.0	0.0	0.0	0.0	0.0	0.0	0.0	0.0
EF105385	1.0	0.0	0.0	0.0	0.0	0.0	0.0	0.0	0.0	0.0
EF105387_EF105388	0.9999999858336167	2.44099064563894e-09	7.493123412725604e-10	3.83896932622133e-09	3.41086429094692e-10	1.3744717609886503e-09	2.6280813531491758e-09	1.6863217738550652e-09	7.664086333959252e-10	3.407411328627609e-10
EU003591	1.0	0.0	0.0	0.0	0.0	0.0	0.0	0.0	0.0	0.0
EF105389_JF260983	0.9988477635843112	3.4859108440439374e-05	1.0700721153367622e-05	5.482325325082419e-05	0.000954813918384925	1.9628448743991363e-05	3.7530898916012564e-05	2.4069189503641718e-05	1.0944847939588594e-05	4.866029356322046e-06
EF457904	1.0	0.0	0.0	0.0	0.0	0.0	0.0	0.0	0.0	0.0
EF105380_EF105383	0.9999996842368226	5.4412073706274856e-08	1.6702906478124374e-08	8.557438874646684e-08	7.604594687182667e-09	3.06383222965415e-08	5.858250912799684e-08	3.7568962623397255e-08	1.7083965838847024e-08	7.595453810554959e-09
EF105378	1.0	0.0	0.0	0.0	0.0	0.0	0.0	0.0	0.0	0.0
AB189123_GQ398263	5.836465426103673e-06	1.5912941898746786e-05	4.873757169011623e-06	2.7215052013979542e-05	2.2184564682822183e-06	9.363674882767367e-06	1.7093605263020212e-05	0.9998595490541609	5.5720749291851596e-05	2.2162434252374e-06
GQ398259_GU131843	0.00036516645875893914	2.1757394075613923e-05	6.6716852286116605e-06	3.4254133867565986e-05	3.036874332958072e-06	1.2441591145016288e-05	2.3399606192761167e-05	0.9994903733576928	3.986505383665478e-05	3.0338448691607496e-06
AF276619_FJ882602	2.6430717818745845e-08	8.9607544484969e-08	2.7489892043657483e-08	1.8273836969492454e-07	1.2513129910266611e-08	5.090451805521587e-08	9.641559394719908e-08	1.7134282900739683e-06	0.9999977879712966	1.2500647315080552e-08
JX475906	0.0	0.0	0.0	0.0	0.0	0.0	0.0	0.0	1.0	0.0
AF100466_JN819418	0.00012324570401900958	0.09154397667281945	0.0001283083128548656	0.0006632458176238788	5.84048528705544e-05	0.00024283438160178556	0.0004500214326777132	0.9065881578361972	0.00014345839879882898	5.8346590536712257e-05
AF119661_DQ181801	3.2504341623383446e-06	0.00019256688275753095	3.383428914344808e-06	6.342995014340547e-05	1.5400759414179802e-06	8.210005457418235e-06	1.1866581053191239e-05	0.9997074779257528	6.736176194085021e-06	1.5385396235256917e-06
AF022434_M84728	1.8481441154037035e-05	6.946728073174786e-05	1.9234581068270834e-05	0.00015472343984687217	8.755048446508222e-06	0.00021354045968976688	6.74596424059302e-05	0.9993841405338798	5.545125801521029e-05	8.746314761698696e-06
AF204177_KJ734727	0.004170057561288674	0.02193296200256033	0.004341105850379888	0.11322970150180102	0.001976019356036181	0.29650874653771686	0.015225551485780305	0.5343991668914552	0.00624264065445029	0.0019740481585312202
AF100465_GQ868600	0.0008049385032924903	0.7962629202240683	0.06113653725858984	0.004293425239881522	0.00038145736546010866	0.0017307584035420273	0.05431154957935764	0.002011504320986953	0.07868583226589704	0.0003810768389241208
EU056812	0.0	1.0	0.0	0.0	0.0	0.0	0.0	0.0	0.0	0.0
HM582107	0.0	0.0	0.0	0.0	0.0	1.0	0.0	0.0	0.0	0.0
HM582115	0.0	0.0	0.0	0.0	0.0	1.0	0.0	0.0	0.0	0.0
JQ922553	0.0	0.0	0.0	0.0	0.0	0.0	0.0	0.0	1.0	0.0
JQ922550	0.0	0.0	0.0	0.0	0.0	0.0	0.0	0.0	1.0	0.0
EF105388	1.0	0.0	0.0	0.0	0.0	0.0	0.0	0.0	0.0	0.0
EF105387	1.0	0.0	0.0	0.0	0.0	0.0	0.0	0.0	0.0	0.0
JF260983	0.0	0.0	0.0	0.0	1.0	0.0	0.0	0.0	0.0	0.0
EF105389	1.0	0.0	0.0	0.0	0.0	0.0	0.0	0.0	0.0	0.0
EF105380	1.0	0.0	0.0	0.0	0.0	0.0	0.0	0.0	0.0	0.0
EF105383	1.0	0.0	0.0	0.0	0.0	0.0	0.0	0.0	0.0	0.0
AB189123_FJ196854	3.438412581932872e-07	1.159129998540926e-06	3.5579886249229835e-07	8.829546639755937e-05	1.6195691040493158e-07	5.025348397672299e-06	1.2479015463422285e-06	0.9999027931857615	4.555755185654939e-07	1.617953487006959e-07
GQ398263	0.0	0.0	0.0	0.0	0.0	0.0	0.0	1.0	0.0	0.0
GQ398262_GU131843	0.004844202222454647	0.00016281197767792482	4.997445802047467e-05	0.00025607616498066345	2.2747984989630655e-05	9.17827886389013e-05	0.0001752765409534666	0.9943047757308502	6.962683892012331e-05	2.2725292514117356e-05
GQ398259	0.0	0.0	0.0	0.0	0.0	0.0	0.0	1.0	0.0	0.0
FJ882602	0.0	0.0	0.0	0.0	0.0	0.0	0.0	0.0	1.0	0.0
AF276619_JQ955623	1.485707010923404e-07	5.038790098075762e-07	1.5467574400547183e-07	1.4354584526174237e-05	7.040724249316948e-08	2.837316894671092e-07	5.424979831925227e-07	3.764752048940643e-07	0.9999834948408918	7.033700716350334e-08
JQ922551	0.0	0.0	0.0	0.0	0.0	0.0	0.0	0.0	1.0	0.0
AF100466_M20558	9.639143084368833e-06	0.9933331283966287	1.0035247908933548e-05	5.145599629683046e-05	4.567968953384022e-06	1.8461389464080047e-05	3.523339222619324e-05	0.006522563199674804	1.0351853631373883e-05	4.563412131159042e-06
JN819418	0.0	0.0	0.0	0.0	0.0	0.0	0.0	1.0	0.0	0.0
AF119661_FJ639701	4.544302843330645e-06	3.2546053808941294e-05	4.730995970374699e-06	0.0006759218709118459	2.1535106727999544e-06	8.867230191619103e-06	1.6593117952651503e-05	0.9992473434803356	5.148074895673384e-06	2.151362417107193e-06
DQ181801	0.0	0.0	0.0	0.0	0.0	0.0	0.0	1.0	0.0	0.0
AF022434_AJ487271	8.39599549036867e-07	2.903128007682455e-06	8.740508065485485e-07	4.9383721995128815e-06	3.9785821071336544e-07	3.063932422875363e-06	3.065560995616715e-06	0.9999823328806984	1.1871557863181942e-06	3.974613233506804e-07
M84727_M84728	7.318509624098094e-07	2.491936787049272e-06	7.619171371365902e-07	3.9851118740058545e-06	3.4681842593881763e-07	1.6564015676581713e-06	2.672287163954385e-06	0.9999861759592087	8.312444192558622e-07	3.464724538164886e-07
AF204177_KF704355	0.00030770667224258607	0.026449872023948426	0.0003203447300320839	0.0036710140673024715	0.00014581809142721078	0.9550440404713747	0.0011235502919801049	0.012424117752178191	0.00036786327035449493	0.00014567262915975572
KJ734727	0.0	0.0	0.0	1.0	0.0	0.0	0.0	0.0	0.0	0.0
AF100465_GQ868592	0.0009877784860011954	0.1332977235743388	0.4528863326497413	0.005268676709714849	0.00046810658795722607	0.0019180518270019956	0.3885749973913058	0.0023337607858637385	0.013796932364435034	0.00046763962363997587
GQ868600	0.0	1.0	0.0	0.0	0.0	0.0	0.0	0.0	0.0	0.0
AB189123_JN851131	1.8587653423900711e-06	6.303427877391877e-06	1.934965278689878e-06	0.0005940657335618408	8.807817386593278e-07	3.9236684584550896e-06	6.786550629784385e-06	0.9993813792477916	1.9869562153066385e-06	8.799031061987631e-07
AY037116_FJ196854	8.358913687736876e-07	2.834276684003953e-06	8.700377120409901e-07	0.00044016049515703304	3.9603466227128417e-07	0.00011502891859730105	3.0515043347855233e-06	0.9994355286833435	8.985185463519658e-07	3.956395940103169e-07
GU131843	1.0	0.0	0.0	0.0	0.0	0.0	0.0	0.0	0.0	0.0
GQ398262	0.0	0.0	0.0	0.0	0.0	0.0	0.0	1.0	0.0	0.0
DQ448231_JQ955623	1.8936663971628816e-09	6.422395420800303e-09	1.9714864305149615e-09	1.4456886663183116e-08	8.974059002902154e-10	3.616321571624498e-09	6.914642186932538e-09	4.443439158636466e-09	0.9999999584872414	8.965148852048011e-10
AF276619_KF041236	2.4091651386040684e-05	8.17071662122044e-05	2.5081696957982245e-05	0.0029657381978610304	1.1417001151089003e-05	4.600763485751059e-05	8.796964425567738e-05	5.643620152581502e-05	0.9966901451937831	1.1405612009714642e-05
AF100466_GQ398284	3.116946918684696e-11	0.9999999331701214	3.245215845529947e-11	1.6635064533977008e-10	1.477115118770579e-11	5.964741061016448e-11	5.1447348722557805e-08	1.50299902669802e-08	3.339237955025755e-11	1.475641608098688e-11
M20558	0.0	1.0	0.0	0.0	0.0	0.0	0.0	0.0	0.0	0.0
EU482449_FJ639701	1.635404791054793e-09	1.0785239567798096e-08	1.7025949302344737e-09	2.0797610331804667e-07	7.750074694465955e-10	3.180909908314679e-09	5.971546698480455e-09	0.9999997653629993	1.8359597373558975e-09	7.742343531445409e-10
AF119661	0.0	0.0	0.0	1.0	0.0	0.0	0.0	0.0	0.0	0.0
AF022434_DQ181804	4.6514978650687604e-09	1.5789858620547778e-08	4.8426377452679035e-09	2.4928261880153544e-08	2.2043317215521827e-09	9.256891921979385e-09	1.698469609028529e-08	0.9999999141115117	5.0281797891928355e-09	2.2021327688263455e-09
AJ487271	0.0	0.0	0.0	0.0	0.0	0.0	0.0	1.0	0.0	0.0
M84727	0.0	0.0	0.0	0.0	0.0	0.0	0.0	1.0	0.0	0.0
M84728	0.0	0.0	0.0	0.0	0.0	0.0	0.0	1.0	0.0	0.0
AF204177_M29095	0.0	0.0	0.0	0.0	0.0	1.0	0.0	0.0	0.0	0.0
KF704355	0.0	1.0	0.0	0.0	0.0	0.0	0.0	0.0	0.0	0.0
AF100465_FJ898449	5.826271479886502e-05	0.004667255934869525	0.7749281921379406	0.00031076546863158786	2.76106117152418e-05	0.00011235415410008168	0.2192304130964981	0.00013714372268037556	0.0005004190902868847	2.758306847876662e-05
AF100467_GQ868592	6.238411031022546e-05	0.002042223628463872	0.006430529541135544	0.00033274847018071517	2.956374188832172e-05	0.00011958099080836823	0.990561084802822	0.0001463734487942247	0.00024597701530908455	2.953425028769087e-05
AB189123	0.0	0.0	0.0	0.0	0.0	0.0	0.0	1.0	0.0	0.0
DQ645550_JN851131	2.6958670556027922e-05	9.143038312328807e-05	2.8066437931176862e-05	0.014398255484963847	1.277563295030619e-05	5.1681134060200395e-05	9.843809867046441e-05	0.9852509203642348	2.871090501733764e-05	1.2762888492375661e-05
FJ196853_FJ196854	0.00019194492616890282	0.0006509837916554996	0.0001998328797533616	0.9025965405007159	9.096243456515387e-05	0.0003772750773554324	0.0007008787074031717	0.09489631732582683	0.00020439266245901244	9.087169409655376e-05
AY858035_JN851127	1.0017026649342344e-12	3.3966538289822347e-12	1.0426710307778742e-12	4.3007251576748193e-10	4.746160600571445e-13	1.164891839172103e-10	3.656985363545693e-12	0.9999999994423169	1.0747523349246751e-12	4.74142602152228e-13
AY037116	0.0	0.0	0.0	0.0	0.0	1.0	0.0	0.0	0.0	0.0
DQ448231_JQ922549	1.7238444060658472e-09	5.8464418731249616e-09	1.794685664523075e-09	1.1916821188569978e-08	8.169275120441369e-10	3.2920130087205415e-09	6.2945445716915616e-09	4.042323284093039e-09	0.9999999634562797	8.161187212967898e-10
JQ955623	0.0	0.0	0.0	0.0	0.0	0.0	0.0	0.0	1.0	0.0
AF276619	0.0	0.0	0.0	1.0	0.0	0.0	0.0	0.0	0.0	0.0
KF041236	0.0	0.0	0.0	0.0	0.0	0.0	0.0	0.0	1.0	0.0
AF100466_GQ868603	5.999950645742489e-10	0.9999997702084173	6.246522235818609e-10	3.2003136670936857e-09	2.843368534162844e-10	1.1458315444177897e-09	2.184686854309221e-07	4.5447697661140935e-09	6.389449309408072e-10	2.8405321039988247e-10
EU482572_GQ398284	6.811872193130354e-08	0.999998819345712	7.091805953020665e-08	3.63336145540768e-07	3.228137106515834e-08	1.30085770041946e-07	2.509680037431405e-07	1.6016106201259854e-07	7.253598562891547e-08	3.2249168466893356e-08
AF208496_JN819419	3.1840173512329146e-07	0.9960120885123499	3.340002612777667e-07	1.6983122201770057e-06	1.5089015571839546e-07	6.080491834533392e-07	0.003983566351849122	7.456936636878107e-07	3.3904894768093524e-07	1.5073963376389317e-07
FJ639697_FJ639701	2.9961095633148505e-08	1.017135550507095e-07	3.119234594085654e-08	1.636152569293833e-07	1.4198522916627365e-08	5.721756274655945e-08	1.0940167158092426e-07	0.9999994466098594	3.190577081634294e-08	1.4184359040857715e-08
EU482449_FM210227	3.324794325389876e-07	1.127636398847132e-06	3.461426681095469e-07	1.7744594921757777e-06	1.575615576181544e-07	6.349335529230606e-07	1.214034577774734e-06	0.9999939013079057	3.540400339634704e-07	1.5740438054126565e-07
FM210208_FM210222	3.3635752195569715e-08	1.1407827212173853e-07	3.501801275537111e-08	1.7949061810565722e-07	1.5939937900771347e-08	6.42339439300382e-08	1.2281952572450797e-07	0.9999993830429513	3.5816949044680825e-08	1.5924036859407545e-08
DQ181804	0.0	0.0	0.0	0.0	0.0	0.0	0.0	1.0	0.0	0.0
AF022434_EU726767	2.6199284518118177e-15	8.88552573415913e-15	2.727594357126061e-15	1.3974384601279648e-14	1.241580582289215e-15	5.003318829880422e-15	9.566557863513438e-15	0.9999999999999519	2.7898340526881136e-15	1.2403420314041128e-15
DQ181805	0.0	0.0	0.0	0.0	0.0	0.0	0.0	1.0	0.0	0.0
AF204177	0.0	0.0	0.0	1.0	0.0	0.0	0.0	0.0	0.0	0.0
M29095	0.0	0.0	0.0	0.0	0.0	1.0	0.0	0.0	0.0	0.0
AF204178	0.0	0.0	0.0	1.0	0.0	0.0	0.0	0.0	0.0	0.0
AF100469_FJ898449	1.3250156283559841e-05	0.0008666376017452676	0.9585730421799695	7.067455008125968e-05	6.279229331022757e-06	2.5504159674793148e-05	0.04031248028133652	3.115825876554691e-05	9.470061738820139e-05	6.272965424227528e-06
AF100465	0.0	0.0	0.0	0.0	0.0	0.0	1.0	0.0	0.0	0.0
AF100467_AF100468	2.849417276977362e-07	3.3094934931411024e-06	8.44418389738588e-06	1.5198409938965035e-06	1.3503349737696038e-07	5.447224574962152e-07	0.9999844260510035	6.67605759557608e-07	5.332283764619486e-07	1.348987933874796e-07
GQ868592	0.0	0.0	0.0	0.0	0.0	0.0	1.0	0.0	0.0	0.0
DQ645550_FJ196852	0.00014081372710494905	0.00047757166426476525	0.00014660045644623417	0.9182468291203597	6.673143300148377e-05	0.00026892684693773474	0.0005141753376412146	0.0799217412292313	0.000149945320606498	6.666486440610857e-05
JN851131	0.0	0.0	0.0	0.0	0.0	0.0	0.0	1.0	0.0	0.0
FJ196854	0.0	0.0	0.0	1.0	0.0	0.0	0.0	0.0	0.0	0.0
FJ196853	0.0	0.0	0.0	1.0	0.0	0.0	0.0	0.0	0.0	0.0
AY858036_JN851127	1.8164698494069534e-08	6.160582449048933e-08	1.8911176416771937e-08	9.118752449209918e-07	8.608226281362727e-09	1.6653247423312724e-06	6.632762786030417e-08	0.9999972212402061	1.9342614080576106e-08	8.5996390608214e-09
EU081180	0.0	0.0	0.0	0.0	0.0	0.0	0.0	1.0	0.0	0.0
GU370051_JN851121	2.524352149787466e-07	8.561374995811057e-07	2.628090351114985e-07	1.3464561440033918e-06	1.1962871019594405e-07	4.820735974796278e-07	9.217565049914847e-07	0.9999953703891864	2.6880473371265555e-07	1.1950937340298e-07
AY858035_JX470186	8.354526057478343e-09	2.8334489898911334e-08	8.697855139334512e-09	4.3737320915754034e-07	3.959198706194805e-09	1.5954638757987633e-08	3.0506198353316897e-08	0.9999994539683479	8.896287126626009e-09	3.95524916870058e-09
JN851128_JN851129	1.0929328861187843e-07	3.7066968980952745e-07	1.1378469413100599e-07	5.829559775951276e-07	5.1793943055105785e-08	2.0871655395806157e-07	3.990798183145582e-07	0.9999979955831925	1.1638056657160027e-07	5.1742275499307234e-08
DQ448231_KJ010186	5.590207962248743e-09	1.895926710274413e-08	5.819937447072663e-09	9.347725549901858e-08	2.6491920641881793e-09	1.067557430468742e-08	2.0412407808607323e-08	1.3090276915120439e-08	0.9999998266531527	2.672728251885508e-09
JQ922549	0.0	0.0	0.0	0.0	0.0	0.0	0.0	0.0	1.0	0.0
AF100466_FJ898450	2.554471404752359e-06	0.9973154242796655	2.6594473563671695e-06	1.3625208421186416e-05	1.2105605765371589e-06	4.87825310102326e-06	0.002649735790200916	5.982516574602346e-06	2.7201197292442283e-06	1.2093529699629845e-06
EU482561_GQ868603	1.3601681953346717e-07	0.9999976329836711	1.4160642804984455e-07	7.254955034336e-07	6.445818855764392e-08	2.5975020667538594e-07	5.117365287328849e-07	3.187217406474727e-07	1.4483702561832352e-07	6.439388765955565e-08
EU529701_GQ398284	6.170833206709109e-07	0.9999893304126108	6.42442347453408e-07	3.2914398021048683e-06	2.92434958971767e-07	1.178438957644185e-06	2.253457442917883e-06	1.445048359182246e-06	6.570989626054106e-07	2.9214323761075677e-07
EU482572	0.0	1.0	0.0	0.0	0.0	0.0	0.0	0.0	0.0	0.0
AF208496_EU920828	5.9458147315532934e-08	0.9958616516263268	7.350220797132775e-08	3.171417960478534e-07	2.8177136357942338e-08	1.1354673638465554e-07	0.00413752585059105	1.3923423499681946e-07	6.331379507480438e-08	2.8149027979256658e-08
EU482545_JN819419	3.5034297335231134e-05	0.9677973795234304	3.647475077740084e-05	0.00018686825070759685	1.660270657242302e-05	6.690471032606246e-05	0.03172480561406841	8.203785648110201e-05	3.730614592170512e-05	1.658614437967154e-05
FJ639697_JX649148	1.756022461038469e-07	5.955828371317078e-07	1.8281861682942157e-07	9.376052109941295e-07	8.32176691357698e-08	3.353464496514148e-07	6.412041702339844e-07	0.9999967784982647	1.869898805713651e-07	8.313465453387081e-08
FJ639701	0.0	0.0	0.0	0.0	0.0	0.0	0.0	1.0	0.0	0.0
EU482449_FM210218	1.595392724789767e-08	5.410798688370028e-08	1.660955357039563e-08	8.509700337187922e-08	7.560544749584686e-09	3.046708429534808e-08	5.825509021032907e-08	0.9999997074073242	1.698848265887232e-08	7.553002654029207e-09
FM210204_FM210227	1.013555238552508e-07	3.4374871842825377e-07	1.055207270896473e-07	5.406193344417521e-07	4.8032246970937485e-08	1.9355781348777147e-07	3.700954062139799e-07	0.9999981411578303	1.0792806742873215e-07	4.798433193195578e-08
FM210208_FM210243	2.0510881546255832e-08	6.956296433761585e-08	2.1353775814891483e-08	1.0940335273949023e-07	9.720079286709473e-09	3.9169462598024696e-08	7.489461599045609e-08	0.9999996238335457	2.1840939185454073e-08	9.710382926299566e-09
FM210213_FM210222	1.1811387489398251e-08	4.005848956607812e-08	1.229677622306203e-08	6.300061141852985e-08	5.597400707736778e-09	2.255610990352444e-08	4.312878158553918e-08	0.9999997833813127	1.2577313744470378e-08	5.591816965771309e-09
AF100462_EU726767	4.369785973306101e-07	1.4820189161045465e-06	4.5493622408666607e-07	2.330785324403377e-06	2.070835718635447e-07	8.344944439225149e-07	1.595608856180459e-06	0.9999919859019796	4.653150928218551e-07	2.0687699361572057e-07
DQ181803	0.0	0.0	0.0	0.0	0.0	0.0	0.0	1.0	0.0	0.0
AF100461_GQ868542	4.0575233496504905e-12	1.3761146183020884e-11	4.224267190909787e-12	2.164228622308196e-11	1.922854879617005e-12	7.748619067510897e-12	1.4815874805792943e-11	0.9999999999255857	4.320639192864638e-12	1.920936716875863e-12
AF022434_EU687246	1.1126480686815507e-11	3.7735612106092974e-11	1.1583723189086458e-11	6.854385526777164e-11	5.272824291559644e-12	2.1248148926008043e-11	4.062787337973828e-11	0.9999999997867459	1.1847993071498445e-11	5.26756433398101e-12
DQ181802	0.0	0.0	0.0	0.0	0.0	0.0	0.0	1.0	0.0	0.0
AF100469_JX966379	3.034102007759289e-06	3.6835549499875644e-05	0.9986105008618137	1.6183493527559092e-05	1.437856812761523e-06	5.8006751800052715e-06	0.0013118276317439879	7.10902029079164e-06	5.834386658833839e-06	1.4364224645979668e-06
FJ898449	0.0	0.0	1.0	0.0	0.0	0.0	0.0	0.0	0.0	0.0
AF100467	0.0	0.0	0.0	0.0	0.0	0.0	1.0	0.0	0.0	0.0
AF100468	0.0	0.0	0.0	0.0	0.0	0.0	1.0	0.0	0.0	0.0
FJ196852	0.0	0.0	0.0	1.0	0.0	0.0	0.0	0.0	0.0	0.0
DQ645550	0.0	0.0	0.0	1.0	0.0	0.0	0.0	0.0	0.0	0.0
EU179858_JN851127	2.5643543562691522e-08	8.69704302861034e-08	2.6697364474637706e-08	1.8565201604270338e-06	1.2152440940156213e-08	3.489852276278239e-06	9.363631414036264e-08	0.9999943690807165	2.730643543775636e-08	1.2140318153526578e-08
AY858036	0.0	0.0	0.0	0.0	0.0	0.0	0.0	1.0	0.0	0.0
GU370051	0.0	0.0	0.0	0.0	0.0	0.0	0.0	1.0	0.0	0.0
JN851121	0.0	0.0	0.0	0.0	0.0	0.0	0.0	1.0	0.0	0.0
AY858035_JN851130	2.718794117459794e-07	9.220827600443152e-07	2.830522907579271e-07	1.486774249918126e-06	1.2884328899503903e-07	5.192058895077791e-07	9.927561666522218e-07	0.9999949771813653	2.8950981692454564e-07	1.2871476010863354e-07
EU179859_JX470186	1.660164449574595e-07	5.630470538243761e-07	1.728388874571646e-07	1.8048484928441692e-05	7.867497085642585e-08	3.170402748495795e-07	6.06202023311497e-07	0.9999797923169123	1.7678201625480356e-07	7.85964878677422e-08
JN851129	0.0	0.0	0.0	0.0	0.0	0.0	0.0	1.0	0.0	0.0
JN851128	0.0	0.0	0.0	0.0	0.0	0.0	0.0	1.0	0.0	0.0
DQ448231_KF479233	1.183030119682945e-08	4.012262903494851e-08	1.2316467188930938e-08	7.544507037789554e-07	5.606363888354765e-09	2.2592229182590556e-08	4.3197844187871e-08	2.770234545006794e-08	0.9999990765752441	5.605872100090362e-09
KF041233_KJ010186	2.3346715474990565e-09	7.918070627305531e-09	2.430614828254866e-09	1.2455351981105111e-08	1.106397718647321e-09	4.458503109015957e-09	8.524954357532507e-09	5.4669678037648306e-09	0.9999996787234355	2.7658103244088736e-07
AF100466_GQ868552	1.4471542186557084e-09	6.28430241602098e-05	1.5066249924553595e-09	7.718926820671784e-09	6.858044454975599e-10	2.7636185441323736e-09	0.9999371372388732	3.388720146941326e-09	1.540996981779853e-09	6.851203145477892e-10
EU482551_FJ898450	1.19024204236482e-07	0.9999459873099702	1.239155015415404e-07	6.348591675325375e-07	5.6405410933317255e-08	2.2729954692307175e-07	5.2389365495266786e-05	2.7872906290149864e-07	1.2674249741270618e-07	5.6349143162515606e-08
EU482561_EU482576	2.763787824346299e-08	0.9999995221264776	2.877365629957302e-08	1.4741674169329897e-07	1.3097553473667624e-08	5.2779829441824127e-08	1.0093499085661583e-07	6.471828902783804e-08	2.9430095570408888e-08	1.3084487880762191e-08
GQ868603	0.0	1.0	0.0	0.0	0.0	0.0	0.0	0.0	0.0	0.0
GQ398284	0.0	1.0	0.0	0.0	0.0	0.0	0.0	0.0	0.0	0.0
EU529701	0.0	1.0	0.0	0.0	0.0	0.0	0.0	0.0	0.0	0.0
EU482444_EU920828	5.832104790526765e-06	0.028859324580348747	4.536394482737367e-05	3.110766600282316e-05	2.7638266470772336e-06	1.1137522692871719e-05	0.9710218422804683	1.3656708779094065e-05	6.210295878400473e-06	2.761069564702688e-06
AF208496_FJ898460	7.110329546839796e-10	0.9999909486460832	7.407243163649045e-10	3.7925545691915124e-09	3.3695756466819966e-10	1.3578538028060963e-09	9.041656045795109e-06	1.664985680151963e-09	7.571408927813573e-10	3.3662142934527764e-10
EU482546_EU677142	2.9821443478566034e-07	0.9999794161870422	3.1051280878288684e-07	1.5906358626480545e-06	1.4132342113304854e-07	5.694976606323456e-07	1.6516581929000727e-05	6.983118264229847e-07	3.175525717984274e-07	1.411824425684456e-07
EU920834_JN819419	5.215596240736575e-06	0.004044732801864118	5.429934059425366e-06	2.7819291952015798e-05	2.4716640712557567e-06	9.960181370954772e-06	0.9958841344573288	1.2213065714650968e-05	5.553808959307645e-06	2.46919843852374e-06
EU482545	0.0	1.0	0.0	0.0	0.0	0.0	0.0	0.0	0.0	0.0
FJ639697_FJ639702	1.7127038248740942e-07	5.808658822017299e-07	1.783087354452569e-07	9.135343155853089e-07	8.116480481325441e-08	3.2707364524894734e-07	6.253865538668932e-07	0.9999968589351891	1.8237665328451038e-07	8.108383806629123e-08
JX649148	0.0	0.0	0.0	0.0	0.0	0.0	0.0	1.0	0.0	0.0
EU482664_FM210218	1.1748953370942503e-08	3.984673687759293e-08	1.2231776375772437e-08	6.266734828127927e-08	5.567813262653117e-09	2.2436879907591292e-08	4.2900806044152955e-08	0.9999997845265958	1.2510830879673445e-08	5.562259035933634e-09
EU482449_FM210241	1.273394607542799e-08	4.318735318383504e-08	1.3257247335835235e-08	6.79211681196009e-08	6.03459998573386e-09	2.4317912398200047e-08	4.649746522185861e-08	0.9999997664620308	1.3559696830204481e-08	6.028580111341343e-09
FM210204	0.0	0.0	0.0	0.0	0.0	0.0	0.0	1.0	0.0	0.0
FM210227	0.0	0.0	0.0	0.0	0.0	0.0	0.0	1.0	0.0	0.0
FM210208_FM210237	2.2815090292761488e-08	7.737769253210127e-08	2.37526759740406e-08	1.216926505601116e-07	1.0812040724821812e-08	4.356979084325661e-08	8.330833671961855e-08	0.9999995815759001	2.429456711397005e-08	1.0801255067571281e-08
FM210243	0.0	0.0	0.0	0.0	0.0	0.0	0.0	1.0	0.0	0.0
FM210217_FM210222	2.5476436340959986e-10	8.640368448158176e-10	2.6523389985095464e-10	1.3588792409821236e-09	1.207324905171091e-10	4.865214157032147e-10	9.302612919230606e-10	0.9999999953276736	2.7128491917389887e-10	1.206120526372617e-10
FM210213	0.0	0.0	0.0	0.0	0.0	0.0	0.0	1.0	0.0	0.0
EU726767	0.0	0.0	0.0	0.0	0.0	0.0	0.0	1.0	0.0	0.0
AF100462	0.0	0.0	0.0	0.0	0.0	0.0	0.0	1.0	0.0	0.0
GQ868542	0.0	0.0	0.0	0.0	0.0	0.0	0.0	1.0	0.0	0.0
DQ181799	0.0	0.0	0.0	0.0	0.0	0.0	0.0	1.0	0.0	0.0
AF169679_AF169680	1.772129809611186e-08	6.010202595001449e-08	1.844955448849991e-08	9.452303106860113e-08	8.398099426881041e-09	3.3842217652393107e-08	6.470857007162913e-08	0.9999996749950206	1.887046074770862e-08	8.389721820443962e-09
AF100461_FJ906957	7.491534444051806e-08	2.54076419864873e-07	7.799398902856493e-08	3.99588415682692e-07	3.550228136778244e-08	1.4306521894218732e-07	2.7355020997209543e-07	0.999998626067919	7.977333595985484e-08	3.546686571886005e-08
AF022434	0.0	0.0	0.0	0.0	0.0	0.0	0.0	1.0	0.0	0.0
DQ181798_EU687246	1.6196046219345346e-08	5.492911325589067e-08	1.686162241622894e-08	3.590832287669496e-07	7.675284605830631e-09	3.0929456651009206e-08	5.913917738891791e-08	0.999999430272141	1.72463017546828e-08	7.667628050406385e-09
AF100460_FJ687434	1.5152190615594188e-08	5.13888626351709e-08	1.5774869587227185e-08	8.082011788400007e-08	7.1806028336453e-09	2.8936014164560224e-08	5.532758282549174e-08	0.9999997221115637	1.6134755857196674e-08	7.173439752873868e-09
JX966379	0.0	0.0	1.0	0.0	0.0	0.0	0.0	0.0	0.0	0.0
AF100469	0.0	0.0	1.0	0.0	0.0	0.0	0.0	0.0	0.0	0.0
JN851126_JN851127	2.1519707347163016e-07	7.29843831078988e-07	2.2404059292087923e-07	1.1554515247655464e-06	1.0198160482301737e-07	4.262045870910955e-07	7.857830071152462e-07	0.9999960304660744	2.2915183221592525e-07	1.0187987207306987e-07
EU179858_HM488257	1.2403625978182644e-05	4.206706790732014e-05	1.2913352740771325e-05	0.0011082137446306423	5.87806173417264e-06	0.0021086454142309444	4.529131536518779e-05	0.9966455072627403	1.320795665651553e-05	5.872198016048021e-06
AY858035	0.0	0.0	0.0	0.0	0.0	0.0	0.0	1.0	0.0	0.0
JN851130	0.0	0.0	0.0	0.0	0.0	0.0	0.0	1.0	0.0	0.0
EU179859_EU482640	1.373598075712117e-07	4.658576744410933e-07	1.430046061281685e-07	1.1440530214480166e-05	6.509462878981253e-08	2.623149176509291e-07	5.015635245814927e-07	0.9999867729778347	1.462670986657869e-07	6.502969300452954e-08
JX470186	0.0	0.0	0.0	1.0	0.0	0.0	0.0	0.0	0.0	0.0
DQ448231_FJ898454	1.3334559076082752e-07	4.5224340298105197e-07	1.388254251579272e-07	7.210233642910668e-07	6.319229682115208e-08	2.5464898118863146e-07	4.869057817713103e-07	3.122477987318174e-07	0.9999973744380274	6.312933085359649e-08
JQ955624_KF479233	3.1283321396022404e-05	0.00010609781428815902	3.256890886586931e-05	0.003767380297108765	1.4825124099939007e-05	5.974150233420212e-05	0.00011422972423628219	7.325437749293145e-05	0.9957858085924359	1.4810337741973549e-05
KF041233_KJ830750	2.533879216580523e-08	8.593686173731171e-08	2.6380089325305565e-08	1.3515529853590037e-07	1.2008019661505246e-08	4.8389283610780104e-08	9.252352731153475e-08	5.933441091575802e-08	0.9999947040944057	4.8108393111261975e-06
KJ010185_KJ010186	1.4352670450911013e-08	4.8677279012756064e-08	1.4942493157296633e-08	7.655526666027768e-08	6.801711298703013e-09	2.7409177062450764e-08	5.2408168778084395e-08	3.360883347157316e-08	0.9999997136113107	1.163308944762323e-08
AF100466_GQ868595	3.2119027114602244e-08	3.893197934181784e-05	3.343895789431346e-08	1.7131858972074914e-07	1.522116392039586e-08	6.133744269185838e-08	0.9999606299663628	7.521130291462577e-08	3.420183087794572e-08	1.520597989906465e-08
EU687220_GQ868552	1.221989559294266e-07	2.3582674935633948e-05	1.2722071959008512e-07	6.517928678374936e-07	5.790992150747362e-08	2.33362344057982e-07	0.9999747507186252	2.8614635729664356e-07	1.3012312014452652e-07	5.7852152897395114e-08
AF489932_JX669483	1.7549924392288107e-08	1.7421520001719446e-07	1.8271138185729963e-08	9.360894668025558e-08	8.316885658224865e-09	3.3514946695534e-08	0.9999995864307336	4.1095661493095976e-08	1.868797407355778e-08	8.30858906737911e-09
EU569708	0.0	1.0	0.0	0.0	0.0	0.0	0.0	0.0	0.0	0.0
EU482551_GQ398282	2.3012049750990333e-08	0.9999989513190914	2.3957729477309744e-08	1.2274319193730573e-07	1.090537954821419e-08	4.3945922703168627e-08	7.34831614510999e-07	5.388622127908978e-08	2.450429868317994e-08	1.0894500779905079e-08
FJ898450	0.0	1.0	0.0	0.0	0.0	0.0	0.0	0.0	0.0	0.0
EU482561_EU482575	1.1261573666095e-09	0.9999999805287599	1.1724367811660513e-09	6.006772595040526e-09	5.33684467345884e-10	2.1506134880796253e-09	4.112178850180656e-09	2.6370596767370196e-09	1.1991846346305868e-09	5.33152085172044e-10
EU482576	0.0	1.0	0.0	0.0	0.0	0.0	0.0	0.0	0.0	0.0
EU482444_GQ868553	2.501593784350264e-07	0.0004416860494229071	0.00011051770746473476	1.334316626901287e-06	1.185501943068749e-07	4.77727313590154e-07	0.9994446448923336	5.857840147806125e-07	2.663813173181458e-07	1.1843193339801216e-07
EU920828	0.0	0.0	0.0	0.0	0.0	0.0	1.0	0.0	0.0	0.0
EU677145_FJ898460	2.174854544336733e-07	0.9999960970835843	2.2642302229147787e-07	1.1600382914902449e-06	1.0306606549523196e-07	4.1533018886403453e-07	9.367481956754972e-07	5.09273340148853e-07	2.315886064796039e-07	1.029632509309064e-07
EU920833	0.0	0.0	0.0	0.0	0.0	0.0	1.0	0.0	0.0	0.0
AF208496_AY702039	1.374654862412956e-07	0.999997497490363	1.431146342198056e-07	7.332224962514015e-07	6.514470977000496e-08	2.6251671180288303e-07	6.276911205227742e-07	3.218951240474641e-07	1.4637963021739325e-07	6.507972402594911e-08
EU482726_EU920849	4.769879579266395e-08	0.9999991341864696	4.9658978946403565e-08	2.5441898963564366e-07	2.260439542502679e-08	9.108999917599472e-08	2.1527507161395406e-07	1.1169356184164832e-07	5.079189170210505e-08	2.258184618870638e-08
EU482546	0.0	1.0	0.0	0.0	0.0	0.0	0.0	0.0	0.0	0.0
EU677142	0.0	1.0	0.0	0.0	0.0	0.0	0.0	0.0	0.0	0.0
EU920840_JN819419	2.830095014992466e-09	9.121212343489548e-07	2.9463983845125493e-09	1.5095347845196638e-08	1.3411782361836016e-09	5.404609242217191e-09	0.9999990492806073	6.627072837491367e-09	3.013616530971033e-09	1.3398403306821781e-09
EU920834_EU920835	3.321059051140797e-07	7.073034905554381e-05	3.457538424382849e-07	1.7714084271316326e-06	1.573845435179658e-07	6.342199235947598e-07	0.9999247402354334	7.776735437986349e-07	3.5364178247828434e-07	1.5722754302322855e-07
FJ639697	0.0	0.0	0.0	0.0	0.0	0.0	0.0	1.0	0.0	0.0
FJ639702	0.0	0.0	0.0	0.0	0.0	0.0	0.0	1.0	0.0	0.0
EU482664_FM210220	2.532189743192768e-09	8.587956301667811e-09	2.6362500302675725e-09	1.3506361021894221e-08	1.2000013269754208e-09	4.835701987605331e-09	9.246183690572882e-09	0.9999999535601584	2.6963931702722523e-09	1.1988042538841934e-09
FM210218	0.0	0.0	0.0	0.0	0.0	0.0	0.0	1.0	0.0	0.0
FM210221_FM210241	1.5478511235536558e-08	5.249558350263297e-08	1.6114600346548288e-08	8.256030634767053e-08	7.335245738270817e-09	2.9559185976525167e-08	5.6519128760040995e-08	0.9999997161272726	1.6482237199534064e-08	7.327928391953411e-09
EU482449	0.0	0.0	0.0	0.0	0.0	0.0	0.0	1.0	0.0	0.0
FM210208_FM210235	1.3429075221798734e-08	4.5544893106244267e-08	1.398094280063488e-08	7.162888906441723e-08	6.3640207569486405e-09	2.5645394827282563e-08	4.903569988349776e-08	0.9999997537135094	1.4299902607419575e-08	6.357672265635419e-09
FM210237	0.0	0.0	0.0	0.0	0.0	0.0	0.0	1.0	0.0	0.0
FM210222	0.0	0.0	0.0	0.0	0.0	0.0	0.0	1.0	0.0	0.0
FM210217	0.0	0.0	0.0	0.0	0.0	0.0	0.0	1.0	0.0	0.0
FM210234	0.0	0.0	0.0	0.0	0.0	0.0	0.0	1.0	0.0	0.0
AF169680	0.0	0.0	0.0	0.0	0.0	0.0	0.0	1.0	0.0	0.0
AF169679	0.0	0.0	0.0	0.0	0.0	0.0	0.0	1.0	0.0	0.0
EU482451_FJ906957	8.895663356732544e-08	3.016976448391423e-07	9.26123046524442e-08	4.744827716817948e-07	4.2156429474144035e-08	1.698797536434491e-07	3.2482138302218756e-07	0.9999983685535508	9.472515234924118e-08	4.2114375914525955e-08
AF100461	0.0	0.0	0.0	0.0	0.0	0.0	0.0	1.0	0.0	0.0
DQ181798_FJ639831	3.477303908927761e-07	1.179332397869416e-06	3.6202036438240563e-07	4.744734213699684e-05	1.6478896639668098e-07	6.640578759592683e-07	1.2697228071603314e-06	0.9999480301010206	3.7027946014672633e-07	1.6462457954729148e-07
EU687246	0.0	0.0	0.0	0.0	0.0	0.0	0.0	1.0	0.0	0.0
AF100460_GQ868544	8.743250613905802e-08	2.9652854572755094e-07	9.102554323786101e-08	4.663532925628867e-07	4.1434147527730944e-08	1.66969139992143e-07	3.1925609621558665e-07	0.9999983965057234	9.310219072116856e-08	4.139281448755139e-08
FJ639828_FJ687434	1.9789738779956307e-07	6.71171709457279e-07	2.0602997701059548e-07	1.0555581677034442e-06	9.378330695906573e-08	3.7792301864287665e-07	7.226139369683089e-07	0.999996370602419	2.1073032394647622e-07	9.368975250154688e-08
JN851126	0.0	0.0	0.0	0.0	0.0	0.0	0.0	1.0	0.0	0.0
JN851127	0.0	0.0	0.0	0.0	0.0	0.0	0.0	1.0	0.0	0.0
EU179858_KC131142	3.081060417720526e-05	0.00010449458734630174	3.2076765342357695e-05	0.0041835569721201124	1.4601104043231275e-05	0.001401597087068704	0.00011250361731612322	0.9940729641626137	3.280856140367935e-05	1.4586538568710991e-05
HM488257	0.0	0.0	0.0	0.0	0.0	1.0	0.0	0.0	0.0	0.0
EU482640	0.0	0.0	0.0	0.0	0.0	0.0	0.0	1.0	0.0	0.0
EU179859	0.0	0.0	0.0	0.0	0.0	0.0	0.0	1.0	0.0	0.0
FJ898454	0.0	0.0	0.0	0.0	0.0	0.0	0.0	0.0	1.0	0.0
DQ448231	0.0	0.0	0.0	0.0	0.0	0.0	0.0	0.0	1.0	0.0
JQ955624	0.0	0.0	0.0	0.0	0.0	0.0	0.0	0.0	1.0	0.0
KF479233	0.0	0.0	0.0	1.0	0.0	0.0	0.0	0.0	0.0	0.0
KF041233_KF360005	5.4689176479307716e-09	1.8547909335521218e-08	5.6936627097738e-09	2.9170609225029365e-08	2.5917127467554965e-09	1.0443947184935311e-08	1.9969521358863758e-08	1.2806253939140743e-08	0.9999994817445734	4.1356289249652183e-07
KJ830750	0.0	0.0	0.0	0.0	0.0	0.0	0.0	0.0	0.0	1.0
KJ010186	0.0	0.0	0.0	0.0	0.0	0.0	0.0	0.0	1.0	0.0
KJ010185	0.0	0.0	0.0	0.0	0.0	0.0	0.0	0.0	1.0	0.0
AF100466	0.0	0.0	0.0	0.0	0.0	0.0	1.0	0.0	0.0	0.0
GQ868595	0.0	0.0	0.0	0.0	0.0	0.0	1.0	0.0	0.0	0.0
EU687220_FJ898465	3.6224967560477675e-07	1.3240949015607703e-06	3.771363188105337e-07	1.932191262517819e-06	1.7166963597050457e-07	6.917852349098179e-07	0.9999937353748194	8.482594973666665e-07	3.857402684214162e-07	1.714983852417082e-07
GQ868552	0.0	0.0	0.0	0.0	0.0	0.0	1.0	0.0	0.0	0.0
FJ850072_JX669483	4.789536906125589e-10	1.647638204983744e-09	4.986362829912162e-10	2.55467485128107e-09	2.2697551233667259e-10	9.146539353504508e-10	0.9999999918201677	1.1215386630281397e-09	5.100121204246017e-10	2.2674909068856435e-10
AF489932_JX669488	4.051637786588674e-07	1.388179540350261e-06	4.218139760751141e-07	2.1610893417817163e-06	1.9200657191667805e-07	7.737379455993586e-07	0.9999930860075988	9.48749015887686e-07	4.3143719721372717e-07	1.9181503387799967e-07
EU482551_GQ398270	3.570141945918411e-08	0.9999993819534799	3.716856858096222e-08	1.9042659078535871e-07	1.691885485323429e-08	6.817870797524794e-08	1.3113388548189342e-07	8.359998712410248e-08	3.801652852337537e-08	1.690197728366506e-08
GQ398269_GQ398282	2.6646597188229485e-07	0.9999953198398472	2.774163856908523e-07	1.4212938128095738e-06	1.2627786709592035e-07	5.08867881375975e-07	1.0459727411841068e-06	6.239682604729615e-07	2.8374533489246864e-07	1.261518973712875e-07
EU482561_EU482744	4.824775667290552e-10	0.9999999916579985	5.023049727265528e-10	2.5734707346207764e-09	2.2864547250741433e-10	9.213834526730117e-10	1.7617471279670687e-09	1.1297903339630266e-09	5.137645072744787e-10	2.2841738497416173e-10
EU482575	0.0	1.0	0.0	0.0	0.0	0.0	0.0	0.0	0.0	0.0
EU482444_FJ898461	2.6691499666862683e-11	9.571070202760376e-11	0.9999999877129001	1.4236888508929078e-10	1.2649065934061356e-11	5.0972538032805444e-11	1.1855146405986292e-08	6.250196926617591e-11	2.8422347732614447e-11	1.2636447734299027e-11
EU482607_GQ868553	2.0264260095609045e-08	7.92129660432822e-06	1.985092067100657e-06	1.0808684985778378e-07	9.603205711687754e-09	3.8698491329524915e-08	0.9999898383349035	4.745166732649873e-08	2.1578324716486582e-08	9.593625939658703e-09
EU482605_GU131947	1.1794218481621771e-07	1.5085613421037355e-06	4.000490693496257e-07	6.290878207239246e-07	5.589264337963449e-08	2.2523322317031347e-07	0.999996605627999	2.761785176068877e-07	1.255903126849238e-07	5.5836887125134354e-08
EU677145	0.0	1.0	0.0	0.0	0.0	0.0	0.0	0.0	0.0	0.0
FJ898460	0.0	1.0	0.0	0.0	0.0	0.0	0.0	0.0	0.0	0.0
AF208496	0.0	1.0	0.0	0.0	0.0	0.0	0.0	0.0	0.0	0.0
AY702039	0.0	1.0	0.0	0.0	0.0	0.0	0.0	0.0	0.0	0.0
EU687216_EU920849	4.209925226379642e-09	0.999999913593739	4.382932031413701e-09	2.2455177426132193e-08	1.9950779248292222e-09	8.039659681741906e-09	2.8989334254959703e-08	9.858142869311077e-09	4.4829237849464064e-09	1.993087715281092e-09
EU482726	0.0	1.0	0.0	0.0	0.0	0.0	0.0	0.0	0.0	0.0
JN819419	0.0	0.0	0.0	0.0	0.0	0.0	1.0	0.0	0.0	0.0
EU920840_FJ850088	1.5756182078063298e-07	5.539905355711869e-07	1.640368206827862e-07	8.40413653678157e-07	7.466833578554204e-08	3.0089451707465247e-07	0.9999972971077572	3.689535695962942e-07	1.6777914000728783e-07	7.45938496549634e-08
FJ850085	0.0	0.0	0.0	0.0	0.0	0.0	1.0	0.0	0.0	0.0
EU920835	0.0	0.0	0.0	0.0	0.0	0.0	1.0	0.0	0.0	0.0
EU920834	0.0	0.0	0.0	0.0	0.0	0.0	1.0	0.0	0.0	0.0
EU482664_FM210202	5.836218154183347e-09	1.9793614048493448e-08	6.076057423017032e-09	3.1129606133908353e-08	2.7657759646034972e-09	1.1145377949714435e-08	2.1310703614096203e-08	0.9999998929649538	6.214675978942312e-09	2.763016937668139e-09
FM210220	0.0	0.0	0.0	0.0	0.0	0.0	0.0	1.0	0.0	0.0
FM210241	0.0	0.0	0.0	0.0	0.0	0.0	0.0	1.0	0.0	0.0
FM210221	0.0	0.0	0.0	0.0	0.0	0.0	0.0	1.0	0.0	0.0
FM210208_FM210236	1.817382525245824e-08	6.163677801766089e-08	1.8920678239325498e-08	9.693675032598073e-08	8.61255144003207e-09	3.470640505196398e-08	6.636095383307489e-08	0.9999996666957653	1.9352332667858225e-08	8.603959904886302e-09
FM210235	0.0	0.0	0.0	0.0	0.0	0.0	0.0	1.0	0.0	0.0
EU482451_GQ868620	1.3771234698536817e-09	4.6705331670753655e-09	1.4337163314256337e-09	7.34539218404318e-09	6.526169674590656e-10	2.629881397414812e-09	5.028508073337107e-09	0.9999999747438374	1.4664249899573587e-09	6.51965943003457e-10
FJ906957	0.0	0.0	0.0	0.0	0.0	0.0	0.0	1.0	0.0	0.0
FJ196851_FJ639831	7.854550272228264e-06	2.6638815154897255e-05	8.177332859263383e-06	0.0012015798169274414	3.722260851426069e-06	1.4999770244411929e-05	2.868055793176518e-05	0.9986962644583858	8.363889699226235e-06	3.7185476736123384e-06
DQ181798	0.0	0.0	0.0	0.0	0.0	0.0	0.0	1.0	0.0	0.0
AF100464_GQ868544	1.9372573408596276e-07	6.570234885769875e-07	2.0168688927070198e-07	1.0333071248527855e-06	9.180636585287106e-08	3.699564457552477e-07	7.07381319968299e-07	0.9999964471096947	2.0628815344471154e-07	9.171478351233909e-08
AF100460	0.0	0.0	0.0	0.0	0.0	0.0	0.0	1.0	0.0	0.0
FJ687434	0.0	0.0	0.0	0.0	0.0	0.0	0.0	1.0	0.0	0.0
FJ639828	0.0	0.0	0.0	0.0	0.0	0.0	0.0	1.0	0.0	0.0
KC131142	0.0	0.0	0.0	1.0	0.0	0.0	0.0	0.0	0.0	0.0
EU179858	0.0	0.0	0.0	0.0	0.0	0.0	0.0	1.0	0.0	0.0
KF041233	0.0	0.0	0.0	0.0	0.0	0.0	0.0	0.0	1.0	0.0
KF360005	0.0	0.0	0.0	0.0	0.0	0.0	0.0	0.0	1.0	0.0
EU687220	0.0	0.0	0.0	0.0	0.0	0.0	1.0	0.0	0.0	0.0
FJ898465	0.0	0.0	0.0	0.0	0.0	0.0	1.0	0.0	0.0	0.0
JX669483	0.0	0.0	0.0	0.0	0.0	0.0	1.0	0.0	0.0	0.0
JX669484_KC294201	4.3071621421298057e-07	1.4607825328389546e-06	4.4841648845951586e-07	2.2973826114203434e-06	2.041158368936887e-07	8.225352222368288e-07	0.9999926649085549	1.0085837033950962e-06	4.586466166093661e-07	2.0391221913898607e-07
FJ850072_JX669486	5.4612563371066894e-08	1.852193297891715e-07	5.6856865575339576e-08	2.9129610010859784e-07	2.5880820618196684e-08	1.0429316442480382e-07	0.999999069949022	1.278831388257267e-07	5.815399232246864e-08	2.585500295179541e-08
JX669488	0.0	0.0	0.0	0.0	0.0	0.0	1.0	0.0	0.0	0.0
AF489932	0.0	0.0	0.0	0.0	0.0	0.0	1.0	0.0	0.0	0.0
EU482551_EU569714	3.8629088477244306e-09	0.9999999332032221	4.021655009902296e-09	2.06042385297239e-08	1.8306273278753754e-09	7.376965349097546e-09	1.4112622522012246e-08	9.04555432087515e-09	4.113404638171188e-09	1.8288011676328798e-09
GQ398270	0.0	1.0	0.0	0.0	0.0	0.0	0.0	0.0	0.0	0.0
GQ398282	0.0	1.0	0.0	0.0	0.0	0.0	0.0	0.0	0.0	0.0
GQ398269	0.0	1.0	0.0	0.0	0.0	0.0	0.0	0.0	0.0	0.0
EU482561_EU482740	2.1256640098907027e-09	0.9999999632474292	2.213018130050319e-09	1.1338007191041494e-08	1.007349326577915e-09	4.059363128390873e-09	7.761772180238252e-09	4.977546719935574e-09	2.263505700536703e-09	1.0063444353788763e-09
EU482590_EU482744	5.903564558471406e-08	0.9999989792781291	6.146171426448287e-08	3.148882283619608e-07	2.7976913353729858e-08	1.1273988825715774e-07	2.155661616208969e-07	1.382404193097704e-07	6.286389556115012e-08	2.7949004709465465e-08
FJ898438_FJ898461	1.202569148627702e-10	4.0837652127674784e-10	0.9999999964506417	6.414342808375722e-10	5.698959084769847e-11	2.2965364415850002e-10	1.626060680795147e-09	2.815987895249923e-10	1.2805514467680777e-10	5.693274032249462e-11
EU482444_GU369819	9.479218871459115e-11	3.2149064251158793e-10	0.9999999981345469	5.056088414254414e-10	4.492189124065747e-11	1.8102386545428973e-10	3.4983015077044297e-10	2.2196948615315883e-10	1.00939122327644e-10	4.487707896753543e-11
EU482603_GQ868604	3.613973955113908e-11	1.225685298170182e-10	0.9999999992899613	1.9276453146245344e-10	1.7126574157603142e-11	6.90157642604517e-11	1.3220449318828316e-10	8.462637614612369e-11	3.84832721019354e-11	1.710948937560489e-11
EU482607_KJ189305	6.122277127500464e-07	2.423023340405535e-06	7.240859928353141e-07	3.265540639262094e-06	2.90133892883103e-07	1.1691662425259783e-06	0.9999891404303536	1.4336188735673832e-06	6.519284851172368e-07	2.8984446697313435e-07
FJ898466_GQ868553	1.3472988550354147e-07	7.257159921455045e-07	2.0749022134265905e-07	7.18631168227708e-07	6.384831224521252e-08	2.572925575070172e-07	0.9999973695512844	3.1548932312189535e-07	1.434666355787827e-07	6.378461973522028e-08
EU482605_JN819407	5.791785944339841e-12	2.058615930903993e-11	6.265711104029932e-12	3.08926106761692e-11	2.7447195998835964e-12	1.1060526122938187e-11	0.9999999999001867	1.3562296296854195e-11	6.1673624995775594e-12	2.7419815779313485e-12
GQ868555_GU131947	7.505959077066151e-08	2.6152867596383524e-07	7.98856797837754e-08	4.003578062923264e-07	3.5570639510393515e-08	1.433406849759845e-07	0.999998713032049	1.7576278193551725e-07	7.992693614739243e-08	3.553515567013563e-08
EU687216_FJ898451	6.815362433492799e-09	0.9999996094451432	7.095439617904057e-09	3.6352230606975645e-08	3.2297911268283634e-09	1.3015241750535869e-08	2.9760376054456495e-07	1.595914724434578e-08	7.257314254583371e-09	3.226569217017683e-09
EU920849	0.0	1.0	0.0	0.0	0.0	0.0	0.0	0.0	0.0	0.0
FJ850088	0.0	0.0	0.0	0.0	0.0	0.0	1.0	0.0	0.0	0.0
EU920840	0.0	0.0	0.0	0.0	0.0	0.0	1.0	0.0	0.0	0.0
EU482664	0.0	0.0	0.0	0.0	0.0	0.0	0.0	1.0	0.0	0.0
FM210202	0.0	0.0	0.0	0.0	0.0	0.0	0.0	1.0	0.0	0.0
FM210208	0.0	0.0	0.0	0.0	0.0	0.0	0.0	1.0	0.0	0.0
FM210236	0.0	0.0	0.0	0.0	0.0	0.0	0.0	1.0	0.0	0.0
EU482451_GU131927	2.799571278810315e-11	9.494784452888915e-11	2.914619604767143e-11	1.4932538323691458e-10	1.3267130784989151e-11	5.3463183135367737e-11	1.0222516052882391e-10	0.9999999994865643	2.981113439923087e-11	1.3253896028573894e-11
FJ639706_GQ868620	1.3716351909228444e-08	4.6519195936828796e-08	1.4280025117814179e-08	7.31611843913583e-08	6.500160794262786e-09	2.6194004761466805e-08	5.008467855073037e-08	0.9999997484449139	1.4605808158130523e-08	6.493676495120321e-09
FJ196851	0.0	0.0	0.0	1.0	0.0	0.0	0.0	0.0	0.0	0.0
FJ639831	0.0	0.0	0.0	0.0	0.0	0.0	0.0	1.0	0.0	0.0
AF100464	0.0	0.0	0.0	0.0	0.0	0.0	0.0	1.0	0.0	0.0
GQ868544	0.0	0.0	0.0	0.0	0.0	0.0	0.0	1.0	0.0	0.0
JX669484	0.0	0.0	0.0	0.0	0.0	0.0	1.0	0.0	0.0	0.0
KC294201	0.0	0.0	0.0	0.0	0.0	0.0	1.0	0.0	0.0	0.0
FJ850072_KC294222	8.320803644195397e-08	2.8220120411640805e-07	8.662746904267333e-08	4.4382052438279034e-07	3.9432176997710356e-08	1.5890170485392913e-07	0.9999985829687292	1.9484353450729902e-07	8.86037793087124e-08	3.939284104286482e-08
JX669486	0.0	0.0	0.0	0.0	0.0	0.0	1.0	0.0	0.0	0.0
EU482554_EU569714	3.708419092036187e-08	0.9999993588170407	3.8608165007802894e-08	1.9780210859882684e-07	1.7574148396215338e-08	7.081937529537651e-08	1.354114418348397e-07	8.683794429291415e-08	3.948896775664306e-08	1.7556617132146348e-08
EU482551_EU482729	4.0685500980893217e-10	0.9999999929655067	4.235747083356144e-10	2.170110142271316e-09	1.928080440929854e-10	7.769676758578635e-10	1.4856147841196184e-09	9.527092758462135e-10	4.3323809864089765e-10	1.9261570653787814e-10
EU482561_GQ398314	9.291547719130188e-13	0.9999999999839351	9.67338368763183e-13	4.955987134618703e-12	4.403252016396335e-13	1.7743992484805144e-12	3.392769329856007e-12	2.175748973359677e-12	9.894071278998312e-13	4.398859509168024e-13
EU482587_EU482740	4.4898438687636346e-15	0.9999999999999223	4.674353913147393e-15	2.394822598201355e-14	2.1277309944536257e-15	8.574218017657486e-15	1.639447488655121e-14	1.0513612460813078e-14	4.7809941477951634e-15	2.125608455535064e-15
EU482744	0.0	1.0	0.0	0.0	0.0	0.0	0.0	0.0	0.0	0.0
EU482590	0.0	1.0	0.0	0.0	0.0	0.0	0.0	0.0	0.0	0.0
FJ898438_GQ868515	4.999760038048173e-11	1.6956759537285143e-10	0.9999999990179238	2.6668050548490406e-10	2.3693795839531402e-11	9.548000744623075e-11	1.8267024754393256e-10	1.1707654202142323e-10	5.323976552634741e-11	2.3670159861144583e-11
FJ898461	0.0	0.0	1.0	0.0	0.0	0.0	0.0	0.0	0.0	0.0
FJ850061_GU369819	4.3232928681656815e-14	1.466250732459187e-13	0.9999999999991507	2.30598652468888e-13	2.0488026983952794e-14	8.256156937600578e-14	1.5786702646605501e-13	1.0123609439230491e-13	4.6036429118851473e-14	2.0467588951724406e-14
EU482444_FJ744704	5.06867027342542e-15	1.7190464878295633e-14	0.9999999999999005	2.703560851654565e-14	2.4020360521807628e-15	9.679598056031437e-15	1.8508062326929768e-14	1.1869017387704324e-14	5.397355369736576e-15	2.399639877561963e-15
EU482687_GQ868604	1.7608489675276251e-09	5.971943464166329e-09	0.9999999654163214	9.392132605751145e-09	8.344639667374216e-10	3.362678833619763e-09	6.429665645354309e-09	4.123280048868245e-09	1.8750337105194166e-09	8.336315390244472e-10
EU482603_EU482693	2.4285981806835253e-11	8.236624094164432e-11	0.9999999995230151	1.2953817493553889e-10	1.1509094242818222e-11	4.63787403017223e-11	8.867923574162987e-11	5.6869104675060643e-11	2.5860840663021226e-11	1.1497613232995336e-11
KJ189370	0.0	0.0	1.0	0.0	0.0	0.0	0.0	0.0	0.0	0.0
EU482607	0.0	0.0	0.0	0.0	0.0	0.0	1.0	0.0	0.0	0.0
KJ189305	0.0	0.0	0.0	0.0	0.0	0.0	1.0	0.0	0.0	0.0
FJ898466_JN819408	2.2826976702750326e-07	7.777822725448739e-07	2.385514550578326e-07	1.2175603707889255e-06	1.0817673678592148e-07	4.359249021887832e-07	0.999996108067076	5.345263526297116e-07	2.430722430839415e-07	1.0806882402133341e-07
GQ868553	0.0	0.0	0.0	0.0	0.0	0.0	1.0	0.0	0.0	0.0
EU482605_FJ639733	4.496439621352818e-09	1.5249744802838006e-08	4.681222732547589e-09	2.3983406843117902e-08	2.1308567127694427e-09	8.586813872289232e-09	0.9999999234257093	1.0529057360153118e-08	4.7880176112943235e-09	2.1287310557599228e-09
FJ850108_JN819407	1.48005265836239e-08	5.019619230493926e-08	1.5408754695546548e-08	7.894402692782897e-08	7.013949720011804e-09	2.826444424649266e-08	0.9999997479473122	3.465755274893734e-08	1.5760287673450455e-08	7.006952885688118e-09
FJ024473_FJ639732	1.7359775245177848e-08	5.887604109137289e-08	1.8073206090995775e-08	9.259471659155148e-08	8.226774232148299e-09	3.315182042859679e-08	0.9999997043632043	4.065040002935726e-08	1.8485494435932245e-08	8.218567532839284e-09
GQ868558_GU131947	5.240126802534053e-08	1.7778110981062185e-07	5.4570076119240967e-08	2.7950134683870025e-07	2.4832890716284825e-08	1.0007027183657892e-07	0.9999991075305416	1.2270507406870765e-07	5.5799302400951244e-08	2.480811842263346e-08
GQ868555	0.0	0.0	0.0	0.0	0.0	0.0	1.0	0.0	0.0	0.0
EU687216_FJ898453	1.1218247105507126e-07	0.999858122131827	1.1679260746929864e-07	5.98366278778273e-07	5.316312274439978e-08	2.1423394503261487e-07	0.00014034787123334637	2.626913229154378e-07	1.194571021346425e-07	5.311008934997566e-08
FJ898451	0.0	1.0	0.0	0.0	0.0	0.0	0.0	0.0	0.0	0.0
FJ639704_GU131927	3.938062915354891e-09	1.3355994478947304e-08	4.0998975324455415e-09	2.1005100262935425e-08	1.8662427398430596e-09	7.520486455757926e-09	1.4379670085265153e-08	0.9999999277767323	4.19343217766401e-09	1.8643810510971013e-09
EU482451_GU131924	8.276421896903115e-10	2.8069598565698625e-09	8.616541289953818e-10	4.4145326141174e-09	3.9221852491865574e-10	1.5805415026536972e-09	3.022100431658697e-09	0.9999999848212117	8.813118186373321e-10	3.918272634829334e-10
FJ810411	0.0	0.0	0.0	0.0	0.0	0.0	0.0	1.0	0.0	0.0
FJ639706_FJ687442	3.069413400777459e-08	1.0409957716659846e-07	3.195550883363352e-08	1.637184006896901e-07	1.4545908985970854e-08	5.861633601043805e-08	1.1207833142120854e-07	0.9999994370758657	3.2684538561297635e-08	1.4531398571821192e-08
GQ868620	0.0	0.0	0.0	0.0	0.0	0.0	0.0	1.0	0.0	0.0
KC294222	0.0	0.0	0.0	0.0	0.0	0.0	1.0	0.0	0.0	0.0
FJ850072	0.0	0.0	0.0	0.0	0.0	0.0	1.0	0.0	0.0	0.0
EU482554_EU677144	5.1664902683491196e-08	0.9999991067177184	5.378807083050263e-08	2.7557367270851125e-07	2.448392816727625e-08	9.866404098174036e-08	1.88652206670227e-07	1.2098076915743036e-07	5.5015186406514616e-08	2.4459503984637667e-08
EU569714	0.0	1.0	0.0	0.0	0.0	0.0	0.0	0.0	0.0	0.0
EU482728_EU482729	1.8600055910566005e-09	0.9999999678406433	1.936442483784097e-09	9.921020758055483e-09	8.814541577896704e-10	3.552037424448967e-09	6.791731712712343e-09	4.355469484220119e-09	1.980620285612885e-09	8.805748545508146e-10
EU482551_EU482565	7.679780451527716e-10	0.9999999867217174	7.995380876261218e-10	4.09629205650042e-09	3.639437667531692e-10	1.4666013751002722e-09	2.8042393426773493e-09	1.7983305836805604e-09	8.177786682194019e-10	3.63580711079724e-10
GQ398308_GQ398314	2.25492890722944e-09	0.9999999610124488	2.347595165771231e-09	1.2027488844189116e-08	1.0686077882531614e-09	4.306219242814659e-09	8.233777481121002e-09	5.280238990542248e-09	2.4011529630598934e-09	1.0675417880749629e-09
EU482561_GQ398297	9.303906391704517e-10	0.9999999839136158	9.686250239609514e-10	4.962579085080651e-09	4.4091087747726444e-10	1.7767593740474269e-09	3.3972820468472403e-09	2.1786429335456976e-09	9.90723136718388e-10	4.404710425077582e-10
GQ398296	0.0	1.0	0.0	0.0	0.0	0.0	0.0	0.0	0.0	0.0
EU482587	0.0	1.0	0.0	0.0	0.0	0.0	0.0	0.0	0.0	0.0
EU482740	0.0	1.0	0.0	0.0	0.0	0.0	0.0	0.0	0.0	0.0
EU482588	0.0	1.0	0.0	0.0	0.0	0.0	0.0	0.0	0.0	0.0
GQ398286_GQ398291	5.7885767092318e-08	0.9999989991594418	6.026458153833852e-08	3.087549304583656e-07	2.7431987476652438e-08	1.1054397472969379e-07	2.11367428939367e-07	1.3554781413213074e-07	6.163945157077702e-08	2.7404622428540396e-08
GQ398285	0.0	1.0	0.0	0.0	0.0	0.0	0.0	0.0	0.0	0.0
FJ898438	0.0	0.0	1.0	0.0	0.0	0.0	0.0	0.0	0.0	0.0
GQ868497_GQ868515	4.317213156449763e-09	1.464188773045262e-08	0.9999999152084504	2.3027436878701813e-08	2.045921531157973e-09	8.244546561992763e-09	1.5764121205430957e-08	1.0109372923502332e-08	4.597168952659902e-09	2.0438806020717644e-09
FJ898439	0.0	0.0	1.0	0.0	0.0	0.0	0.0	0.0	0.0	0.0
FJ850061_FJ873808	1.0884996053793915e-09	3.6916613655659163e-09	0.9999999786214937	5.805911139207713e-09	5.158385047482814e-10	2.0786987702597045e-09	3.974610246169388e-09	2.5488777225247117e-09	1.1590849025735204e-09	5.153239249894324e-10
GQ199894_GU369819	2.1196750547609103e-09	7.188907068539759e-09	0.9999999583688535	1.1306062906332121e-08	1.0045111687651888e-09	4.0479260698913426e-09	7.739903762489675e-09	4.963522723729711e-09	2.257128383136837e-09	1.0035091087983075e-09
FJ850065_GQ199898	5.526642413142755e-09	1.8743683669766548e-08	0.9999998914548446	2.9478370584892837e-08	2.61906843565675e-09	1.055418369569441e-08	2.0180300896293322e-08	1.2941424744301965e-08	5.885025360908173e-09	2.6164557582555423e-09
FJ744704	0.0	0.0	1.0	0.0	0.0	0.0	0.0	0.0	0.0	0.0
FJ744744_FJ850120	2.3574457928445364e-09	7.995309793269697e-09	0.9999999536989548	1.2574300184503852e-08	1.117190403006347e-09	4.501994898594229e-09	8.608113550656053e-09	5.520296960830491e-09	2.5103177011894015e-09	1.1160759387643887e-09
EU482444_FJ882594	1.7333716361463418e-09	5.87875371723158e-09	0.9999999659559857	9.245572199524182e-09	8.214424962066594e-10	3.3102055992060647e-09	6.329333176916627e-09	4.058937942094793e-09	1.845774572702868e-09	8.206230581893047e-10
FJ850066	0.0	0.0	1.0	0.0	0.0	0.0	0.0	0.0	0.0	0.0
EU482687_JN819424	2.8120941164281136e-13	9.53725582871091e-13	0.9999999999944769	1.4999333462670235e-12	1.3326476344693965e-13	5.370233073843191e-13	1.026824266717029e-12	6.58492112590906e-13	2.9944483386666747e-13	1.331318238753366e-13
GQ868604	0.0	0.0	1.0	0.0	0.0	0.0	0.0	0.0	0.0	0.0
EU482603	0.0	0.0	1.0	0.0	0.0	0.0	0.0	0.0	0.0	0.0
EU482634	0.0	0.0	1.0	0.0	0.0	0.0	0.0	0.0	0.0	0.0
EU482693	0.0	0.0	1.0	0.0	0.0	0.0	0.0	0.0	0.0	0.0
FJ898466	0.0	0.0	0.0	0.0	0.0	0.0	1.0	0.0	0.0	0.0
JN819408	0.0	0.0	0.0	0.0	0.0	0.0	1.0	0.0	0.0	0.0
EU482605_HQ332189	8.958866566700165e-09	3.038411919633242e-08	9.327031049264412e-09	4.7785394626900824e-08	4.24559486394599e-09	1.71086740161284e-08	0.9999998474306739	2.097846916809349e-08	9.539816946477905e-09	4.2413596291561316e-09
FJ639733	0.0	0.0	0.0	0.0	0.0	0.0	1.0	0.0	0.0	0.0
FJ850108_HQ332188	1.5955426876610809e-09	5.4113049521722665e-09	1.6611114844496351e-09	8.510411044332998e-09	7.561255421661623e-10	3.046994786536417e-09	0.9999999728279385	3.736191719150007e-09	1.699007911017981e-09	7.553712617168244e-10
JN819407	0.0	0.0	0.0	0.0	0.0	0.0	1.0	0.0	0.0	0.0
FJ024473	0.0	0.0	0.0	0.0	0.0	0.0	1.0	0.0	0.0	0.0
FJ639732	0.0	0.0	0.0	0.0	0.0	0.0	1.0	0.0	0.0	0.0
GQ868558	0.0	0.0	0.0	0.0	0.0	0.0	1.0	0.0	0.0	0.0
GU131947	0.0	0.0	0.0	0.0	0.0	0.0	1.0	0.0	0.0	0.0
EU687216	0.0	1.0	0.0	0.0	0.0	0.0	0.0	0.0	0.0	0.0
EU920842_JX669476	8.705934902642861e-07	0.0014405905077411378	9.06370512411185e-07	4.643629099971412e-06	4.125730887196695e-07	1.662565249141926e-06	0.998547535931594	2.038619345145503e-06	9.270483570753405e-07	4.1216152238922553e-07
FJ898453	0.0	1.0	0.0	0.0	0.0	0.0	0.0	0.0	0.0	0.0
FJ639710_GU131927	6.768909283597018e-09	2.295684882730467e-08	7.047077475821938e-09	3.610445572575537e-08	3.2077770413251027e-09	1.2926530551114354e-08	2.4716385803714873e-08	0.9999998758595894	7.207848784448985e-09	3.204577091881291e-09
FJ639704	0.0	0.0	0.0	0.0	0.0	0.0	0.0	1.0	0.0	0.0
EU482451_FJ744724	2.0657032174588366e-10	7.005860840859011e-10	2.1505932500474215e-10	1.1018184353278904e-09	9.789339873727202e-11	3.944856494786284e-10	7.542827882538268e-10	0.9999999962115428	2.1996566656719662e-10	9.779574421739529e-11
FJ639718_GU131924	1.2838908757878124e-08	4.354333543461818e-08	1.3366523457631023e-08	6.848102011636004e-08	6.084341660330798e-09	2.451835877071885e-08	4.688073201503722e-08	0.9999997645370416	1.3671465964003401e-08	6.078272165643009e-09
FJ639706_JN368476	1.4050771275547796e-09	4.76533838119892e-09	1.4628187441333372e-09	7.49449325107741e-09	6.658641683946632e-10	2.6832642682953945e-09	5.13057967149541e-09	0.999999974231173	1.4961913421479572e-09	6.651999290638562e-10
FJ687442	0.0	0.0	0.0	0.0	0.0	0.0	0.0	1.0	0.0	0.0
EU482554	0.0	1.0	0.0	0.0	0.0	0.0	0.0	0.0	0.0	0.0
EU677144	0.0	1.0	0.0	0.0	0.0	0.0	0.0	0.0	0.0	0.0
EU482728_EU569719	1.3044275210751435e-08	0.999999774465463	1.3580329440795847e-08	6.957641727632607e-08	6.181664547222157e-09	2.4910545401683734e-08	4.763061892779641e-08	3.0545038626428476e-08	1.3890149695117446e-08	6.175497967134178e-09
EU482729	0.0	1.0	0.0	0.0	0.0	0.0	0.0	0.0	0.0	0.0
EU482551_EU677143	6.122206474536613e-09	0.9999998941475106	6.373798427700534e-09	3.265502953917258e-08	2.9013054464861136e-09	1.1691527499874101e-08	2.235497786420983e-08	1.4336023291624403e-08	6.519209616617099e-09	2.8984112207870683e-09
EU482565	0.0	1.0	0.0	0.0	0.0	0.0	0.0	0.0	0.0	0.0
GQ398314	0.0	1.0	0.0	0.0	0.0	0.0	0.0	0.0	0.0	0.0
GQ398308	0.0	1.0	0.0	0.0	0.0	0.0	0.0	0.0	0.0	0.0
EU482561_GQ398302	1.7861388446606567e-08	0.9999996911779376	1.859540184915868e-08	9.527025423929697e-08	8.464488056304261e-09	3.410974704593579e-08	6.522010405814531e-08	4.182499918228974e-08	1.9019635455216262e-08	8.456044223238877e-09
GQ398297	0.0	1.0	0.0	0.0	0.0	0.0	0.0	0.0	0.0	0.0
GQ398291	0.0	1.0	0.0	0.0	0.0	0.0	0.0	0.0	0.0	0.0
GQ398286	0.0	1.0	0.0	0.0	0.0	0.0	0.0	0.0	0.0	0.0
GQ868497_GU131959	1.8004978198381908e-09	6.106413091409175e-09	0.9999999646376044	9.603614274783524e-09	8.532535047306294e-10	3.4383959217407607e-09	6.5744415963514486e-09	4.216123515120905e-09	1.9172536487632398e-09	8.524023333297749e-10
GQ868515	0.0	0.0	1.0	0.0	0.0	0.0	0.0	0.0	0.0	0.0
FJ850061_GQ199897	3.8475637512212707e-10	1.3049065320501126e-09	0.9999999924432527	2.052238983976606e-09	1.8233553072000458e-10	7.347660944141393e-10	1.4049216217156765e-09	9.009621577275019e-10	4.097064467171143e-10	1.821536401233085e-10
FJ873808	0.0	0.0	1.0	0.0	0.0	0.0	0.0	0.0	0.0	0.0
GQ199894_KJ189308	2.104419658511037e-09	7.137168182578075e-09	0.9999999586684749	1.1224692665513984e-08	9.972816569197213e-10	4.018792964773327e-09	7.684199328645864e-09	4.9278000285101425e-09	2.2408837291299657e-09	9.962868088232757e-10
GU369819	0.0	0.0	1.0	0.0	0.0	0.0	0.0	0.0	0.0	0.0
GQ199898	0.0	0.0	1.0	0.0	0.0	0.0	0.0	0.0	0.0	0.0
FJ850065	0.0	0.0	1.0	0.0	0.0	0.0	0.0	0.0	0.0	0.0
FJ744744	0.0	0.0	1.0	0.0	0.0	0.0	0.0	0.0	0.0	0.0
FJ850120	0.0	0.0	1.0	0.0	0.0	0.0	0.0	0.0	0.0	0.0
EU482444_FJ906956	1.3815690121423176e-13	4.685610284820601e-13	0.9999999999972866	7.36910411132901e-13	6.547237039940467e-14	2.638371013068191e-13	5.044740782878499e-13	3.235141712295469e-13	1.4711588097263737e-13	6.540705779427484e-14
FJ882594	0.0	0.0	1.0	0.0	0.0	0.0	0.0	0.0	0.0	0.0
EU482687	0.0	0.0	1.0	0.0	0.0	0.0	0.0	0.0	0.0	0.0
FJ205885_JN819424	5.3651688057448923e-11	1.8196043711935332e-10	0.9999999989462623	2.861709198520741e-10	2.5425463094338444e-11	1.0245818871795054e-10	1.9590686852044785e-10	1.2563311166090183e-10	5.7130807689450796e-11	2.5400099674300442e-11
EU596500	0.0	0.0	1.0	0.0	0.0	0.0	0.0	0.0	0.0	0.0
EU482605_FJ850106	3.221330290503993e-10	1.0925185935501339e-09	3.353710794719164e-10	1.7182144416290893e-09	1.5265841091184903e-10	6.151748039575143e-10	0.9999999945140806	7.543206238919909e-10	3.430222011540881e-10	1.525061250170386e-10
HQ332189	0.0	0.0	0.0	0.0	0.0	0.0	1.0	0.0	0.0	0.0
HQ332186_HQ332188	5.012286058194689e-09	1.6999237026356137e-08	5.218265854119544e-09	2.6734862662651206e-08	2.375315648119717e-09	9.571921582578487e-09	0.9999999146408646	1.1736985672310584e-08	5.337314840282623e-09	2.372946128702015e-09
FJ850108	0.0	0.0	0.0	0.0	0.0	0.0	1.0	0.0	0.0	0.0
EU920846_JX669476	4.9774128455868e-10	0.00035129474463569836	5.181959527364493e-10	2.6548853616309356e-09	2.3587892793837806e-10	9.505324494435533e-10	0.999648698466936	1.165532505039595e-09	5.300180224855775e-10	2.3564362460072725e-10
EU920842	0.0	0.0	0.0	0.0	0.0	0.0	1.0	0.0	0.0	0.0
GU131927	0.0	0.0	0.0	0.0	0.0	0.0	0.0	1.0	0.0	0.0
FJ639710	0.0	0.0	0.0	0.0	0.0	0.0	0.0	1.0	0.0	0.0
EU482451_FM210214	2.399350160208596e-19	8.137429030871497e-19	2.4979514072658067e-19	1.2797812468806104e-18	1.1370488265617377e-19	4.5820193253167555e-19	8.761125574784898e-19	1.0	2.554939416552034e-19	1.1359145523546249e-19
EU687249_FJ744724	1.1715643252934997e-08	3.9733765043064305e-08	1.2197097379129052e-08	6.248967232421822e-08	5.5520276423544395e-09	2.23732678471566e-08	4.277917555786078e-08	0.9999997851375012	1.247536071791339e-08	5.5464891627352835e-09
FJ639718_GU131932	4.99456330714272e-13	1.6939130072008868e-12	5.199814786796546e-13	2.6640331881710617e-12	2.366916860139002e-13	9.538076590228207e-13	1.823743655710764e-12	0.9999999999908403	5.318442832360079e-13	2.3645557190146105e-13
GU131924	0.0	0.0	0.0	0.0	0.0	0.0	0.0	1.0	0.0	0.0
GQ868638_JN368476	1.693315856819405e-08	5.7429039913537786e-08	1.7629026382375984e-08	9.031920036276175e-08	8.02460116045545e-09	3.233711405898869e-08	6.183071193776703e-08	0.9999996894493383	1.803121319684474e-08	8.016596140876659e-09
FJ639706_GQ868622	1.3567339675039073e-09	4.6013818897429855e-09	1.4124889228827973e-09	7.2366373087722826e-09	6.429544096109135e-10	2.590943731979545e-09	4.95405666834576e-09	0.9999999751177767	1.4447133014755118e-09	6.423130241346397e-10
EU569719	0.0	1.0	0.0	0.0	0.0	0.0	0.0	0.0	0.0	0.0
EU482728	0.0	1.0	0.0	0.0	0.0	0.0	0.0	0.0	0.0	0.0
EU482551_EU677146	8.662638084744345e-14	0.9999999999985024	9.018629024343934e-14	4.620535157071761e-13	4.105212583198463e-14	1.6542968913329733e-13	3.1631256382671713e-13	2.0284807751311138e-13	9.22437910943102e-14	4.1011173881293855e-14
EU677143	0.0	1.0	0.0	0.0	0.0	0.0	0.0	0.0	0.0	0.0
EU482561	0.0	1.0	0.0	0.0	0.0	0.0	0.0	0.0	0.0	0.0
GQ398302	0.0	1.0	0.0	0.0	0.0	0.0	0.0	0.0	0.0	0.0
GQ868497	0.0	0.0	1.0	0.0	0.0	0.0	0.0	0.0	0.0	0.0
GU131959	0.0	0.0	1.0	0.0	0.0	0.0	0.0	0.0	0.0	0.0
FJ850061_FJ850121	5.585129427556193e-10	1.894204318265044e-09	0.9999999890306138	2.9790332488051848e-09	2.6467853534334013e-10	1.0665875867502776e-09	2.0393863754339307e-09	1.3078380465148032e-09	5.947305048533403e-10	2.6441450267490664e-10
GQ199897	0.0	0.0	1.0	0.0	0.0	0.0	0.0	0.0	0.0	0.0
GQ199894_KJ189309	6.204922226629979e-09	2.104407897548764e-08	0.9999998781331957	3.309622428475947e-08	2.9405043305905313e-09	1.184948909334446e-08	2.2657010931890404e-08	1.4529714071823786e-08	6.607289188702029e-09	2.9375710016602534e-09
KJ189308	0.0	0.0	1.0	0.0	0.0	0.0	0.0	0.0	0.0	0.0
FJ906956	0.0	0.0	1.0	0.0	0.0	0.0	0.0	0.0	0.0	0.0
EU482444_FJ906961	1.1611979116294513e-20	3.9382186699499317e-20	1.0	6.193674170055705e-20	5.50290134687727e-21	2.2175301295501762e-20	4.240065034975609e-20	2.719111218568535e-20	1.236497433364233e-20	5.497411873675912e-21
EU482762	0.0	0.0	1.0	0.0	0.0	0.0	0.0	0.0	0.0	0.0
FJ205885_JF357906	3.873679468401981e-09	1.3137637134099968e-08	0.9999999239196045	2.0661687578174555e-08	1.8357315105852838e-09	7.397533915082041e-09	1.4144576653282345e-08	9.070775269385425e-09	4.124873694987529e-09	1.833900258615272e-09
FJ744708_JN819424	1.3684245773464244e-13	4.641030753630707e-13	0.9999999999973125	7.29899345623744e-13	6.484945739536077e-14	2.613269193728111e-13	4.996744435464839e-13	3.2043621356554265e-13	1.457162005456085e-13	6.478476618320654e-14
FJ850106	0.0	0.0	0.0	0.0	0.0	0.0	1.0	0.0	0.0	0.0
EU482605	0.0	0.0	0.0	0.0	0.0	0.0	1.0	0.0	0.0	0.0
GQ868641	0.0	0.0	0.0	0.0	0.0	0.0	1.0	0.0	0.0	0.0
HQ332188	0.0	0.0	0.0	0.0	0.0	0.0	1.0	0.0	0.0	0.0
HQ332186	0.0	0.0	0.0	0.0	0.0	0.0	1.0	0.0	0.0	0.0
EU920846_GQ199890	3.5589372163889455e-08	0.0003153832791676036	3.705191670429851e-08	1.898289455159841e-07	1.686575579010166e-08	6.796473217425443e-08	0.9996841313363511	8.333761208444475e-08	3.789721536266124e-08	1.6848931190023562e-08
GU131881_JX669476	1.2293145559654042e-15	3.533079317927764e-11	1.279833213164332e-15	6.556999229762748e-15	5.825705211840378e-16	2.3476119266547434e-15	0.9999999999646525	2.8786160970480594e-15	1.3090311978907294e-15	5.819893722478032e-16
GQ199892	0.0	1.0	0.0	0.0	0.0	0.0	0.0	0.0	0.0	0.0
EU482451_FJ410221	1.5655716107602457e-08	5.3096576258802936e-08	1.6299087449303188e-08	8.35054933343053e-08	7.419222889745048e-09	2.9897592667537424e-08	5.7166184851469576e-08	0.9999997128773715	1.667093317224885e-08	7.411821771196687e-09
EU482464_FJ024461	1.699849365056151e-09	5.765062474296722e-09	1.769704640865236e-09	9.066768894339479e-09	8.055563368461295e-10	3.2461883930011937e-09	6.206928022619495e-09	0.9999999688251107	1.8100785025080835e-09	8.047527462228286e-10
EU482649_FM210214	1.5237575189630885e-08	5.1678445591038574e-08	1.5863763038633718e-08	8.12751856691376e-08	7.221066468893295e-09	2.909907238541035e-08	5.563936098429953e-08	0.9999997205459903	1.6225677314760367e-08	7.213863023225723e-09
EU482469_EU482776	6.533504626967013e-12	2.2158470700330152e-11	6.80199886951517e-12	3.4848838809226375e-11	3.096219089915024e-12	1.247698020876063e-11	2.3856815661837253e-11	0.9999999998801768	6.95717897975003e-12	3.0931304261996054e-12
EU482468	0.0	0.0	0.0	0.0	0.0	0.0	0.0	1.0	0.0	0.0
EU482784	0.0	0.0	0.0	0.0	0.0	0.0	0.0	1.0	0.0	0.0
EU687249_FJ639707	8.989928249647876e-08	3.0489465163257554e-07	9.359369172057078e-08	4.795107348441939e-07	4.2603149538821996e-08	1.716799225733539e-07	3.2826342569616345e-07	0.9999983512655626	9.572892868210248e-08	4.2560650349222745e-08
FJ744724	0.0	0.0	0.0	0.0	0.0	0.0	0.0	1.0	0.0	0.0
GU131932	0.0	0.0	0.0	0.0	0.0	0.0	0.0	1.0	0.0	0.0
GQ868631_KF955402	5.878365642251815e-10	1.99365578333005e-09	6.11993696126842e-10	3.1354415191349674e-09	2.7857496027350026e-10	1.122586666205244e-09	2.1464603383189303e-09	0.9999999892191981	6.259556580515389e-10	2.7829706509010594e-10
FJ639718	0.0	0.0	0.0	0.0	0.0	0.0	0.0	1.0	0.0	0.0
JF730047_JN368476	2.2350067280847352e-08	7.580056023056125e-08	2.3268542850712708e-08	1.1921226608316993e-07	1.0591666942458282e-08	4.268174020671875e-08	8.161032487036877e-08	0.9999995901043413	2.3799389020176353e-08	1.0581101121235384e-08
GQ868638	0.0	0.0	0.0	0.0	0.0	0.0	0.0	1.0	0.0	0.0
FJ639706_GQ868623	9.566829106242412e-09	3.2446032343922364e-08	9.959977757865947e-09	5.10281854034019e-08	4.5337074969598834e-09	1.8269695092355572e-08	3.493287163429704e-08	0.9999998245463128	1.018720367719524e-08	4.529184852587659e-09
GQ868622	0.0	0.0	0.0	0.0	0.0	0.0	0.0	1.0	0.0	0.0
EU677146	0.0	1.0	0.0	0.0	0.0	0.0	0.0	0.0	0.0	0.0
EU482552_EU482556	5.481026962057756e-09	0.9999999052334562	5.70626965592371e-09	2.923506387695694e-08	2.597451334497671e-09	1.0467072242822381e-08	2.001373800695893e-08	1.2834609632473839e-08	5.836451911349342e-09	2.5948602214477063e-09
EU529706_EU596490	7.909088962756875e-08	0.9999986325244682	8.234112816193278e-08	4.218602145827136e-07	3.748106663803192e-08	1.510392233447528e-07	2.8879703652273086e-07	1.8520264557753923e-07	8.421965028317245e-08	3.744367703245874e-08
EU482551_EU482721	1.722188799852764e-08	0.9999997022348522	1.7929621142899872e-08	9.185924448175493e-08	8.161429650685539e-09	3.288849828439962e-08	6.288499523423629e-08	4.032751729290971e-08	1.8338665695655406e-08	8.15328813650454e-09
FJ850061	0.0	0.0	1.0	0.0	0.0	0.0	0.0	0.0	0.0	0.0
FJ850121	0.0	0.0	1.0	0.0	0.0	0.0	0.0	0.0	0.0	0.0
KJ189309	0.0	0.0	1.0	0.0	0.0	0.0	0.0	0.0	0.0	0.0
GQ199894	0.0	0.0	1.0	0.0	0.0	0.0	0.0	0.0	0.0	0.0
EU482444	0.0	0.0	1.0	0.0	0.0	0.0	0.0	0.0	0.0	0.0
FJ906961	0.0	0.0	1.0	0.0	0.0	0.0	0.0	0.0	0.0	0.0
FJ744741	0.0	0.0	1.0	0.0	0.0	0.0	0.0	0.0	0.0	0.0
EU482635	0.0	0.0	1.0	0.0	0.0	0.0	0.0	0.0	0.0	0.0
FJ410291	0.0	0.0	1.0	0.0	0.0	0.0	0.0	0.0	0.0	0.0
EU482639	0.0	0.0	1.0	0.0	0.0	0.0	0.0	0.0	0.0	0.0
JF357906	0.0	0.0	1.0	0.0	0.0	0.0	0.0	0.0	0.0	0.0
FJ205885	0.0	0.0	1.0	0.0	0.0	0.0	0.0	0.0	0.0	0.0
FJ744708_HQ705625	3.0757564105860347e-10	1.0431470121566563e-09	0.9999999939591087	1.6405672833925207e-09	1.4575968424477667e-10	5.873746794860017e-10	1.1230994374014656e-09	7.202324149784889e-10	3.2752081873850645e-10	1.4561428024240356e-10
FJ850050	0.0	0.0	1.0	0.0	0.0	0.0	0.0	0.0	0.0	0.0
JN819424	0.0	0.0	1.0	0.0	0.0	0.0	0.0	0.0	0.0	0.0
EU920846	0.0	0.0	0.0	0.0	0.0	0.0	1.0	0.0	0.0	0.0
EU920850	0.0	1.0	0.0	0.0	0.0	0.0	0.0	0.0	0.0	0.0
GQ199890	0.0	0.0	0.0	0.0	0.0	0.0	1.0	0.0	0.0	0.0
JX669476	0.0	0.0	0.0	0.0	0.0	0.0	1.0	0.0	0.0	0.0
GU131881_HM181971	5.337224670738692e-08	1.8101359500039919e-07	5.556557812306322e-08	2.846804171095263e-07	2.5293036212906015e-08	1.0192454186326826e-07	0.9999990910707749	1.249787597177268e-07	5.6833245569620034e-08	2.5267804896602194e-08
JX286520_JX669478	1.5994204244875938e-08	5.424530311706808e-08	1.665148574983785e-08	8.531094373316035e-08	7.579631964533211e-09	3.054400068755012e-08	0.9999997276182685	3.745271995304511e-08	1.703137105176208e-08	7.572070828339285e-09
JX669477	0.0	0.0	0.0	0.0	0.0	0.0	1.0	0.0	0.0	0.0
JX567950	0.0	0.0	0.0	0.0	0.0	0.0	1.0	0.0	0.0	0.0
EU482451_EU482661	1.8968023481382135e-09	6.433031222180266e-09	1.974751402865271e-09	1.011728973304734e-08	8.98892091674772e-10	3.622307889699557e-09	6.92609350572698e-09	0.9999999652130332	2.0198031804767713e-09	8.979953930539683e-10
FJ410221	0.0	0.0	0.0	0.0	0.0	0.0	0.0	1.0	0.0	0.0
EU482467_FJ024461	5.284147771045667e-11	1.7921259759677443e-10	5.501299718477295e-11	2.8184936635269174e-10	2.5041505496321303e-11	1.0091093666234919e-10	1.929484197247224e-10	0.9999999990308981	5.626805810601824e-11	2.5016525096950387e-11
EU482464_EU482705	5.195913981487795e-09	1.7622013650226865e-08	5.409439963094479e-09	2.7714309416741145e-08	2.462336674965687e-09	9.922594321868715e-09	1.89726600237614e-08	0.9999999047080013	5.53285037610469e-09	2.459880346869306e-09
EU482649_EU482669	3.473600007909804e-08	1.1780762147507178e-07	3.6163475310675195e-08	1.8527717308676724e-07	1.6461343902364416e-08	6.633505450192162e-08	1.2683703433777184e-07	0.9999993629488694	3.698850515746583e-08	1.644492272733069e-08
FM210214	0.0	0.0	0.0	0.0	0.0	0.0	0.0	1.0	0.0	0.0
EU482776	0.0	0.0	0.0	0.0	0.0	0.0	0.0	1.0	0.0	0.0
EU482469_FM210211	5.424010043300584e-09	1.839560457747255e-08	5.646909628025549e-09	2.893094326717484e-08	2.5704310930830646e-09	1.035818750063341e-08	1.9805543140947598e-08	0.9999999005247663	5.775737649813468e-09	2.5678669343398903e-09
EU660413	0.0	0.0	0.0	0.0	0.0	0.0	0.0	1.0	0.0	0.0
FJ639707	0.0	0.0	0.0	0.0	0.0	0.0	0.0	1.0	0.0	0.0
EU687249	0.0	0.0	0.0	0.0	0.0	0.0	0.0	1.0	0.0	0.0
GQ868631	0.0	0.0	0.0	0.0	0.0	0.0	0.0	1.0	0.0	0.0
KF955402	0.0	0.0	0.0	0.0	0.0	0.0	0.0	1.0	0.0	0.0
JF730047	0.0	0.0	0.0	0.0	0.0	0.0	0.0	1.0	0.0	0.0
JN368476	0.0	0.0	0.0	0.0	0.0	0.0	0.0	1.0	0.0	0.0
FJ639706	0.0	0.0	0.0	0.0	0.0	0.0	0.0	1.0	0.0	0.0
GQ868623	0.0	0.0	0.0	0.0	0.0	0.0	0.0	1.0	0.0	0.0
EU482552_KF955364	1.7544683948701204e-08	0.9999996966537343	1.8265682386218206e-08	9.358099485588628e-08	8.31440221902955e-09	3.350493906338981e-08	6.406367098628103e-08	4.1083390241556125e-08	1.8682393805990956e-08	8.306108105562917e-09
EU482556	0.0	1.0	0.0	0.0	0.0	0.0	0.0	0.0	0.0	0.0
EU596490	0.0	1.0	0.0	0.0	0.0	0.0	0.0	0.0	0.0	0.0
EU529706	0.0	1.0	0.0	0.0	0.0	0.0	0.0	0.0	0.0	0.0
EU482551_EU596489	8.039668209972519e-08	0.9999986099474146	8.370058214973117e-08	4.288251367766398e-07	3.8099879941242964e-08	1.5353288452080803e-07	2.935650824765473e-07	1.882603456686293e-07	8.561011871594985e-08	3.806187303239094e-08
EU482721	0.0	1.0	0.0	0.0	0.0	0.0	0.0	0.0	0.0	0.0
FJ744708	0.0	0.0	1.0	0.0	0.0	0.0	0.0	0.0	0.0	0.0
HQ705625	0.0	0.0	1.0	0.0	0.0	0.0	0.0	0.0	0.0	0.0
GU131881	0.0	0.0	0.0	0.0	0.0	0.0	1.0	0.0	0.0	0.0
HM181971	0.0	0.0	0.0	0.0	0.0	0.0	1.0	0.0	0.0	0.0
JX286520_KC294211	5.923790302370105e-10	2.0090617926034434e-09	6.167228346889762e-10	3.1596704245817074e-09	2.807276288310558e-10	1.131261376297991e-09	0.9999999899117962	1.3871403407037887e-09	6.307926866997298e-10	2.8044758623203237e-10
JX669478	0.0	0.0	0.0	0.0	0.0	0.0	1.0	0.0	0.0	0.0
EU482451_FJ410224	8.793180274066435e-10	2.982219170112878e-09	9.154535842336822e-10	4.690164612826825e-09	4.1670763518334584e-10	1.679226426177982e-09	3.2107925662721914e-09	0.9999999838734873	9.363386491743659e-10	4.162919443955327e-10
EU482661	0.0	0.0	0.0	0.0	0.0	0.0	0.0	1.0	0.0	0.0
EU482676_FJ024461	1.919718378573318e-08	6.510751254223756e-08	1.998609167114796e-08	1.0239520770809846e-07	9.097519677978234e-09	3.6660704451008375e-08	7.009770421104805e-08	0.9999996479275792	2.0442052333328107e-08	9.088444358010988e-09
EU482467_EU482670	6.331254468527057e-11	2.1472536509447165e-10	6.591437244841388e-11	3.377006354647945e-10	3.000373010780795e-11	1.209074473972026e-10	2.311830776707522e-10	0.9999999988388607	6.741813623591589e-11	2.997379959261507e-11
EU482464_EU482659	1.2521266641264173e-09	4.246604783232126e-09	1.3035827844559805e-09	6.678675960030989e-09	5.933811486806197e-10	2.3911760225413934e-09	4.572087526813649e-09	0.9999999770362531	1.3333225894857576e-09	5.927892154969142e-10
EU482705	0.0	0.0	0.0	0.0	0.0	0.0	0.0	1.0	0.0	0.0
EU482649	0.0	0.0	0.0	0.0	0.0	0.0	0.0	1.0	0.0	0.0
EU482669	0.0	0.0	0.0	0.0	0.0	0.0	0.0	1.0	0.0	0.0
EU482469_EU482541	1.3526362597683788e-09	4.587484457663201e-09	1.408222819929472e-09	7.214780684415832e-09	6.41012511404663e-10	2.5831183731198523e-09	4.939094061955448e-09	0.9999999751929279	1.4403498720834038e-09	6.403730630879874e-10
FM210211	0.0	0.0	0.0	0.0	0.0	0.0	0.0	1.0	0.0	0.0
EU482552	0.0	1.0	0.0	0.0	0.0	0.0	0.0	0.0	0.0	0.0
KF955364	0.0	1.0	0.0	0.0	0.0	0.0	0.0	0.0	0.0	0.0
EU482551	0.0	1.0	0.0	0.0	0.0	0.0	0.0	0.0	0.0	0.0
EU596489	0.0	1.0	0.0	0.0	0.0	0.0	0.0	0.0	0.0	0.0
JX286520	0.0	0.0	0.0	0.0	0.0	0.0	1.0	0.0	0.0	0.0
JX286525	0.0	0.0	0.0	0.0	0.0	0.0	1.0	0.0	0.0	0.0
KC294211	0.0	0.0	0.0	0.0	0.0	0.0	1.0	0.0	0.0	0.0
FJ410215_FJ410224	1.3663124071642892e-08	4.633867299440779e-08	1.422460988330294e-08	7.28772742331675e-08	6.474936193339257e-09	2.6092355996519294e-08	4.989031935427165e-08	0.9999997494211016	1.4549128686096591e-08	6.468477057244799e-09
EU482451	0.0	0.0	0.0	0.0	0.0	0.0	0.0	1.0	0.0	0.0
FJ024461	0.0	0.0	0.0	0.0	0.0	0.0	0.0	1.0	0.0	0.0
EU482676	0.0	0.0	0.0	0.0	0.0	0.0	0.0	1.0	0.0	0.0
EU482474_EU482670	9.591196538402611e-11	3.252867482485603e-10	9.985346569165557e-11	5.115815802361564e-10	4.545255190416043e-11	1.8316229377729192e-10	3.5021848281653924e-10	0.9999999982409941	1.0213151249975042e-10	4.540721026528971e-11
EU482467_FM210207	1.9444382826323312e-12	6.594589148444531e-12	2.024344935138884e-12	1.0371373428934002e-11	9.214666972146317e-13	3.713277843169207e-12	7.10003410468437e-12	0.9999999999643393	2.070528134550475e-12	9.205474790746999e-13
EU482658_EU482659	1.005593376881615e-08	3.410483752641234e-08	1.046918216680896e-08	5.363700417985478e-08	4.765493541309907e-09	1.9203734255618254e-08	3.671881661185246e-08	0.9999998155762332	1.0708025023721997e-08	4.760739676496191e-09
EU482464	0.0	0.0	0.0	0.0	0.0	0.0	0.0	1.0	0.0	0.0
EU482469_FJ432726	1.4456377576672239e-11	4.9029003154514634e-11	1.505046212532597e-11	7.710838220813106e-11	6.85085796666691e-12	2.7607225710076953e-11	5.2786850959144255e-11	0.999999999734873	1.539382183715435e-11	6.844023826121089e-12
EU482541	0.0	0.0	0.0	0.0	0.0	0.0	0.0	1.0	0.0	0.0
FJ410224	0.0	0.0	0.0	0.0	0.0	0.0	0.0	1.0	0.0	0.0
FJ410215	0.0	0.0	0.0	0.0	0.0	0.0	0.0	1.0	0.0	0.0
EU482474_FJ410217	1.3388282424777036e-12	4.540654377325888e-12	1.393847362443186e-12	7.1411305691543185e-12	6.34468910508935e-13	2.5567493157311302e-12	4.888674671143443e-12	0.9999999999754462	1.425646454372456e-12	6.338359898255011e-13
EU482656_EU482670	4.1060170817221765e-09	1.3925613341553897e-08	4.274753771935338e-09	2.1900945296382447e-08	1.9458359942797002e-09	7.841227149978005e-09	1.4992947616304716e-08	0.9999999246964872	4.372277569613224e-09	1.9438949065022678e-09
EU482642_FM210207	2.1749203208044094e-14	7.376272147291537e-14	2.2642986280802178e-14	1.160073375777322e-13	1.0306918263322321e-14	4.153427501421274e-14	7.941629513577247e-14	0.9999999999996012	2.315956106631839e-14	1.0296636495936611e-14
EU482467_FJ461309	5.974936758984383e-13	2.026408010240313e-12	6.22047666612016e-13	3.1869512596615077e-12	2.831514525580185e-13	1.1410287731754736e-12	2.1817228729261206e-12	0.9999999999890422	6.362389987965611e-13	2.8286899204986764e-13
EU482658	0.0	0.0	0.0	0.0	0.0	0.0	0.0	1.0	0.0	0.0
EU482659	0.0	0.0	0.0	0.0	0.0	0.0	0.0	1.0	0.0	0.0
FJ410228_FJ432726	6.982719590689903e-09	2.3681989421158598e-08	7.269674313227353e-09	3.724489127345162e-08	3.3091014594190565e-09	1.3334842341239365e-08	2.5497105092083033e-08	0.999999871938352	7.435523923457963e-09	3.3058004328083625e-09
EU482469_FJ410259	4.635533625359388e-09	1.5721475973853292e-08	4.8260307873894334e-09	2.472531563506209e-08	2.1967731749267195e-09	8.852440551113962e-09	1.6926454867421558e-08	0.9999999149852623	4.936131362815918e-09	2.1945817623039814e-09
EU482474	0.0	0.0	0.0	0.0	0.0	0.0	0.0	1.0	0.0	0.0
EU482699_FJ562098	4.206632754979712e-11	1.42668527796755e-10	4.379504244281902e-11	2.2437615824564402e-10	1.9935176270436534e-11	8.033372076109048e-11	1.5360341489370807e-10	0.9999999992285121	4.479417808579532e-11	1.9915289739858795e-11
FJ410217	0.0	0.0	0.0	0.0	0.0	0.0	0.0	1.0	0.0	0.0
EU482670	0.0	0.0	0.0	0.0	0.0	0.0	0.0	1.0	0.0	0.0
EU482656	0.0	0.0	0.0	0.0	0.0	0.0	0.0	1.0	0.0	0.0
FM210207	0.0	0.0	0.0	0.0	0.0	0.0	0.0	1.0	0.0	0.0
FM210246	0.0	0.0	0.0	0.0	0.0	0.0	0.0	1.0	0.0	0.0
FJ024452_FJ410195	3.2924936127282146e-11	1.1166537320190175e-10	3.4277985721821865e-11	1.756172004788759e-10	1.5603083121844792e-11	6.287648052458959e-11	1.2022401095795565e-10	0.9999999993961632	3.506000020094519e-11	1.5587518113268982e-11
EU482642	0.0	0.0	0.0	0.0	0.0	0.0	0.0	1.0	0.0	0.0
EU482467_FJ390385	2.2621609554573067e-10	7.672149958237825e-10	2.355124414877015e-10	1.2066063621026836e-09	1.0720350462197181e-10	4.3200302260097195e-10	8.260184999180698e-10	0.9999999958512431	2.4088539836888194e-10	1.0709656271467267e-10
EU482645_FJ461309	4.603841149969608e-19	1.5613990508174307e-18	4.793035910354579e-19	2.4556272215124008e-18	2.1817541532972733e-19	8.791917690753106e-19	1.6810731134691569e-18	1.0	4.902383744012994e-19	2.1795777230468434e-19
FJ410228	0.0	0.0	0.0	0.0	0.0	0.0	0.0	1.0	0.0	0.0
FJ432726	0.0	0.0	0.0	0.0	0.0	0.0	0.0	1.0	0.0	0.0
EU482469	0.0	0.0	0.0	0.0	0.0	0.0	0.0	1.0	0.0	0.0
FJ410259	0.0	0.0	0.0	0.0	0.0	0.0	0.0	1.0	0.0	0.0
EU482701_FJ562098	6.4788187700624615e-09	2.1973002865358328e-08	6.745065698410046e-09	3.4557151771224546e-08	3.0703035355894983e-09	1.2372547076275964e-08	2.365713256953536e-08	0.9999998811797902	6.898946941071184e-09	3.0672407241894317e-09
EU482699	0.0	0.0	0.0	0.0	0.0	0.0	0.0	1.0	0.0	0.0
FJ205877_FJ410195	2.083623037106543e-09	7.0666361553785686e-09	2.169249484326726e-09	1.111376627172062e-08	9.874261658969468e-10	3.979077827417801e-09	7.608261345654551e-09	0.9999999617867802	2.218738521382201e-09	9.864411492422162e-10
FJ024452_FM210206	9.466533516427959e-09	3.210587847319533e-08	9.855560522785186e-09	5.049322215744447e-08	4.486177551310798e-09	1.807816142695098e-08	3.4566646532378135e-08	0.9999998263857132	1.0080404277935817e-08	4.481702320901945e-09
FJ205879_FJ390385	6.506254911850405e-12	2.2066052917152734e-11	6.77362932789845e-12	3.4703492477676144e-11	3.083305486427159e-12	1.242494165126104e-11	2.375731448023692e-11	0.9999999998806764	6.928162218296929e-12	3.080229704803533e-12
EU482467_EU482679	1.694480151012892e-08	5.746852711106184e-08	1.764114779077783e-08	9.038130225599054e-08	8.030118735040575e-09	3.2359348489724914e-08	6.187322564753855e-08	0.9999996892358091	1.804361114182474e-08	8.022108211351147e-09
EU482654_FJ547067	6.8439400928139436e-09	2.3211316847544995e-08	7.125191674649599e-09	3.650466001509407e-08	3.243334041295739e-09	1.3069816272193189e-08	2.4990357628431808e-08	0.9999998744835397	7.287745072662064e-09	3.240098621617926e-09
EU482645_FJ410223	4.69561998576511e-10	1.5925259690642016e-09	4.88858639557957e-10	2.5045808235583006e-09	2.2252480206265031e-10	8.967186980848515e-10	1.7145857669720553e-09	0.9999999913883291	5.000114108287459e-10	2.2230282026422064e-10
EU482652_FJ859028	2.1509153930040513e-11	7.294859104874408e-11	2.2393072182498974e-11	1.1472694687273604e-10	1.019315923206561e-11	4.107585487650965e-11	7.85397653554994e-11	0.9999999996055264	2.2903945453200508e-11	1.0182990946117079e-11
FJ410241_FJ461309	3.0038162009371507e-09	1.018748391222023e-08	3.1272579679017973e-09	1.602195338883472e-08	1.4235044734720116e-09	5.736363166432115e-09	1.0968307742833056e-08	0.9999999449106259	3.1986029130423757e-09	1.4220844426252695e-09
FJ562098	0.0	0.0	0.0	0.0	0.0	0.0	0.0	1.0	0.0	0.0
EU482701	0.0	0.0	0.0	0.0	0.0	0.0	0.0	1.0	0.0	0.0
FJ205877	0.0	0.0	0.0	0.0	0.0	0.0	0.0	1.0	0.0	0.0
FJ410195	0.0	0.0	0.0	0.0	0.0	0.0	0.0	1.0	0.0	0.0
FJ024452	0.0	0.0	0.0	0.0	0.0	0.0	0.0	1.0	0.0	0.0
FM210206	0.0	0.0	0.0	0.0	0.0	0.0	0.0	1.0	0.0	0.0
FJ390385	0.0	0.0	0.0	0.0	0.0	0.0	0.0	1.0	0.0	0.0
FJ205879_FJ410202	4.943000784376685e-09	1.6764255067676522e-08	5.14613330318417e-09	2.636530428977261e-08	2.342481449677452e-09	9.439608063335279e-09	1.8049158187239914e-08	0.9999999093463775	5.263536664841642e-09	2.3401446843363863e-09
GU131899	0.0	0.0	0.0	0.0	0.0	0.0	0.0	1.0	0.0	0.0
EU482679	0.0	0.0	0.0	0.0	0.0	0.0	0.0	1.0	0.0	0.0
EU482467	0.0	0.0	0.0	0.0	0.0	0.0	0.0	1.0	0.0	0.0
FJ547067	0.0	0.0	0.0	0.0	0.0	0.0	0.0	1.0	0.0	0.0
EU482654	0.0	0.0	0.0	0.0	0.0	0.0	0.0	1.0	0.0	0.0
EU482645	0.0	0.0	0.0	0.0	0.0	0.0	0.0	1.0	0.0	0.0
FJ410223	0.0	0.0	0.0	0.0	0.0	0.0	0.0	1.0	0.0	0.0
EU482652_EU677148	1.8070541305245341e-09	6.128648909173052e-09	1.88131498403585e-09	9.638584758059608e-09	8.563605315815301e-10	3.4509164544940934e-09	6.598381687057626e-09	0.9999999668589971	1.924235112693558e-09	8.555062607355722e-10
FJ024454_FJ859028	2.0886998593580678e-08	7.08385426779053e-08	2.174534938487586e-08	1.1140845361796753e-07	9.898320651606276e-09	3.988772993239559e-08	7.62679914726605e-08	0.9999996169367216	2.224144557356592e-08	9.888446484774937e-09
FJ410241_JF730049	1.051718608365069e-08	3.566918108890634e-08	1.0949389636337035e-08	5.609726226304425e-08	4.984080395379554e-09	2.00845840188038e-08	3.8403059920288227e-08	0.9999998071169602	1.1199187897607888e-08	4.979108477106043e-09
FJ461309	0.0	0.0	0.0	0.0	0.0	0.0	0.0	1.0	0.0	0.0
FJ410202	0.0	0.0	0.0	0.0	0.0	0.0	0.0	1.0	0.0	0.0
FJ205879	0.0	0.0	0.0	0.0	0.0	0.0	0.0	1.0	0.0	0.0
EU482652_FJ461311	5.413633534467543e-10	1.8360412505211728e-09	5.636106696768634e-10	2.8875596358529113e-09	2.565513679448287e-10	1.0338371566806485e-09	1.976765375805476e-09	0.9999999900715069	5.764688261581851e-10	2.5629544261193056e-10
EU677148	0.0	0.0	0.0	0.0	0.0	0.0	0.0	1.0	0.0	0.0
FJ024454	0.0	0.0	0.0	0.0	0.0	0.0	0.0	1.0	0.0	0.0
FJ859028	0.0	0.0	0.0	0.0	0.0	0.0	0.0	1.0	0.0	0.0
JF730049	0.0	0.0	0.0	0.0	0.0	0.0	0.0	1.0	0.0	0.0
FJ410241	0.0	0.0	0.0	0.0	0.0	0.0	0.0	1.0	0.0	0.0
EU482652_FJ547064	6.846100737438307e-13	2.3218644703471686e-12	7.127441110921777e-13	3.651618460419862e-12	3.2443579678886525e-13	1.3073942437514185e-12	2.4998247130843947e-12	0.9999999999874444	7.290045827344517e-13	3.241121526782826e-13
FJ461311	0.0	0.0	0.0	0.0	0.0	0.0	0.0	1.0	0.0	0.0
FJ547064	0.0	0.0	0.0	0.0	0.0	0.0	0.0	1.0	0.0	0.0
EU482652_FJ410237	4.379947307801429e-09	1.4854651466583848e-08	4.559941155200739e-09	2.3362052441575105e-08	2.0756511614398474e-09	8.364349456383837e-09	1.5993192244708975e-08	0.9999999196726631	4.6639711888280394e-09	2.0735805752694156e-09
FJ390387	0.0	0.0	0.0	0.0	0.0	0.0	0.0	1.0	0.0	0.0
FJ410237	0.0	0.0	0.0	0.0	0.0	0.0	0.0	1.0	0.0	0.0
EU482652	0.0	0.0	0.0	0.0	0.0	0.0	0.0	1.0	0.0	0.0
