node	Africa	Caribbean	Central America	Eastern Asia	Europe	Oceania	South America	South-eastern Asia	Southern Asia	Western Asia
AF100460_FJ467493.1	0.05884792341815548	0.14444319394363223	0.06138792897672092	0.21047248255345868	0.025862477966990854	0.05123566521491657	0.20270866981677357	0.1629847844511199	0.05612526930864848	0.025931604349583335
EF105378_FJ467493.1	0.1607937459552993	0.1133067623805811	0.04810501709567795	0.16541908867262434	0.020327685428092247	0.04018686406241811	0.15920522645687235	0.22844232059329322	0.0438313796874486	0.02038190966769271
AF100460_GQ398257.1	0.014646699713803881	0.05988496305728947	0.0303261344691587	0.056419949491663506	0.006817890643072595	0.02166586345908772	0.0652506175254714	0.6958357144111983	0.042316052422928206	0.006836114806326118
EF105378_EF105388	0.9945770317215126	0.0008281055623882307	0.00035156536404314147	0.0012090424473712358	0.0001495131444941855	0.0002937057947010456	0.0011635999290133113	0.0009581670465870009	0.00032029804057248076	0.00014897094931662025
EF105379_FJ467493.1	0.006358278827781694	0.012580006960953238	0.005340738274554677	0.018366934010660144	0.0022570317575313	0.004461775333575475	0.017676603732451425	0.9258298198736308	0.004865747934718003	0.002263063294143335
AF100460_GU131843	0.002029381084232014	0.013397410843312642	0.0026039923135049462	0.008281834713830535	0.0007755673933476123	0.018728806380945977	0.0067161893401945566	0.9343288161419652	0.012360361294829598	0.0007776404938369279
AF100465_GQ398257.1	0.008455116641131903	0.09985415146800566	0.07179209686122855	0.032490014407698185	0.003977248886064489	0.008949098581439961	0.08325010276885215	0.5819511749716673	0.10529311537287804	0.003987880041033741
EF105378_EF457904	0.9998946570515269	1.5929421911071702e-05	6.762688318826481e-06	2.325721698706874e-05	4.891829000346199e-06	5.649717362247884e-06	2.2383046223635e-05	1.7442229311260058e-05	6.161184379726957e-06	2.8656149790541673e-06
EF105387_EF105388	0.9999993389506325	1.0203412212040486e-07	4.3317628334415673e-08	1.4897156468539148e-07	1.8352710832550887e-08	3.618862870016073e-08	1.4337213293959363e-07	1.109924676072845e-07	3.946472815943659e-08	1.8355384219921376e-08
EF105379_EF105379.1	0.0	0.0	0.0	0.0	0.0	0.0	0.0	1.0	0.0	0.0
FJ467493_FJ467493.1	1.823835340337434e-08	4.5170240962383135e-08	1.9176584105835857e-08	6.594943561125918e-08	8.104233443813334e-09	1.602061045124707e-08	6.347053846959842e-08	0.9999997382732442	1.7470864339438118e-08	8.125894990473272e-09
AF276619_GU131843	0.0028483539666035226	0.002927084021402877	0.0009614853578631033	0.0035651542498862806	0.00037670947234316564	0.002330179521946709	0.003008851963367925	0.9485726901045143	0.03503177484555454	0.0003777164965174471
AF100460_M20558.1	0.0011747296248806277	0.01421829103430163	0.0014549368945627839	0.006675745695953336	0.00047716051781456674	0.025896766127624874	0.004009175437863754	0.9400558366194602	0.005558922077047515	0.0004784359704907705
AF100465_JQ922553	0.006248898129158115	0.21092997287942478	0.16572218064492109	0.02400165014608289	0.0029450030602043123	0.006137947583819026	0.1556571312338251	0.17970370544350692	0.24570063584848356	0.0029528750305741775
GQ398257_GQ398257.1	2.4633978458637094e-05	0.000130740534323222	8.048657336657032e-05	9.461059779654893e-05	1.1613270930008126e-05	2.3880798631367996e-05	0.00013522429321400695	0.9993799453524504	0.00010722028771568714	1.164431311349945e-05
EF105389_EF457904	0.999802542523427	9.629241757622153e-06	4.087997126910435e-06	1.405890226294396e-05	0.00013724072569318142	3.4152201732990633e-06	1.3530451051851741e-05	1.0038316723348872e-05	3.7243678599673144e-06	1.732253923737009e-06
EF105378_EF105380	0.9999883315470198	1.8092400295795116e-06	7.680946670803476e-07	2.6415289801595337e-06	3.4658932554871066e-07	6.416863660903158e-07	2.5422384913736054e-06	1.8938290490533298e-06	6.997726583340303e-07	3.254734127653972e-07
EF105387_EU003591	0.9999999414365588	9.084836483638368e-09	3.85687731103105e-09	1.3264046501611163e-08	1.631210307524908e-09	3.2221351618114037e-09	1.2765476940528947e-08	9.59072999682085e-09	3.513812051559585e-09	1.6343165011339266e-09
EF105388	1.0	0.0	0.0	0.0	0.0	0.0	0.0	0.0	0.0	0.0
EF105379	0.0	0.0	0.0	0.0	0.0	0.0	0.0	1.0	0.0	0.0
EF105379.1	0.0	0.0	0.0	0.0	0.0	0.0	0.0	1.0	0.0	0.0
FJ467493	0.0	0.0	0.0	0.0	0.0	0.0	0.0	1.0	0.0	0.0
FJ467493.1	0.0	0.0	0.0	0.0	0.0	0.0	0.0	1.0	0.0	0.0
AF276619_FJ882602.1	9.679905712156725e-05	0.0002389169577433664	0.00010046481397409164	0.0006952926836674666	4.2355952627751195e-05	8.917112158680111e-05	0.0003319230898999135	0.0034937599225850196	0.9948688445212522	4.24718795418767e-05
AY037116_GU131843	0.0028907480130612004	0.0006087911420370051	0.00021098093043740826	0.001127807340954044	8.41609449214243e-05	0.00045169872974587944	0.0006690149956986581	0.9879132086203235	0.005959203362385357	8.438592043572133e-05
AF100460_KJ734727	0.001246044496021021	0.012619335257619059	0.0014663372787398457	0.010289568734812937	0.0005475379809373209	0.05571745812492735	0.004430790028093313	0.9095799666970044	0.0035539598527963624	0.0005490015490485601
AF119661_M20558.1	0.0008540797977004655	0.08147200932413699	0.0009629628077198828	0.004616068562629513	0.0003979706620147765	0.0024154884347390906	0.0031345821261852605	0.9045941731124773	0.0011536307374435085	0.0003990344349533842
AF100465_EU056812	0.004540104781683255	0.30058078012920864	0.24132340594668772	0.017436628747526453	0.002140534934888823	0.004385884437180838	0.21408946554619537	0.09184372031076735	0.12151321859761408	0.00214625656824752
JQ922553	0.0	0.0	0.0	0.0	0.0	0.0	0.0	0.0	1.0	0.0
GQ398257	0.0	0.0	0.0	0.0	0.0	0.0	0.0	1.0	0.0	0.0
GQ398257.1	0.0	0.0	0.0	0.0	0.0	0.0	0.0	1.0	0.0	0.0
EF105389_JF260983	0.998171128175589	7.032891732320891e-05	2.9857429206115577e-05	0.00010268175309890858	0.001389118543601448	2.4943681192138024e-05	9.882211161111472e-05	7.326596195844873e-05	2.7201594388589986e-05	1.2651832031121582e-05
EF457904	1.0	0.0	0.0	0.0	0.0	0.0	0.0	0.0	0.0	0.0
EF105378_EF105378.1	1.0	0.0	0.0	0.0	0.0	0.0	0.0	0.0	0.0	0.0
EF105380	1.0	0.0	0.0	0.0	0.0	0.0	0.0	0.0	0.0	0.0
EF105387	1.0	0.0	0.0	0.0	0.0	0.0	0.0	0.0	0.0	0.0
EU003591	1.0	0.0	0.0	0.0	0.0	0.0	0.0	0.0	0.0	0.0
AF276619_JQ955623	4.584363075194871e-06	1.1518521583667392e-05	4.856909487238964e-06	0.0005072555880594365	2.049093567772111e-06	4.237675519763243e-06	1.6054938643970383e-05	0.00012351345351544786	0.9993238710711803	2.058385367306887e-06
FJ882602_FJ882602.1	5.422269663476924e-10	1.4132432044995748e-09	5.99189180899273e-10	2.346620327499208e-09	2.5314134095973593e-10	5.048624820610372e-10	1.9827095031530602e-09	4.124996150335377e-09	0.9999999879791907	2.5382020119402205e-10
AY037116_GQ398263.2	0.00027877367741651975	0.00013487782685122143	5.3199714169124856e-05	0.001406959419325976	2.205492224937615e-05	0.00010361544922281313	0.00017357479715771057	0.9972630212599096	0.000541809057616494	2.2113876081181e-05
GQ398262_GU131843	0.023467447025049805	0.0011438973076384488	0.00047246722063683613	0.001736367892403264	0.0001982833928777682	0.0004710789104733989	0.0015556511625520754	0.9687266190295901	0.002029374652042594	0.00019881340673593963
KF704355_KJ734727	0.004309596733797031	0.03445897442071278	0.004851700339437645	0.05588637530507494	0.0020120524136991074	0.3817969338512992	0.01583369467909876	0.49323469485355187	0.005598546787203561	0.0020174306161250626
AF100460_M84728	0.00010189631696834559	0.00044840268125506243	0.00011522070300305933	0.0004975764460468545	4.7300213008853656e-05	0.0011486121950141576	0.00037319830877784724	0.9970725598446979	0.000147806645048837	4.7426646179137395e-05
AF208496_M20558.1	2.376204192189324e-05	0.9977072701858881	2.6551042831270222e-05	9.409034625202722e-05	1.12016316026003e-05	2.561431988506918e-05	8.779255912384537e-05	0.001987708168834484	2.47781301818119e-05	1.1231573478893493e-05
AF119661_DQ181801	0.00011114640973938956	0.006478736177959554	0.00012482910260203084	0.002414391793392352	5.205235743404833e-05	0.0002300823226004229	0.0004090495178561736	0.9899922183131165	0.00013530251228127083	5.219149301847838e-05
AF100465_GQ868592	0.0015011821814690832	0.05018211312281304	0.489579216920142	0.005764832310025051	0.0007080662426751237	0.0014244551128604157	0.41304733541592165	0.016831736306665436	0.02025110348913214	0.0007099588982962962
EU056812	0.0	1.0	0.0	0.0	0.0	0.0	0.0	0.0	0.0	0.0
EF105389_EF105389.1	1.0	0.0	0.0	0.0	0.0	0.0	0.0	0.0	0.0	0.0
JF260983	0.0	0.0	0.0	0.0	1.0	0.0	0.0	0.0	0.0	0.0
EF105378	1.0	0.0	0.0	0.0	0.0	0.0	0.0	0.0	0.0	0.0
EF105378.1	1.0	0.0	0.0	0.0	0.0	0.0	0.0	0.0	0.0	0.0
AF276619_KF041236.2	3.847227981156344e-05	0.00010075535899582629	4.274841332063324e-05	0.005591965477711563	1.8063220864197187e-05	3.585571561253109e-05	0.0001414724916259563	0.00019323739286939326	0.9938193151256008	1.8114523587504384e-05
DQ448231_JQ955623	6.652295135681814e-07	1.7363532736554477e-06	7.36338584890857e-07	1.4552757242207457e-05	3.1109981006710446e-07	6.195694090477876e-07	2.436631946143083e-06	4.541275386205373e-06	0.9999740651787257	3.3556610853343107e-07
FJ882602.1	0.0	0.0	0.0	0.0	0.0	0.0	0.0	0.0	1.0	0.0
FJ882602	0.0	0.0	0.0	0.0	0.0	0.0	0.0	0.0	1.0	0.0
GQ398263_GQ398263.2	1.6430397665521255e-09	3.073509355338481e-09	1.2963579472418688e-09	7.010757483203477e-09	5.469639123101099e-10	1.206404779898395e-09	4.2854601277648395e-09	0.9999999781792366	2.2098442492081197e-09	5.484259451448608e-10
AY037116_JN851131	3.528242017963519e-05	7.746670161602983e-05	3.278367120042248e-05	0.029706621833602558	1.384380759623936e-05	0.0006438690672828637	0.00010844320522074153	0.9693253037880826	4.250469320050917e-05	1.3880812018417475e-05
GQ398262	0.0	0.0	0.0	0.0	0.0	0.0	0.0	1.0	0.0	0.0
GU131843	1.0	0.0	0.0	0.0	0.0	0.0	0.0	0.0	0.0	0.0
KF704355_M29095	0.001498724733416114	0.04793188103223914	0.0016795947318148372	0.011887224010133684	0.0007038408926046684	0.8492000854386172	0.005524131268382018	0.0791549018531917	0.0017138937854125256	0.0007057222541881997
KJ734727	0.0	0.0	0.0	1.0	0.0	0.0	0.0	0.0	0.0	0.0
M84727_M84728	3.6419584544156686e-06	9.993363403133646e-06	4.069703751840584e-06	1.4229099650291776e-05	1.7166993932291663e-06	5.820994723467018e-06	1.3451133504504668e-05	0.9999415495112463	3.806247755171907e-06	1.7212881176959252e-06
AF100460_AJ487271	1.0955316564551099e-05	3.4853528774985617e-05	1.2280530628979435e-05	4.5626419206316836e-05	5.143239582874507e-06	4.549728204493851e-05	4.037289041438416e-05	0.9997874913192832	1.2622486074754044e-05	5.156987424984318e-06
M20558_M20558.1	2.4408134003797808e-09	0.9999999294881102	2.7255922888871186e-09	9.421325625369062e-09	1.1515380736778469e-09	2.336100532305559e-09	9.019683622622001e-09	3.976893912491306e-08	2.4932810230258373e-09	1.1546161261380722e-09
AF208496_EU482575	1.861207563527886e-10	0.999999950265489	2.0793754869315446e-10	7.308763311224243e-10	8.776192960927375e-11	1.9323547269093548e-10	3.6599550384967646e-08	1.1448253544089978e-08	1.9277848879922021e-10	8.799651657944759e-11
AF119661_FJ639701	3.884381524290794e-05	0.0008086484550819087	4.3453827455904914e-05	0.006105819782529783	1.8283945967518708e-05	5.0668472169478765e-05	0.0001433541267017231	0.9927305420731002	4.205268293201738e-05	1.8332818818605503e-05
DQ181801	0.0	0.0	0.0	0.0	0.0	0.0	0.0	1.0	0.0	0.0
AF100465_FJ898449	0.00012982500860920558	0.0029694135994979168	0.7425804323032543	0.0004985373155899014	6.124323234693365e-05	0.0001224727710965106	0.25130168671094955	0.0010786318085786247	0.0011963503150404264	6.140693503654976e-05
AF100467_GQ868592	0.00011691780563928863	0.0011164409217569037	0.008667300110050178	0.00044895450809350043	5.516392748618948e-05	0.00010948181695342673	0.9884410340103844	0.0005428527781746144	0.00044654274122022937	5.531138024124109e-05
EF105389.1	1.0	0.0	0.0	0.0	0.0	0.0	0.0	0.0	0.0	0.0
EF105389	1.0	0.0	0.0	0.0	0.0	0.0	0.0	0.0	0.0	0.0
AF276619_AF276619.1	0.0	0.0	0.0	1.0	0.0	0.0	0.0	0.0	0.0	0.0
KF041236_KF041236.2	3.7193418424351256e-12	9.780037119690118e-12	4.151906349456336e-12	3.694680839720173e-11	1.7546333983520138e-12	3.469205239216011e-12	1.3741911241095174e-11	1.0555228444790683e-11	0.9999999999141216	1.759336092142863e-12
DQ448231_KJ830750.1	3.07552926076523e-08	8.08685741492439e-08	3.433086367297447e-08	1.3389330955976535e-07	1.4508517827552949e-08	2.8686716267711178e-08	1.1362762451554943e-07	8.783730096819655e-08	0.9999986238148237	8.516769766544321e-07
JQ955623	0.0	0.0	0.0	0.0	0.0	0.0	0.0	0.0	1.0	0.0
GQ398263.1_GQ398263.2	1.1354040995707738e-12	2.9162593301312214e-12	1.2375942885558163e-12	4.399043740416453e-12	5.229720911814444e-13	1.0408255475767766e-12	4.095896821721796e-12	0.9999999999829426	1.1850949390852716e-12	5.243699917122947e-13
GQ398263	0.0	0.0	0.0	0.0	0.0	0.0	0.0	1.0	0.0	0.0
AY037116_FJ196854	1.9774541423013327e-05	4.9459263602943905e-05	2.0980136499956014e-05	0.0365467255081013	8.864632764079916e-06	0.0023538512897851114	6.942938228946743e-05	0.9609008123751612	2.1214542508528105e-05	8.888327864599726e-06
DQ645550_JN851131	0.00030014489322861327	0.0007829354797949005	0.0003323436015204278	0.05382988937922542	0.000140447744882586	0.0005367396301026113	0.0010999638010152038	0.9425286197885584	0.0003080925210309249	0.00014082316064107568
KF704355	0.0	1.0	0.0	0.0	0.0	0.0	0.0	0.0	0.0	0.0
M29095	0.0	0.0	0.0	0.0	0.0	1.0	0.0	0.0	0.0	0.0
M84727_M84727.2	1.1027825756323603e-09	2.9084959298445586e-09	1.2313592717393183e-09	4.239331651136132e-09	5.20323754563362e-10	1.076509975265057e-09	4.075182026337823e-09	0.9999999832005254	1.1237748219895277e-09	5.217145759742799e-10
M84728	0.0	0.0	0.0	0.0	0.0	0.0	0.0	1.0	0.0	0.0
AF100460_EU726767.1	2.729066689425043e-07	7.22013139064347e-07	3.047437107230793e-07	1.0505321584366981e-06	1.2875530933113014e-07	2.795139756479149e-07	1.0084474285272313e-06	0.9999958253370858	2.7865105235035816e-07	1.2909947128765678e-07
AJ487271	0.0	0.0	0.0	0.0	0.0	0.0	0.0	1.0	0.0	0.0
M20558.1	0.0	1.0	0.0	0.0	0.0	0.0	0.0	0.0	0.0	0.0
M20558	0.0	1.0	0.0	0.0	0.0	0.0	0.0	0.0	0.0	0.0
EU482551_EU482575	1.1866690937108376e-07	0.9999745785921884	1.324955661726988e-07	4.5566346453466245e-07	5.599418396660158e-08	1.1069287108933412e-07	2.4044486938721968e-05	3.2655356745837605e-07	1.2071045435228604e-07	5.6143855991189405e-08
EU482572_EU482572.1	5.266968612104399e-10	0.9999999919485226	5.880745552792503e-10	2.0224289192816802e-09	2.4852728822780234e-10	4.912930043348164e-10	1.9465219768279585e-09	1.4429781839829004e-09	5.357650040360855e-10	2.491915997644506e-10
AF208496_GQ398284	8.587134239645173e-09	0.9999996398257461	9.588619865281948e-09	3.298842773871957e-08	4.051869450965015e-09	8.028390738314923e-09	2.503074092272603e-07	3.382147341052644e-08	8.738229325082903e-09	4.062700066957419e-09
EU482449_FJ639701	2.3903069810476156e-06	4.065368171208257e-05	2.6729150006210184e-06	0.00029894051686693503	1.1257063537509467e-06	2.9318579283195746e-06	8.823982330454766e-06	0.9996387772936702	2.555023798226342e-06	1.1287153583842928e-06
AF119661	0.0	0.0	0.0	1.0	0.0	0.0	0.0	0.0	0.0	0.0
AF100465_JX966379	0.0001325128189874838	0.002848862228788527	0.7423905216478758	0.0005088565699504261	6.251228119850911e-05	0.00012491316429385493	0.25167085503212405	0.0010508867410978014	0.0011474001396375578	6.267937604603069e-05
FJ898449	0.0	0.0	1.0	0.0	0.0	0.0	0.0	0.0	0.0	0.0
AF100467_AF100468	1.2243935224108013e-06	5.018962185234634e-06	2.0349910934256748e-05	4.701489742916882e-06	5.777316099570331e-07	1.1430320804087379e-06	0.9999605820116314	3.849221338919431e-06	1.973971072207696e-06	5.792758821218201e-07
GQ868592	0.0	0.0	0.0	0.0	0.0	0.0	1.0	0.0	0.0	0.0
AF276619	0.0	0.0	0.0	1.0	0.0	0.0	0.0	0.0	0.0	0.0
AF276619.1	0.0	0.0	0.0	1.0	0.0	0.0	0.0	0.0	0.0	0.0
KF041236_KF041236.1	2.1494487668083193e-16	5.652964586099986e-16	2.3999056080395667e-16	8.920915559015775e-16	1.0142282621720316e-16	2.0049617110885637e-16	7.943205038476286e-16	5.899418245758888e-16	0.9999999999999962	1.0169396567377041e-16
KF041236.2	0.0	0.0	0.0	0.0	0.0	0.0	0.0	0.0	1.0	0.0
JQ955624_KJ830750.1	4.593495094694353e-08	1.2079165313017996e-07	5.1279852389561344e-08	1.9144054575501522e-07	2.1671366956379266e-08	4.2846074789676994e-08	1.6972541435792572e-07	1.2925592427038916e-07	0.9999978934427859	1.3336114316230176e-06
DQ448231	0.0	0.0	0.0	0.0	0.0	0.0	0.0	0.0	1.0	0.0
GQ398263.1	0.0	0.0	0.0	0.0	0.0	0.0	0.0	1.0	0.0	0.0
GQ398263.2	0.0	0.0	0.0	0.0	0.0	0.0	0.0	1.0	0.0	0.0
AY037116_AY037116.1	1.7658639333965104e-07	4.643638368600387e-07	1.9714058331552e-07	1.4745022308343106e-06	8.331391114281612e-08	0.9999752219146895	6.524956238827557e-07	2.146649543228852e-05	1.796506901614847e-07	8.353660858887003e-08
AY858035_KC131142	4.3156737976901297e-07	1.120812231652901e-06	4.7573306042774335e-07	0.001840707620508053	2.0104028076030973e-07	1.3423458276824873e-05	1.5745216906856222e-06	0.9981414185408136	4.4512809816110074e-07	2.0157765991828865e-07
FJ196853_FJ196854	0.0002641439556446709	0.0006942456737323424	0.0002947319184396672	0.8265867815790015	0.00012455688673927227	0.0006578471606226485	0.0009755017555551715	0.17000841580503942	0.0002688854388817358	0.0001248898263437819
DQ645550	0.0	0.0	0.0	1.0	0.0	0.0	0.0	0.0	0.0	0.0
JN851131	0.0	0.0	0.0	0.0	0.0	0.0	0.0	1.0	0.0	0.0
M84727.1_M84727.2	5.680526879700393e-12	1.4940485033051702e-11	6.342503433725332e-12	2.1812748208494105e-11	2.6804111646614934e-12	5.303288634676209e-12	2.0992380769066164e-11	0.9999999999137814	5.778521209003516e-12	2.6875758831614674e-12
M84727	0.0	0.0	0.0	0.0	0.0	0.0	0.0	1.0	0.0	0.0
AF100460_GQ868542.1	1.920141774374113e-08	5.054854198243869e-08	2.1439415967531412e-08	7.435715577594873e-08	9.060172404118283e-09	1.8197516847339894e-08	7.095795295704953e-08	0.999999707609408	1.9544028129089438e-08	9.084390175531988e-09
AF100462_EU726767.1	2.6383209361272785e-06	6.938978919653146e-06	2.9457749286191116e-06	1.0130860606208177e-05	1.2449176347214063e-06	2.4623537569621895e-06	9.749914506426477e-06	0.9999599568308195	2.6838026016475834e-06	1.2482452900176923e-06
EU482551_GQ868552.1	1.7070030683833117e-05	0.9905399307167613	1.9059256735211434e-05	6.554609643308953e-05	8.054668159161031e-06	1.5922605067146574e-05	0.009262210747039023	4.676575558057508e-05	1.7363925315310766e-05	8.076198225417172e-06
EU482561_EU482575	5.221876651921517e-08	0.9999991666202068	5.8303988787356836e-08	2.00511433314114e-07	2.4639957814571035e-08	4.8708688802169466e-08	2.2811212431410393e-07	1.4306119647843312e-07	5.311781692220521e-08	2.4705820232961647e-08
EU482572.1	0.0	1.0	0.0	0.0	0.0	0.0	0.0	0.0	0.0	0.0
EU482572	0.0	1.0	0.0	0.0	0.0	0.0	0.0	0.0	0.0	0.0
AF208496_JN819419.1	1.3578059223204974e-06	0.9979722388571557	1.523474685283869e-06	5.2137504802355775e-06	6.406945787636192e-07	1.266536141297709e-06	0.0020120152809471746	3.720009644211173e-06	1.3811832943597213e-06	6.424071504621866e-07
GQ398284	0.0	1.0	0.0	0.0	0.0	0.0	0.0	0.0	0.0	0.0
EU482449_FM210237	7.777818300591086e-07	7.511882011467424e-06	8.690646879906608e-07	4.907510029545674e-05	3.666568522787217e-07	8.371936416492603e-07	2.87279866507896e-06	0.999936511058718	8.108263748276776e-07	3.676369232629327e-07
FJ639701	0.0	0.0	0.0	0.0	0.0	0.0	0.0	1.0	0.0	0.0
AF100465_AF100465.1	7.198291306254037e-08	2.1086120978637868e-07	6.476781364281595e-06	2.7640273732978464e-07	3.3965740674853375e-08	6.715557901466758e-08	0.9999925437125872	2.0313278113644464e-07	8.194855651152541e-08	3.4056530839345337e-08
JX966379	0.0	0.0	1.0	0.0	0.0	0.0	0.0	0.0	0.0	0.0
AF100467_AF100467.1	0.0	0.0	0.0	0.0	0.0	0.0	1.0	0.0	0.0	0.0
AF100468	0.0	0.0	0.0	0.0	0.0	0.0	1.0	0.0	0.0	0.0
KF041236.1	0.0	0.0	0.0	0.0	0.0	0.0	0.0	0.0	1.0	0.0
KF041236	0.0	0.0	0.0	0.0	0.0	0.0	0.0	0.0	1.0	0.0
KJ010186_KJ830750.1	8.902851437859259e-05	0.0002341436040562465	9.940329397759832e-05	0.000341858444833663	4.200901210897563e-05	8.304412627873289e-05	0.00032900499916209457	0.0002439042044504949	0.9880577837436112	0.010479820057142451
JQ955624_JQ955624.3	0.0	0.0	0.0	0.0	0.0	0.0	0.0	0.0	1.0	0.0
AY037116.1	0.0	0.0	0.0	0.0	0.0	1.0	0.0	0.0	0.0	0.0
AY037116	0.0	0.0	0.0	0.0	0.0	1.0	0.0	0.0	0.0	0.0
AY858035_JN851128	5.3791312865478435e-08	1.404740446033183e-07	5.963006919203298e-08	0.00013987094921077755	2.5199662609802734e-08	9.63511524961123e-07	1.9735941684913246e-07	0.999858608670288	5.5147448966652774e-08	2.5267021116808944e-08
AY858036_KC131142	0.00012546590537232722	0.00032996482517035205	0.0001400831645021127	0.008899075739458456	5.9200802245505584e-05	0.00012487460838181668	0.0004636471895017907	0.9896706989775464	0.00012762974228513243	5.93590455361929e-05
FJ196853_FJ196853.2	1.529117073241444e-06	4.021336816850121e-06	1.7072163171740269e-06	0.9998963153166631	7.214897280223797e-07	1.6255444431317764e-06	5.650543259945719e-06	8.6150479782691e-05	1.5555376512295435e-06	7.234182645361123e-07
FJ196854	0.0	0.0	0.0	1.0	0.0	0.0	0.0	0.0	0.0	0.0
M84727.2	0.0	0.0	0.0	0.0	0.0	0.0	0.0	1.0	0.0	0.0
M84727.1	0.0	0.0	0.0	0.0	0.0	0.0	0.0	1.0	0.0	0.0
DQ181799_GQ868542.1	1.1876404968488634e-07	3.1234809548561906e-07	1.3260401358075804e-07	4.560405961472146e-07	5.60400265929586e-08	1.1078374889230872e-07	4.388927110933815e-07	0.9999981975280084	1.2080892897177915e-07	5.6189821154534836e-08
AF100460_EU687246	5.860903027652869e-09	1.541413368822473e-08	6.543893469240583e-09	2.0212132120392113e-07	2.7655266828964405e-09	5.467231602846953e-09	2.1658974828360345e-08	0.9999997314332743	5.9618223161502576e-09	2.7729189145240467e-09
AF100462_AF100462.2	2.8467882537716633e-09	7.487011392121895e-09	3.178533743624442e-09	1.093119780422778e-08	1.3432860753125148e-09	2.6554455967574237e-09	1.0520310130361124e-08	0.9999999567947484	2.895801991719337e-09	1.3468766686964947e-09
EU726767_EU726767.1	0.0	0.0	0.0	0.0	0.0	0.0	0.0	1.0	0.0	0.0
EU482551_GQ398282.1	1.4606623094915845e-06	0.9998013548889622	1.630878026442874e-06	5.608701792525103e-06	6.892284153934866e-07	1.3624783945683403e-06	0.00018171462610991918	4.001654757967974e-06	1.4858105138190753e-06	6.910707176653884e-07
EU569708_GQ868552.1	5.650225197391885e-07	0.0055717993926713534	6.308664267129193e-07	2.1695930609344944e-06	2.6661164147383134e-07	5.270423975551451e-07	0.9944216514551996	1.5479412862505546e-06	5.747505040434816e-07	2.6732429234810253e-07
EU482561_EU482744	2.370517391698873e-08	0.999999636692039	2.6467614725971735e-08	9.102394875327269e-08	1.1185528201933753e-08	2.2111741233048373e-08	8.85422415684624e-08	6.494297998270108e-08	2.4113305559226862e-08	1.1215427033088411e-08
EU482575	0.0	1.0	0.0	0.0	0.0	0.0	0.0	0.0	0.0	0.0
EU482545_JN819419.1	6.89597660011818e-05	0.9695976718275013	7.69979516722603e-05	0.000264794100397275	3.2539369258489984e-05	6.432437497808419e-05	0.02960301633849569	0.00018892287968063991	7.014704527207578e-05	3.2626346743126835e-05
AF208496_EU920828	3.0338651868174727e-07	0.9978183218651426	3.8576676501504845e-07	1.1649540808128837e-06	1.4315602459084206e-07	2.8299325769375453e-07	0.002178114563633824	8.311659756563244e-07	3.0860992151664297e-07	1.435386795473844e-07
FM210208_FM210237	1.8005466174171916e-06	4.808246055821599e-06	2.0103787550453044e-06	7.527911296401863e-06	8.496016648543169e-07	1.681004342430731e-06	6.65390274909867e-06	0.9999719847273997	1.8318084757562233e-06	8.518726435932569e-07
EU482449_FM210227	2.627893181190238e-06	6.989097190008969e-06	2.9341392811079506e-06	1.0746457619860156e-05	1.2399932691336322e-06	2.4528386732402326e-06	9.711361840198602e-06	0.9999593814939605	2.673417223188796e-06	1.2433077616387623e-06
AF100465.1	0.0	0.0	0.0	0.0	0.0	0.0	1.0	0.0	0.0	0.0
AF100465	0.0	0.0	0.0	0.0	0.0	0.0	1.0	0.0	0.0	0.0
AF100467	0.0	0.0	0.0	0.0	0.0	0.0	1.0	0.0	0.0	0.0
AF100467.1	0.0	0.0	0.0	0.0	0.0	0.0	1.0	0.0	0.0	0.0
KJ830750_KJ830750.1	0.0	0.0	0.0	0.0	0.0	0.0	0.0	0.0	0.0	1.0
KJ010186	0.0	0.0	0.0	0.0	0.0	0.0	0.0	0.0	1.0	0.0
JQ955624.3	0.0	0.0	0.0	0.0	0.0	0.0	0.0	0.0	1.0	0.0
JQ955624.1	0.0	0.0	0.0	0.0	0.0	0.0	0.0	0.0	1.0	0.0
JQ955624.2	0.0	0.0	0.0	0.0	0.0	0.0	0.0	0.0	1.0	0.0
JQ955624	0.0	0.0	0.0	0.0	0.0	0.0	0.0	0.0	1.0	0.0
JN851121_JN851128	3.6507918171532407e-07	9.592784910928129e-07	4.0724602842371705e-07	0.00012393634902281748	1.7210638121741332e-07	1.141853980691271e-06	1.3478991496975075e-06	0.9998711258793288	3.7174201526085054e-07	1.7256642025707844e-07
AY858035_JX470186	4.3325654626593136e-07	1.1394481090538118e-06	4.837410802252956e-07	2.938835620830542e-05	2.044347163426138e-07	4.131808938892e-07	1.6010860736251743e-06	0.9999656907950262	4.4072017733944596e-07	2.0498116877257079e-07
AY858036_AY858036.1	7.628485033672101e-11	2.0062686569417323e-10	8.517409512702088e-11	1.3793903156752255e-09	3.599558298437199e-11	7.216933443416795e-11	2.8190919564101813e-10	0.9999999977547591	7.759872204742066e-11	3.60917989018109e-11
KC131142	0.0	0.0	0.0	1.0	0.0	0.0	0.0	0.0	0.0	0.0
FJ196853.1_FJ196853.2	4.685427519397725e-09	1.2322438394774823e-08	5.231365234320788e-09	0.9999998723765209	2.2108369373110246e-09	4.520006273986588e-09	1.7314770754220976e-08	7.435572065083638e-08	4.76616685446669e-09	2.2167464875002913e-09
FJ196853	0.0	0.0	0.0	1.0	0.0	0.0	0.0	0.0	0.0	0.0
GQ868542_GQ868542.1	7.421530812792989e-10	1.951851061735383e-09	8.286385871503433e-10	2.849745147695309e-09	3.5019250438681463e-10	6.922664663379719e-10	2.7426278031995844e-09	0.9999999887364661	7.549307200549781e-10	3.5112856626706433e-10
DQ181799_FJ906957.1	2.9679820755727215e-07	7.805747824945743e-07	3.3138506630712107e-07	1.139657489037272e-06	1.4004726230032303e-07	2.7684845470758575e-07	1.096818210373971e-06	0.9999954955407143	3.019082054894037e-07	1.4042160755908927e-07
AF100460_FJ639828	1.0407007791566097e-07	2.7370269316592046e-07	1.161977017198378e-07	4.245525447841167e-07	4.910652817408628e-08	9.707465505603277e-08	3.8459112584600696e-07	0.9999983956050312	1.0586185258236996e-07	4.923778954752904e-08
DQ181798_EU687246	6.096315300024085e-07	1.603321465283446e-06	6.806738698254065e-07	4.2122657604214424e-05	2.8766085806005724e-07	5.686529812415005e-07	2.2528942151661463e-06	0.9999509659501504	6.201275526497195e-07	2.88429773328936e-07
AF100462_AF100462.1	7.881976467242693e-12	2.072947578462971e-11	8.800488753671364e-12	3.0265486673249126e-11	3.719191023230107e-12	7.352161229303711e-12	2.912785562031235e-11	0.9999999998803764	8.017680404006707e-12	3.729132392330251e-12
AF100462.2	0.0	0.0	0.0	0.0	0.0	0.0	0.0	1.0	0.0	0.0
EU726767	0.0	0.0	0.0	0.0	0.0	0.0	0.0	1.0	0.0	0.0
EU726767.1	0.0	0.0	0.0	0.0	0.0	0.0	0.0	1.0	0.0	0.0
EU482551_GQ398270.1	2.0704328493924123e-07	0.9999956740426751	2.3117071051409652e-07	7.950119838247989e-07	9.769548668474623e-08	1.9312608876199116e-07	1.926127358269141e-06	5.672178397141543e-07	2.1060794609374865e-07	9.795662597188821e-08
GQ398282_GQ398282.1	0.0	1.0	0.0	0.0	0.0	0.0	0.0	0.0	0.0	0.0
EU569708_GQ868595.1	3.287483187035892e-07	0.005412727173990237	3.670584266340456e-07	1.262339192010033e-06	1.5512324875449654e-07	3.0665025907243296e-07	0.9945834623181736	9.006421253617972e-07	3.3440837360196674e-07	1.5553789200950808e-07
EU687220_GQ868552.1	1.4777981248456263e-06	0.0026992242824506424	1.650010733824294e-06	5.674500475334113e-06	6.973141247803934e-07	1.3784623431049958e-06	0.9972836466223375	4.048590016803083e-06	1.503241353033582e-06	6.99178040091515e-07
EU482561_GQ398291.1	1.1141126893521207e-08	0.9999998296891824	1.2439438548564337e-08	4.27800853101413e-08	5.257054409673371e-09	1.0392233975049486e-08	4.1174490055588945e-08	3.0522338400937635e-08	1.1332943508286075e-08	5.271106475818849e-09
EU482744	0.0	1.0	0.0	0.0	0.0	0.0	0.0	0.0	0.0	0.0
EU920834_JN819419.1	1.564761942671074e-05	0.006148128840487539	1.7471100380349255e-05	6.008427157988025e-05	7.38348889607505e-06	1.4595805594009729e-05	0.9936705002557266	4.2868368747674495e-05	1.591702425590297e-05	7.403224905305073e-06
EU482545_EU482545.1	4.729831498119824e-10	0.9999999535557462	5.281041902942466e-10	1.8161770971131938e-09	2.2318192559705151e-10	4.411898012726712e-10	4.096192324531779e-08	1.2957892369584216e-09	4.811264936300322e-10	2.2377848917364183e-10
AF208496_FJ898460.1	1.1099128450736709e-09	0.9999972473624434	1.2407429557488307e-09	4.261881823573476e-09	5.237237015881351e-10	1.0353058618975943e-09	2.739771115285839e-06	3.040728060843869e-09	1.1290221979429414e-09	5.251236110285112e-10
EU482546_EU920828	1.9201682213059297e-06	0.9953978377914818	2.491241368946247e-06	7.3731285154258305e-06	9.060509687505123e-07	1.7910968710071774e-06	0.0045795583061146	5.260515891790614e-06	1.9532277302371233e-06	9.084728360457469e-07
FM210208_FM210234.1	7.780257297436408e-08	2.0482900179881016e-07	8.686918389845904e-08	3.0051492208841986e-07	3.67119246493834e-08	7.257705879449136e-08	2.875194655468805e-07	0.999998817222963	7.914285173983104e-08	3.681005534260151e-08
FM210237	0.0	0.0	0.0	0.0	0.0	0.0	0.0	1.0	0.0	0.0
EU482449_FM210218	9.20785777018688e-08	2.422824329635358e-07	1.0280880687267033e-07	3.545547184288152e-07	4.344820901631309e-08	8.58915632287719e-08	3.402764872412486e-07	0.9999986014305442	9.366431459233318e-08	4.356434574601472e-08
FM210227	0.0	0.0	0.0	0.0	0.0	0.0	0.0	1.0	0.0	0.0
KJ830750.1	0.0	0.0	0.0	0.0	0.0	0.0	0.0	0.0	0.0	1.0
KJ830750	0.0	0.0	0.0	0.0	0.0	0.0	0.0	0.0	0.0	1.0
JN851121	0.0	0.0	0.0	0.0	0.0	0.0	0.0	1.0	0.0	0.0
JN851128	0.0	0.0	0.0	0.0	0.0	0.0	0.0	1.0	0.0	0.0
EU179859_JX470186	1.3170621185211987e-06	3.4638473207188962e-06	1.4705412386436843e-06	9.809433893790025e-05	6.21468181503659e-07	1.2336332377255395e-06	4.867197026742974e-06	0.9998869690422174	1.3397403595678492e-06	6.231293611897183e-07
AY858035	0.0	0.0	0.0	0.0	0.0	0.0	0.0	1.0	0.0	0.0
AY858036	0.0	0.0	0.0	0.0	0.0	0.0	0.0	1.0	0.0	0.0
AY858036.1	0.0	0.0	0.0	0.0	0.0	0.0	0.0	1.0	0.0	0.0
FJ196853.1	0.0	0.0	0.0	1.0	0.0	0.0	0.0	0.0	0.0	0.0
FJ196853.2	0.0	0.0	0.0	1.0	0.0	0.0	0.0	0.0	0.0	0.0
GQ868542	0.0	0.0	0.0	0.0	0.0	0.0	0.0	1.0	0.0	0.0
GQ868542.1	0.0	0.0	0.0	0.0	0.0	0.0	0.0	1.0	0.0	0.0
EU482451_FJ906957.1	6.559988164170785e-07	1.7252666851003617e-06	7.324444863471717e-07	2.5189270136251118e-06	3.095397353867365e-07	6.119033853512869e-07	2.4242445907105084e-06	0.999990044015016	6.672931384893451e-07	3.1036713272702343e-07
DQ181799	0.0	0.0	0.0	0.0	0.0	0.0	0.0	1.0	0.0	0.0
AF100460_AF100464.1	1.0515286669750245e-06	2.765504039949102e-06	1.1740667133577503e-06	4.041328312660042e-06	4.961745313919622e-07	9.808462024048651e-07	3.885925735086794e-06	0.9999840374921756	1.0696328205185374e-06	4.975008021115483e-07
FJ639828	0.0	0.0	0.0	0.0	0.0	0.0	0.0	1.0	0.0	0.0
DQ181798_FJ196851.1	3.897555987685861e-05	0.00010250511628033293	4.3517508293324494e-05	0.0031384447238762777	1.839101563759689e-05	3.6355670544508516e-05	0.00014403423883910165	0.9964196893904588	3.9646601511884416e-05	1.8440174681442145e-05
EU687246	0.0	0.0	0.0	0.0	0.0	0.0	0.0	1.0	0.0	0.0
AF100462	0.0	0.0	0.0	0.0	0.0	0.0	0.0	1.0	0.0	0.0
AF100462.1	0.0	0.0	0.0	0.0	0.0	0.0	0.0	1.0	0.0	0.0
GQ398270_GQ398270.1	1.7117179951059062e-09	0.9999999737747898	1.9111900453239913e-09	6.5727141030764305e-09	8.076916025005385e-10	1.5966584057484733e-09	6.384760106270787e-09	4.6894390643188504e-09	1.741188618169652e-09	8.098505559636413e-10
EU482551_EU482729	1.0653496055049409e-09	0.9999999836329354	1.1894982506770696e-09	4.090766351020701e-09	5.026960822716236e-10	9.937381084744984e-10	4.018642685366233e-09	2.9186420169477268e-09	1.083691713694564e-09	5.04039785046728e-10
GQ398282	0.0	1.0	0.0	0.0	0.0	0.0	0.0	0.0	0.0	0.0
GQ398282.1	0.0	1.0	0.0	0.0	0.0	0.0	0.0	0.0	0.0	0.0
GQ868595_GQ868595.1	7.961227517950595e-13	2.5888783864528896e-11	8.888975184212483e-13	3.056979744012339e-12	3.756586441358978e-13	7.426083544670691e-13	0.9999999999648833	2.1810655381030183e-12	8.09829585278739e-13	3.76662776812517e-13
EU569708_KC294222.1	1.8292954286714705e-06	0.00557074676484141	2.042469158606143e-06	7.024192009006003e-06	8.631717142977773e-07	1.7063324282068672e-06	0.9944080499496745	5.011555398929888e-06	1.8607903806679474e-06	8.654789656744986e-07
EU687220_FJ898465.2	1.2026539478057747e-06	1.8872779966223516e-05	1.3428031133561488e-06	4.61799232493874e-06	5.674845372509879e-07	1.1218130208684665e-06	0.99996718730934	3.2948023076676066e-06	1.2233600227972111e-06	5.690014190696948e-07
GQ868552_GQ868552.1	0.0	0.0	0.0	0.0	0.0	0.0	1.0	0.0	0.0	0.0
EU482561_GQ398308.2	1.301443931197017e-08	0.9999998010553075	1.453105413954075e-08	4.997329528224066e-08	6.140995989751846e-09	1.2139624624437456e-08	4.8094880548323016e-08	3.565448294612365e-08	1.323850871851469e-08	6.157410824966088e-09
EU482587_GQ398291.1	3.5895346119059336e-10	0.9999999945128702	4.007834723497177e-10	1.378321945238481e-09	1.6937585345313413e-10	3.348250487051072e-10	1.3265156384090152e-09	9.833923502765134e-10	3.6513355755116033e-10	1.6982859381126897e-10
EU920834_EU920835.2	1.1629748249912757e-06	0.0001516396458567359	1.2985003725226179e-06	4.465631053484717e-06	5.487615382619318e-07	1.0848010801534257e-06	0.9998348803621474	3.1860970077081104e-06	1.182997745121918e-06	5.502283736478394e-07
EU920840_JN819419.1	1.4597377639753383e-08	2.205623676492227e-06	1.6298462056270347e-08	5.605151675406038e-08	6.887921592147449e-09	1.3616159774703884e-08	0.9999976251787361	3.999111608810312e-08	1.4848700471788598e-08	6.906332953772245e-09
EU482545.1	0.0	1.0	0.0	0.0	0.0	0.0	0.0	0.0	0.0	0.0
EU482545	0.0	1.0	0.0	0.0	0.0	0.0	0.0	0.0	0.0	0.0
EU677145_FJ898460.1	3.3595508688635223e-07	0.9999948177189211	3.751050483057212e-07	1.2900119902284897e-06	1.585238358603943e-07	3.133725969830677e-07	1.2882399481450517e-06	9.203857829706231e-07	3.4173922058122513e-07	1.5894756885867684e-07
EU920833	0.0	0.0	0.0	0.0	0.0	0.0	1.0	0.0	0.0	0.0
AF208496_AY702039.1	1.4175030194601845e-07	0.9999977896694932	1.5826894807342968e-07	5.442977239119213e-07	6.688632640485493e-08	1.32222020079087e-07	5.673087697913826e-07	3.8834048876163304e-07	1.4419081476975163e-07	6.706511304269904e-08
EU482726_EU920849.2	1.847151757457835e-07	0.9999969613353513	2.0624064650942874e-07	7.092757359254716e-07	8.715974052434569e-08	1.7229884762906186e-07	8.976389005344991e-07	5.06047469710681e-07	1.8789541415767266e-07	8.73927178427499e-08
EU482605_EU920828	1.7509186891664282e-05	0.02592941676540682	0.00014134118998630098	6.723238287235262e-05	8.261888500000234e-06	1.6332240771310843e-05	0.9737458433940991	4.796833670791606e-05	1.7810642299948668e-05	8.283972464639243e-06
EU482546_EU677142	5.232574406033779e-07	0.9999737438310764	5.856209974066208e-07	2.0092220618528348e-06	2.469043627101431e-07	4.88084715678393e-07	2.0189727524473207e-05	1.4335211286195867e-06	5.322663561202713e-07	2.4756433617932114e-07
FM210217_FM210234.1	2.8518256715096553e-07	7.500313809811967e-07	3.1841581740809193e-07	1.0951016725319761e-06	1.345663039762551e-07	2.660130596581164e-07	1.0538925947249537e-06	0.9999956717780334	2.9009257150254013e-07	1.3492599867542878e-07
FM210208_FM210243	2.8645813336838044e-07	7.533890254158175e-07	3.1984002983971213e-07	1.1000242986627377e-06	1.3516819272600257e-07	2.6720294364400227e-07	1.058606450757039e-06	0.9999956523913195	2.9139010964130547e-07	1.355294962691913e-07
EU482449_FM210241	7.514739487836878e-08	1.9763749972873746e-07	8.390456467733305e-08	2.885621723872126e-07	3.5459065018663396e-08	7.00960997787044e-08	2.777073080001361e-07	0.9999988594908386	7.644121011686976e-08	3.555384682768978e-08
FM210202_FM210218	4.738935385302404e-08	1.2463422397498814e-07	5.2911789086342336e-08	1.8197538158784943e-07	2.2361150119331136e-08	4.420391909166331e-08	1.751274265883788e-07	0.9999992807705752	4.820525910101295e-08	2.242092130221782e-08
EU179859_EU482640.2	9.840080635045334e-07	2.587923359162662e-06	1.0986766181404822e-06	4.6284665583913396e-05	4.643137803229346e-07	9.201954118265098e-07	3.636399604846377e-06	0.9999425573118778	1.0009508131304297e-06	4.6555488749910826e-07
JX470186	0.0	0.0	0.0	1.0	0.0	0.0	0.0	0.0	0.0	0.0
FJ906957_FJ906957.1	3.3440039598105983e-09	8.794678402571303e-09	3.733691588093052e-09	1.2840422342388331e-08	1.5779023909252257e-09	3.1192241052106323e-09	1.235777155092134e-08	0.9999999492486079	3.401577625868755e-09	1.5821201119226705e-09
EU482451_GQ868638	1.093496769900359e-07	2.875879496920632e-07	1.2209254954399263e-07	4.1988468093323883e-07	5.1597760900738025e-08	1.019993255186485e-07	4.041018921180418e-07	0.9999983404181342	1.1123234874075969e-07	5.173568132016559e-08
AF100464_AF100464.1	0.0	0.0	0.0	0.0	0.0	0.0	0.0	1.0	0.0	0.0
AF100460	0.0	0.0	0.0	0.0	0.0	0.0	0.0	1.0	0.0	0.0
FJ196851_FJ196851.1	0.0	0.0	0.0	1.0	0.0	0.0	0.0	0.0	0.0	0.0
DQ181798	0.0	0.0	0.0	0.0	0.0	0.0	0.0	1.0	0.0	0.0
GQ398270.1	0.0	1.0	0.0	0.0	0.0	0.0	0.0	0.0	0.0	0.0
GQ398270	0.0	1.0	0.0	0.0	0.0	0.0	0.0	0.0	0.0	0.0
EU482729	0.0	1.0	0.0	0.0	0.0	0.0	0.0	0.0	0.0	0.0
EU482551_EU677143	9.489404944432018e-08	0.9999985494042497	1.0595236083105063e-07	3.643774610441261e-07	4.477672553691182e-08	8.85153875424586e-08	3.5068286441021983e-07	2.5997264933919227e-07	9.652783887111768e-08	4.4896413381090264e-08
EU569719	0.0	1.0	0.0	0.0	0.0	0.0	0.0	0.0	0.0	0.0
GQ868595.1	0.0	0.0	0.0	0.0	0.0	0.0	1.0	0.0	0.0	0.0
GQ868595	0.0	0.0	0.0	0.0	0.0	0.0	1.0	0.0	0.0	0.0
JX669483_KC294222.1	2.613034278317331e-07	1.3622979518872382e-05	2.917539638590634e-07	1.0033619616090294e-06	1.2329868878386224e-07	2.4373893111494187e-07	0.9999833482635767	7.158693809401868e-07	2.658022850317612e-07	1.2362826523398481e-07
EU569708	0.0	1.0	0.0	0.0	0.0	0.0	0.0	0.0	0.0	0.0
FJ898465_FJ898465.2	3.928883627122839e-10	1.1276117880705438e-09	4.386729180193519e-10	1.5086263566282523e-09	1.8538838301064367e-10	3.664788876651926e-10	0.9999999943184359	1.0763607322817923e-09	3.9965271576360776e-10	1.8588392473756118e-10
EU687220_EU687220.1	0.0	0.0	0.0	0.0	0.0	0.0	1.0	0.0	0.0	0.0
GQ868552.1	0.0	0.0	0.0	0.0	0.0	0.0	1.0	0.0	0.0	0.0
GQ868552	0.0	0.0	0.0	0.0	0.0	0.0	1.0	0.0	0.0	0.0
EU482561_GQ398297.1	2.314673890596849e-10	0.9999999964616832	2.584410347106418e-10	8.887965055129077e-10	1.092202494399025e-10	2.1590843436479934e-10	8.553880794049502e-10	6.341302823711026e-10	2.354525596273717e-10	1.0951219432955991e-10
GQ398308_GQ398308.2	0.0	1.0	0.0	0.0	0.0	0.0	0.0	0.0	0.0	0.0
EU482588_GQ398291.1	1.1490838583247797e-10	0.9999999982434575	1.282990327584235e-10	4.4122920380677057e-10	5.4220694389582644e-11	1.0718438472592375e-10	4.2464417771836544e-10	3.148041175551069e-10	1.1688676178885173e-10	5.4365625890122953e-11
EU482587	0.0	1.0	0.0	0.0	0.0	0.0	0.0	0.0	0.0	0.0
EU920835_EU920835.2	4.5639621453865324e-10	2.2011376789532825e-09	5.095815479654207e-10	1.7524860078958782e-09	2.153552109342083e-10	4.257178193929981e-10	0.9999999925087932	1.2503474531953128e-09	4.642539813228862e-10	2.1593085376249113e-10
EU920834	0.0	0.0	0.0	0.0	0.0	0.0	1.0	0.0	0.0	0.0
JN819419_JN819419.1	8.204936209863952e-10	2.2122438169429442e-09	9.161084041671625e-10	3.1505598524736463e-09	3.8715828744616554e-10	7.653410436482659e-10	0.9999999882774496	2.247832205106182e-09	8.346200473595151e-10	3.881931585812165e-10
EU920840_FJ850088.1	7.347613856172909e-07	2.006308741282071e-06	8.203855133653477e-07	2.8213622427567043e-06	3.4670465736854134e-07	6.853716242482638e-07	0.9999894771033281	2.0129593496099576e-06	7.474117613792085e-07	3.47631396260443e-07
FJ850085	0.0	0.0	0.0	0.0	0.0	0.0	1.0	0.0	0.0	0.0
EU677145_EU677145.2	5.292085276834753e-10	0.9999999919095167	5.90878914405084e-10	2.0320732523207394e-09	2.497124438743665e-10	4.936357779331801e-10	1.9564496599904166e-09	1.4498247656239222e-09	5.383199029716343e-10	2.503799233229747e-10
FJ898460_FJ898460.1	1.5566481506811266e-11	0.9999999997620332	1.7380494094875496e-11	5.977271538159366e-11	7.345203140634027e-12	1.4520121665335702e-11	5.753614912805588e-11	4.264608225606656e-11	1.5834489385568595e-11	7.36483681233319e-12
AY702039_AY702039.1	2.765840098059171e-10	0.9999999957714905	3.088152418983048e-10	1.0620368700528237e-09	1.3050898731268486e-10	2.579923710641397e-10	1.022635753104314e-09	7.577322099239365e-10	2.8134595255668237e-10	1.308578368355132e-10
AF208496	0.0	1.0	0.0	0.0	0.0	0.0	0.0	0.0	0.0	0.0
EU920842_EU920849.2	2.7951828937992483e-08	0.9999965501066519	3.120914634464921e-08	1.0733040184929154e-07	1.3189355707130819e-08	2.6072941195524035e-08	3.125904889228781e-06	7.657709904294855e-08	2.843307515781302e-08	1.3224610753848956e-08
EU482726	0.0	1.0	0.0	0.0	0.0	0.0	0.0	0.0	0.0	0.0
EU482605_FJ898461.1	1.382656300880574e-06	0.0007260973491652143	0.0003461094344850638	5.309171600982298e-06	6.524204843079869e-07	1.2897158360055457e-06	0.9989133106877686	3.7879384859878373e-06	1.4064614736875236e-06	6.541643992622038e-07
EU920828	0.0	0.0	0.0	0.0	0.0	0.0	1.0	0.0	0.0	0.0
EU482546	0.0	1.0	0.0	0.0	0.0	0.0	0.0	0.0	0.0	0.0
EU677142	0.0	1.0	0.0	0.0	0.0	0.0	0.0	0.0	0.0	0.0
FM210234_FM210234.1	4.240631361934351e-09	1.115279473032419e-08	4.734805889773736e-09	1.6283325064581913e-08	2.0009851798634252e-09	3.9555813143607195e-09	1.567125943392718e-08	0.9999999356406409	4.313642249265719e-09	2.006333797913073e-09
FM210217_FM210217.1	0.0	0.0	0.0	0.0	0.0	0.0	0.0	1.0	0.0	0.0
FM210208_FM210235.1	5.305966546969842e-08	1.3954610938130657e-07	5.9242880396637595e-08	2.03740465076156e-07	2.503674457610532e-08	4.9493059970431275e-08	1.9608207176488554e-07	0.9999991947221427	5.397319298674581e-08	2.5103667602468427e-08
FM210243	0.0	0.0	0.0	0.0	0.0	0.0	0.0	1.0	0.0	0.0
FM210221_FM210241	6.211499311063697e-08	1.6336149010898445e-07	6.935345474123565e-08	2.3851150937105586e-07	2.930959332415521e-08	5.793969976823654e-08	2.2954604837535968e-07	0.9999990572908475	6.318442610344549e-08	2.938793764247352e-08
EU482449	0.0	0.0	0.0	0.0	0.0	0.0	0.0	1.0	0.0	0.0
FM210202_FM210220	8.171395760746317e-08	2.1490645243832028e-07	9.12363501423337e-08	3.137682129828238e-07	3.855756471201394e-08	7.622124565739702e-08	3.0197405049673927e-07	0.9999987598407114	8.312082564420755e-08	3.866062878697287e-08
FM210218	0.0	0.0	0.0	0.0	0.0	0.0	0.0	1.0	0.0	0.0
EU482640_EU482640.2	8.852217526624749e-08	2.328119433572128e-07	9.883795116666925e-08	3.523151487990548e-07	4.177009155106452e-08	8.25725032569883e-08	3.2713382780799426e-07	0.9999986441083557	9.00462605511351e-08	4.188174268564252e-08
EU179859_EU179859.1	0.0	0.0	0.0	0.0	0.0	0.0	0.0	1.0	0.0	0.0
FJ906957.1	0.0	0.0	0.0	0.0	0.0	0.0	0.0	1.0	0.0	0.0
FJ906957	0.0	0.0	0.0	0.0	0.0	0.0	0.0	1.0	0.0	0.0
FJ687442_GQ868638	1.7349128905504488e-07	4.562793917763131e-07	1.9370879171712352e-07	6.661778666771844e-07	8.186363505986664e-08	1.6182941686950353e-07	6.411373138262258e-07	0.9999973669515532	1.764782859780334e-07	8.208245592895517e-08
EU482451_FJ639704.1	8.486185410508987e-10	2.2318535637722534e-09	9.47510812278092e-10	3.258554895643128e-09	4.0042931796757267e-10	7.915754410018212e-10	3.1360710663685062e-09	0.9999999871206574	8.632291937513898e-10	4.014996624654945e-10
AF100464	0.0	0.0	0.0	0.0	0.0	0.0	0.0	1.0	0.0	0.0
AF100464.1	0.0	0.0	0.0	0.0	0.0	0.0	0.0	1.0	0.0	0.0
FJ196851	0.0	0.0	0.0	1.0	0.0	0.0	0.0	0.0	0.0	0.0
FJ196851.1	0.0	0.0	0.0	1.0	0.0	0.0	0.0	0.0	0.0	0.0
EU482551_EU482556	6.277945491258384e-11	0.9999999990403244	7.009534842938335e-11	2.410627275444052e-10	2.962312640717379e-11	5.855949676330584e-11	2.3200157315586037e-10	1.719911976911134e-10	6.386032784673412e-11	2.9702308797019985e-11
EU677143	0.0	1.0	0.0	0.0	0.0	0.0	0.0	0.0	0.0	0.0
JX669483_JX669483.2	1.2496514442011989e-10	3.4148973274168803e-10	1.3952773804508967e-10	4.79845494100592e-10	5.896607854914522e-11	1.1656514030562633e-10	0.9999999982100447	3.423557099754553e-10	1.2711666743834251e-10	5.912369442517408e-11
JX669484_KC294222.1	1.3969916889964403e-07	1.913347999041692e-06	1.5597876618952658e-07	5.36421712127455e-07	6.59184783469944e-08	1.3030876168658292e-07	0.9999964674048832	3.8272118498335235e-07	1.4210436739647018e-07	6.609467793439772e-08
FJ898465.1_FJ898465.2	1.091753930966515e-12	2.8773112007250996e-12	1.2189795578315444e-12	4.192154595362072e-12	5.151552326725814e-13	1.0183675674754084e-12	0.9999999999844681	2.990979555849646e-12	1.110550642030302e-12	5.16532238661217e-13
FJ898465	0.0	0.0	0.0	0.0	0.0	0.0	1.0	0.0	0.0	0.0
EU687220	0.0	0.0	0.0	0.0	0.0	0.0	1.0	0.0	0.0	0.0
EU687220.1	0.0	0.0	0.0	0.0	0.0	0.0	1.0	0.0	0.0	0.0
EU482561_GQ398302	5.1309014076797576e-08	0.9999992156668659	5.7288219916677806e-08	1.9701813114162385e-07	2.4210681853495516e-08	4.786008492654779e-08	1.8961253697206616e-07	1.405666678008975e-07	5.2192400603022876e-08	2.427539682053227e-08
GQ398296_GQ398297.1	1.027972108177671e-08	0.9999998428594663	1.1477650323459297e-08	3.947242940894192e-08	4.8505912875475076e-09	9.588730807780988e-09	3.798872437462832e-08	2.8162422614965573e-08	1.045670688554608e-08	4.863556880882794e-09
GQ398308	0.0	1.0	0.0	0.0	0.0	0.0	0.0	0.0	0.0	0.0
GQ398308.1	0.0	1.0	0.0	0.0	0.0	0.0	0.0	0.0	0.0	0.0
GQ398308.2	0.0	1.0	0.0	0.0	0.0	0.0	0.0	0.0	0.0	0.0
EU482588_EU482588.1	4.841105830711429e-10	0.9999999925996634	5.405255596114107e-10	1.8589046010472757e-09	2.2843251852593761e-10	4.515692619808686e-10	1.7890313716372738e-09	1.3262740033867254e-09	4.924455077229406e-10	2.290431168971848e-10
GQ398291_GQ398291.1	0.0	1.0	0.0	0.0	0.0	0.0	0.0	0.0	0.0	0.0
GQ398285	0.0	1.0	0.0	0.0	0.0	0.0	0.0	0.0	0.0	0.0
EU920835_EU920835.1	1.3191650348582114e-12	3.5370699323359275e-12	1.4728916154515825e-12	5.06537563645506e-12	6.224614825653043e-13	1.2304923751983978e-12	0.9999999999811725	3.6139972004154904e-12	1.3418770794887536e-12	6.241253173374771e-13
EU920835.2	0.0	0.0	0.0	0.0	0.0	0.0	1.0	0.0	0.0	0.0
JN819419.1	0.0	0.0	0.0	0.0	0.0	0.0	1.0	0.0	0.0	0.0
JN819419	0.0	0.0	0.0	0.0	0.0	0.0	1.0	0.0	0.0	0.0
EU920840_EU920840.1	0.0	0.0	0.0	0.0	0.0	0.0	1.0	0.0	0.0	0.0
FJ850088_FJ850088.1	0.0	0.0	0.0	0.0	0.0	0.0	1.0	0.0	0.0	0.0
EU677145.1_EU677145.2	2.9718003919233973e-12	0.9999999999545716	3.3181139311656812e-12	1.1411222177575638e-11	1.4022743394222972e-12	2.772039605542136e-12	1.0982350795346294e-11	8.141572898610376e-12	3.0229658347231143e-12	1.4060226079841387e-12
EU677145	0.0	1.0	0.0	0.0	0.0	0.0	0.0	0.0	0.0	0.0
FJ898460_FJ898460.2	9.885282490112657e-15	0.9999999999998492	1.1037246523352698e-14	3.795785042943804e-14	4.6644714131873085e-15	9.22080589565748e-15	3.653120961257089e-14	2.7081814860559932e-14	1.005547725056208e-14	4.676939509524906e-15
FJ898460.1	0.0	1.0	0.0	0.0	0.0	0.0	0.0	0.0	0.0	0.0
AY702039	0.0	1.0	0.0	0.0	0.0	0.0	0.0	0.0	0.0	0.0
AY702039.1	0.0	1.0	0.0	0.0	0.0	0.0	0.0	0.0	0.0	0.0
EU920842_FJ898451	1.3994037214625074e-07	0.9999551885257122	1.562480776731934e-07	5.373478927162907e-07	6.603229256016345e-08	1.305337515460264e-07	4.318943139364312e-05	3.8338198769466563e-07	1.4234972343575168e-07	6.620879637208624e-08
EU920849_EU920849.2	3.6718309172101403e-13	0.99999999999438	4.0997212842031225e-13	1.4099223658712102e-12	1.7325908859473425e-13	3.425014935398456e-13	1.3638139641129516e-12	1.005938324965681e-12	3.735048775070088e-13	1.7372220881064043e-13
EU482605_GQ868553	5.448785343730548e-07	0.0002815536938824541	0.00013420723250266405	2.0922434872902697e-06	2.5710649642886183e-07	5.08252465947477e-07	0.999578531784723	1.492754467756461e-06	5.542596999318983e-07	2.5779374012327807e-07
EU482634_FJ898461.1	3.5796733051210397e-09	1.0058974774122592e-08	0.9999990481159055	1.3745353664697156e-08	1.6891053762993204e-09	3.339052045240204e-09	9.043301032272632e-07	9.806907370383223e-09	3.6413044867551146e-09	1.693620342024378e-09
FM210234_FM210234.2	2.5625139592651552e-11	6.739371859382933e-11	2.8611320228884208e-11	9.839629970363402e-11	1.2091483597802091e-11	2.3902649061951392e-11	9.469774104704789e-11	0.9999999996110915	2.6066327237005792e-11	1.2123804040786402e-11
FM210234.1	0.0	0.0	0.0	0.0	0.0	0.0	0.0	1.0	0.0	0.0
FM210217.1	0.0	0.0	0.0	0.0	0.0	0.0	0.0	1.0	0.0	0.0
FM210217	0.0	0.0	0.0	0.0	0.0	0.0	0.0	1.0	0.0	0.0
FM210235_FM210235.1	0.0	0.0	0.0	0.0	0.0	0.0	0.0	1.0	0.0	0.0
FM210208_FM210236	3.004544833914465e-08	7.90190625163237e-08	3.3546741891708426e-08	1.153695601431369e-07	1.4177251384982644e-08	2.8025830076424303e-08	1.1103299851970476e-07	0.9999995440052195	3.056274037534022e-08	1.4215147069276165e-08
FM210221_FM210221.1	0.0	0.0	0.0	0.0	0.0	0.0	0.0	1.0	0.0	0.0
FM210241	0.0	0.0	0.0	0.0	0.0	0.0	0.0	1.0	0.0	0.0
FM210202	0.0	0.0	0.0	0.0	0.0	0.0	0.0	1.0	0.0	0.0
FM210220	0.0	0.0	0.0	0.0	0.0	0.0	0.0	1.0	0.0	0.0
EU482640_EU482640.1	1.1587971285496509e-09	3.0476184240656182e-09	1.2938355165267433e-09	4.4561122056653366e-09	5.467902494950236e-10	1.080904561073898e-09	4.282336492036876e-09	0.9999999824066056	1.1787481215096575e-09	5.48251815641166e-10
EU482640.2	0.0	0.0	0.0	0.0	0.0	0.0	0.0	1.0	0.0	0.0
EU179859	0.0	0.0	0.0	0.0	0.0	0.0	0.0	1.0	0.0	0.0
EU179859.1	0.0	0.0	0.0	0.0	0.0	0.0	0.0	1.0	0.0	0.0
GQ868623_GQ868638	3.8460016809256484e-07	1.0114924601122619e-06	4.2941887319642867e-07	1.4768010595747812e-06	1.8147751380591634e-07	3.587478153472989e-07	1.421290486750302e-06	0.999994162987198	3.9122182342136244e-07	1.819626018094236e-07
FJ687442_FJ687442.1	3.303109944164253e-11	8.687127777437301e-11	3.688032060156432e-11	1.2683396082811153e-10	1.5586061323568e-11	3.081078935034831e-11	1.220664765596532e-10	0.9999999994986926	3.35997953855849e-11	1.5627722746029838e-11
FJ639704_FJ639704.1	4.303505663885454e-10	1.1318152960408703e-09	4.805007138050354e-10	1.6524750251233526e-09	2.0306530608266517e-10	4.01422927844909e-10	1.5903611509302105e-09	0.9999999934686409	4.377599056389948e-10	2.0360809808947314e-10
FJ810411_FJ810411.2	1.7722618615605468e-10	4.661021130603267e-10	1.9787892849208752e-10	6.805192540546812e-10	8.362598436817239e-11	1.6531325875685876e-10	6.549396315552679e-10	0.9999999973102678	1.8027748674643874e-10	8.384951598345488e-11
EU482451_GU131932	1.8020697311791884e-08	4.739415364076427e-08	2.0120707622730703e-08	6.919649831750817e-08	8.503249911232094e-09	1.6809368086610575e-08	6.659551341561592e-08	0.9999997265028734	1.833095938727426e-08	8.525979033073458e-09
EU482552_EU482556	1.7783922436103197e-07	0.9999972814680086	1.9856340602758452e-07	6.828732194082596e-07	8.391525270068274e-08	1.6588508928374281e-07	6.572051151434157e-07	4.872100472503704e-07	1.8090107962100166e-07	8.4139557528001e-08
EU482551_EU482721	5.829160229827038e-08	0.9999991089278182	6.508451179281096e-08	2.2383011548158776e-07	2.7505487356696384e-08	5.437331211089012e-08	2.1541670201278518e-07	1.5969623356197653e-07	5.929520794123407e-08	2.7579009313590852e-08
EU529706_EU596490.1	2.1194528400426117e-07	0.9999967601071302	2.3664395542984244e-07	8.138348496874191e-07	1.0000854496435084e-07	1.9769858132612843e-07	7.832441087089322e-07	5.806473358463203e-07	2.155943427818498e-07	1.0027586703854619e-07
JX669483_JX669483.1	1.2932648953143894e-13	3.405455251727552e-13	1.4439732484899515e-13	4.965923382673813e-13	6.102402374344186e-14	1.2063332113461816e-13	0.9999999999981605	3.543040929340919e-13	1.3155310176306543e-13	6.118714049120237e-14
JX669483.2	0.0	0.0	0.0	0.0	0.0	0.0	1.0	0.0	0.0	0.0
JX669486_KC294222.1	9.467444194130673e-07	2.5416241881469996e-06	1.0570716175337674e-06	3.6353420454023696e-06	4.467310149572206e-07	8.831054178711036e-07	0.999986484701564	2.5937101051451454e-06	9.630445038901676e-07	4.4792512353632613e-07
JX669484	0.0	0.0	0.0	0.0	0.0	0.0	1.0	0.0	0.0	0.0
FJ898465.2	0.0	0.0	0.0	0.0	0.0	0.0	1.0	0.0	0.0	0.0
FJ898465.1	0.0	0.0	0.0	0.0	0.0	0.0	1.0	0.0	0.0	0.0
EU482561_EU482561.1	9.268852107529202e-11	0.9999999985831205	1.0348981508717335e-10	3.5590859674680425e-10	4.373602447059476e-11	8.645811209195755e-11	3.425305659345453e-10	2.539303626346401e-10	9.42843379532213e-11	4.385293052879916e-11
GQ398302	0.0	1.0	0.0	0.0	0.0	0.0	0.0	0.0	0.0	0.0
GQ398297_GQ398297.1	4.3513131304189206e-11	0.9999999993348383	4.8583857637306116e-11	1.6708323018719208e-10	2.0532115017417505e-11	4.0588231855740663e-11	1.6080284072178678e-10	1.1920899247562695e-10	4.426229623358075e-11	2.0586997203495018e-11
GQ398296	0.0	1.0	0.0	0.0	0.0	0.0	0.0	0.0	0.0	0.0
EU482588	0.0	1.0	0.0	0.0	0.0	0.0	0.0	0.0	0.0	0.0
EU482588.1	0.0	1.0	0.0	0.0	0.0	0.0	0.0	0.0	0.0	0.0
GQ398291.1	0.0	1.0	0.0	0.0	0.0	0.0	0.0	0.0	0.0	0.0
GQ398291	0.0	1.0	0.0	0.0	0.0	0.0	0.0	0.0	0.0	0.0
EU920835.1	0.0	0.0	0.0	0.0	0.0	0.0	1.0	0.0	0.0	0.0
EU920835	0.0	0.0	0.0	0.0	0.0	0.0	1.0	0.0	0.0	0.0
EU920840.1	0.0	0.0	0.0	0.0	0.0	0.0	1.0	0.0	0.0	0.0
EU920840	0.0	0.0	0.0	0.0	0.0	0.0	1.0	0.0	0.0	0.0
FJ850088.1	0.0	0.0	0.0	0.0	0.0	0.0	1.0	0.0	0.0	0.0
FJ850088.2	0.0	0.0	0.0	0.0	0.0	0.0	1.0	0.0	0.0	0.0
FJ850088	0.0	0.0	0.0	0.0	0.0	0.0	1.0	0.0	0.0	0.0
EU677145.1	0.0	1.0	0.0	0.0	0.0	0.0	0.0	0.0	0.0	0.0
EU677145.2	0.0	1.0	0.0	0.0	0.0	0.0	0.0	0.0	0.0	0.0
FJ898460	0.0	1.0	0.0	0.0	0.0	0.0	0.0	0.0	0.0	0.0
FJ898460.2	0.0	1.0	0.0	0.0	0.0	0.0	0.0	0.0	0.0	0.0
EU920842_FJ898453	2.0233777196745638e-05	0.9837302729943647	2.2591684885194603e-05	7.76943591874927e-05	9.547514237394918e-06	1.8873687449375644e-05	0.016035198155815274	5.543265035876983e-05	2.0582141835432648e-05	9.573034669776574e-06
FJ898451	0.0	1.0	0.0	0.0	0.0	0.0	0.0	0.0	0.0	0.0
EU920849_EU920849.1	3.991249297223348e-17	0.9999999999999994	4.456362524124601e-17	1.5325737428559517e-16	1.8833117079277395e-17	3.7229624027119135e-17	1.4752460192228833e-16	1.09344649116356e-16	4.0599665765438215e-17	1.888345785688787e-17
EU920849.2	0.0	1.0	0.0	0.0	0.0	0.0	0.0	0.0	0.0	0.0
EU482605_GU131947.1	1.5476701041901536e-06	7.276173162808121e-06	3.2569895353659578e-06	5.942797323973426e-06	7.302839312139196e-07	1.44363761334321e-06	0.9999732558841541	4.240011883218288e-06	1.5743163171740396e-06	7.32235974564948e-07
EU482607_GQ868553	4.734331925933961e-08	7.365949365324353e-06	3.5065424284294266e-06	1.8179051869049376e-07	2.2339428287604882e-08	4.416095926279695e-08	0.9999886316141986	1.2970221222086917e-07	4.815842847735007e-08	2.2399141408201836e-08
EU482634_KJ189308	1.649779803694652e-10	4.5954700840802835e-10	0.9999999617274921	6.334881688286041e-10	7.784654348608074e-11	1.5388836237770426e-10	3.6084911422262206e-08	4.519752596756796e-10	1.678184037844253e-10	7.805462670018072e-11
FJ898438_FJ898461.1	1.403716958603097e-09	3.72784548535799e-09	0.9999999264795004	5.390041044675782e-09	6.623581705590448e-10	1.30936082207746e-09	5.5089527127048706e-08	3.845636462846874e-09	1.4278847324372999e-09	6.641286488724453e-10
FM210234	0.0	0.0	0.0	0.0	0.0	0.0	0.0	1.0	0.0	0.0
FM210234.2	0.0	0.0	0.0	0.0	0.0	0.0	0.0	1.0	0.0	0.0
FM210235.1	0.0	0.0	0.0	0.0	0.0	0.0	0.0	1.0	0.0	0.0
FM210235	0.0	0.0	0.0	0.0	0.0	0.0	0.0	1.0	0.0	0.0
FM210235.2	0.0	0.0	0.0	0.0	0.0	0.0	0.0	1.0	0.0	0.0
FM210208	0.0	0.0	0.0	0.0	0.0	0.0	0.0	1.0	0.0	0.0
FM210236	0.0	0.0	0.0	0.0	0.0	0.0	0.0	1.0	0.0	0.0
FM210221.1	0.0	0.0	0.0	0.0	0.0	0.0	0.0	1.0	0.0	0.0
FM210221.2	0.0	0.0	0.0	0.0	0.0	0.0	0.0	1.0	0.0	0.0
FM210221	0.0	0.0	0.0	0.0	0.0	0.0	0.0	1.0	0.0	0.0
EU482640	0.0	0.0	0.0	0.0	0.0	0.0	0.0	1.0	0.0	0.0
EU482640.1	0.0	0.0	0.0	0.0	0.0	0.0	0.0	1.0	0.0	0.0
GQ868623	0.0	0.0	0.0	0.0	0.0	0.0	0.0	1.0	0.0	0.0
GQ868638	0.0	0.0	0.0	0.0	0.0	0.0	0.0	1.0	0.0	0.0
FJ687442	0.0	0.0	0.0	0.0	0.0	0.0	0.0	1.0	0.0	0.0
FJ687442.1	0.0	0.0	0.0	0.0	0.0	0.0	0.0	1.0	0.0	0.0
FJ639704.1	0.0	0.0	0.0	0.0	0.0	0.0	0.0	1.0	0.0	0.0
FJ639704	0.0	0.0	0.0	0.0	0.0	0.0	0.0	1.0	0.0	0.0
FJ810411.1_FJ810411.2	3.0230765613259514e-13	7.950644336139113e-13	3.3753654788800925e-13	1.1608114190598375e-12	1.4264695231811016e-13	2.8198690535732583e-13	1.1171783877890239e-12	0.999999999995412	3.07512482516563e-13	1.430282465283691e-13
FJ810411	0.0	0.0	0.0	0.0	0.0	0.0	0.0	1.0	0.0	0.0
FJ639718_GU131932	5.080662584111964e-09	1.3362063572907413e-08	5.672728675031466e-09	1.9508904337640867e-08	2.3973624838080413e-09	4.739146661340587e-09	1.8775596050827985e-08	0.9999999228916288	5.168136275662221e-09	2.4037706153531836e-09
EU482451_EU687249	3.4995767687082924e-08	9.20383247019413e-08	3.907393801038138e-08	1.3437796207223172e-07	1.6513110082813844e-08	3.264339500007919e-08	1.2932691094977227e-07	0.9999994688750526	3.5598289294756165e-08	1.6557249499503975e-08
EU482552_EU482552.1	2.3954504047753917e-10	0.9999999963382048	2.6746000104945446e-10	9.198133514803065e-10	1.1303177168643003e-10	2.2344311593725943e-10	8.852390493417589e-10	6.562598937831788e-10	2.4366928384860116e-10	1.1333390474583978e-10
EU482556	0.0	1.0	0.0	0.0	0.0	0.0	0.0	0.0	0.0	0.0
EU482551_EU596489	1.8789788256016698e-07	0.9999971277067436	2.097942322936328e-07	7.214968038961578e-07	8.866153321131209e-08	1.7526761678538535e-07	6.943769013096667e-07	5.147668438686857e-07	1.911329175875693e-07	8.889852481005839e-08
EU482721	0.0	1.0	0.0	0.0	0.0	0.0	0.0	0.0	0.0	0.0
EU596490_EU596490.1	3.242603204450864e-09	0.9999999504320795	3.620474273800343e-09	1.2451060205883879e-08	1.5300554098073372e-09	3.0246393843356537e-09	1.1983044910377818e-08	8.883466884940369e-09	3.298431055214464e-09	1.5341452361909669e-09
EU529706	0.0	1.0	0.0	0.0	0.0	0.0	0.0	0.0	0.0	0.0
JX669483.1	0.0	0.0	0.0	0.0	0.0	0.0	1.0	0.0	0.0	0.0
JX669483	0.0	0.0	0.0	0.0	0.0	0.0	1.0	0.0	0.0	0.0
KC294222_KC294222.1	0.0	0.0	0.0	0.0	0.0	0.0	1.0	0.0	0.0	0.0
JX669486	0.0	0.0	0.0	0.0	0.0	0.0	1.0	0.0	0.0	0.0
EU482561	0.0	1.0	0.0	0.0	0.0	0.0	0.0	0.0	0.0	0.0
EU482561.1	0.0	1.0	0.0	0.0	0.0	0.0	0.0	0.0	0.0	0.0
GQ398297	0.0	1.0	0.0	0.0	0.0	0.0	0.0	0.0	0.0	0.0
GQ398297.1	0.0	1.0	0.0	0.0	0.0	0.0	0.0	0.0	0.0	0.0
EU920842_JX286525.2	4.645772547708362e-06	0.007440026817151311	5.187159492046033e-06	1.783899849816974e-05	2.1921551824776497e-06	4.3334894011010435e-06	0.9925061242310912	1.2727603095526287e-05	4.725758744020969e-06	2.1980147964791033e-06
FJ898453	0.0	1.0	0.0	0.0	0.0	0.0	0.0	0.0	0.0	0.0
EU920849.1	0.0	1.0	0.0	0.0	0.0	0.0	0.0	0.0	0.0	0.0
EU920849	0.0	1.0	0.0	0.0	0.0	0.0	0.0	0.0	0.0	0.0
EU482605_JN819407	8.894173443507949e-10	2.4642388284498653e-09	1.0527212480677614e-09	3.4152155550418395e-09	4.196806496189444e-10	8.296317986554957e-10	0.9999999871669051	2.436656299663349e-09	9.047304294358951e-10	4.208024527788223e-10
GU131947_GU131947.1	0.0	0.0	0.0	0.0	0.0	0.0	1.0	0.0	0.0	0.0
FJ898466_GQ868553	6.218856305484545e-07	2.5888221539668338e-06	1.1490033715812643e-06	2.38793800502772e-06	2.9344308054591286e-07	5.800832393329599e-07	0.9999897482805945	1.7037238468242626e-06	6.325926261273883e-07	2.942274516511798e-07
EU482607_KJ189305	2.0886121177854113e-06	5.9243346651310055e-06	2.537714407753187e-06	8.019925222299542e-06	9.855329401452066e-07	1.9482181666209457e-06	0.9999696609416773	5.721981819536402e-06	2.1245717213085082e-06	9.881672621408067e-07
EU482634_JF357906	4.378768672766563e-08	1.1516105980131896e-07	0.9999992641981624	1.681374776211256e-07	2.066166679557076e-08	4.084433199956643e-08	1.6198997332802216e-07	1.199611671509575e-07	4.4541578673667525e-08	2.0716895272558354e-08
EU482639_KJ189308	3.261326042107627e-12	8.57817363639195e-12	0.9999999999439135	1.2522952807041302e-11	1.5388899718050418e-12	3.0421036957523087e-12	1.3347597304091189e-11	8.93476015082245e-12	3.317476243686505e-12	1.543003412905181e-12
FJ898438_GQ868515.1	7.6806908828019e-10	2.0200272090614266e-09	0.9999999870723593	2.9492583142236578e-09	3.624212367445411e-10	7.164404238897507e-10	2.8625320962017383e-09	2.1042094517509444e-09	7.812929222595632e-10	3.633899859326585e-10
FJ898461_FJ898461.1	3.3064048331153607e-14	8.695796240459596e-14	0.9999999999994446	1.2696047911639764e-13	1.5601608593296956e-14	3.084152345581887e-14	1.222291148070453e-13	9.058258439660462e-14	3.363331155563276e-14	1.5643311573491614e-14
FJ810411.1	0.0	0.0	0.0	0.0	0.0	0.0	0.0	1.0	0.0	0.0
FJ810411.2	0.0	0.0	0.0	0.0	0.0	0.0	0.0	1.0	0.0	0.0
FJ639718_GQ868631.1	2.999030816265837e-09	7.887404400632292e-09	3.348517605151661e-09	1.1515782505047746e-08	1.4151232930097454e-09	2.7974396340763903e-09	1.108292279166071e-08	0.999999954484208	3.0506650848732678e-09	1.418905906726048e-09
GU131932	0.0	0.0	0.0	0.0	0.0	0.0	0.0	1.0	0.0	0.0
EU482451_EU660413	9.762477720132608e-13	2.5675164560904334e-12	1.0900130915116019e-12	3.748630041601288e-12	4.606524729362349e-13	9.10625591206526e-13	3.607725077071929e-12	0.9999999999851837	9.930558152698157e-13	4.618837934658202e-13
EU687249	0.0	0.0	0.0	0.0	0.0	0.0	0.0	1.0	0.0	0.0
EU482552	0.0	1.0	0.0	0.0	0.0	0.0	0.0	0.0	0.0	0.0
EU482552.1	0.0	1.0	0.0	0.0	0.0	0.0	0.0	0.0	0.0	0.0
EU482551_EU482551.1	3.473776451068349e-11	0.9999999994689824	3.878586888695894e-11	1.3338727253049276e-10	1.6391368651344347e-11	3.2402734481533384e-11	1.28373459831988e-10	9.51679133185134e-11	3.533584408153619e-11	1.643518265412122e-11
EU596489	0.0	1.0	0.0	0.0	0.0	0.0	0.0	0.0	0.0	0.0
EU596490	0.0	1.0	0.0	0.0	0.0	0.0	0.0	0.0	0.0	0.0
EU596490.1	0.0	1.0	0.0	0.0	0.0	0.0	0.0	0.0	0.0	0.0
KC294222.1	0.0	0.0	0.0	0.0	0.0	0.0	1.0	0.0	0.0	0.0
KC294222	0.0	0.0	0.0	0.0	0.0	0.0	1.0	0.0	0.0	0.0
EU920846_JX286525.2	9.137222985867398e-08	0.0038668301324542164	1.0202013218546926e-07	3.508542560972634e-07	4.311491902849075e-08	8.52303003604533e-08	0.9961321107759207	2.5032423857428204e-07	9.294538417045825e-08	4.3230164876608734e-08
EU920842	0.0	0.0	0.0	0.0	0.0	0.0	1.0	0.0	0.0	0.0
EU482605_HQ332189	7.992116376685998e-08	2.1019360497625008e-07	8.923567943479822e-08	3.0688405550811145e-07	3.7711616645457274e-08	7.45489609210825e-08	0.9999988634425461	2.1895278791875235e-07	8.129716524539585e-08	3.781241950771789e-08
FJ639732_FJ639732.1	5.017897759949725e-10	1.3197004743441606e-09	5.602655233785183e-10	1.9267897789758883e-09	2.3677462610697107e-10	4.680600811866489e-10	0.9999999928640749	1.3747080901339837e-09	5.104290830463241e-10	2.3740752286784607e-10
HQ332188_JN819407	3.0340202615212767e-07	7.979466284778831e-07	3.387603650635612e-07	1.1650136190027753e-06	1.4316334197886737e-07	2.8300771316309456e-07	0.9999956853314902	8.312031050998363e-07	3.086256942883169e-07	1.4354601649473179e-07
GU131947.1	0.0	0.0	0.0	0.0	0.0	0.0	1.0	0.0	0.0	0.0
GU131947	0.0	0.0	0.0	0.0	0.0	0.0	1.0	0.0	0.0	0.0
FJ898466_FJ898466.1	0.0	0.0	0.0	0.0	0.0	0.0	1.0	0.0	0.0	0.0
GQ868553	0.0	0.0	0.0	0.0	0.0	0.0	1.0	0.0	0.0	0.0
KJ189305	0.0	0.0	0.0	0.0	0.0	0.0	1.0	0.0	0.0	0.0
EU482607	0.0	0.0	0.0	0.0	0.0	0.0	1.0	0.0	0.0	0.0
EU482687_JF357906	6.242943354988501e-09	1.6418843971480443e-08	0.9999998951190453	2.3971870338063246e-08	2.945796525553785e-09	5.823300340836047e-09	2.307087407239587e-08	1.7103227580381934e-08	6.35042801714806e-09	2.9536706170891565e-09
EU482634_EU482693	3.1098511659191916e-08	8.178860228272266e-08	0.9999994775473613	1.194131432580122e-07	1.4674150058135548e-08	2.9008107754134793e-08	1.1492503417920698e-07	8.519778125061978e-08	3.163393426825381e-08	1.471337394877403e-08
EU482639_FJ744704.1	4.805936406869599e-10	1.2639538003542448e-09	0.9999999919260695	1.8454001237476846e-09	2.2677301337479438e-10	4.4828872416081164e-10	1.776035026145915e-09	1.3166389542498935e-09	4.888680141944491e-10	2.2737917590149156e-10
GU369819_KJ189308	7.800138224074729e-08	2.0514242210654234e-07	0.9999986895837547	2.995124118450932e-07	3.680574814275394e-08	7.275822476032434e-08	2.8825425959304233e-07	2.1369333600982517e-07	7.934433086952608e-08	3.690412962544966e-08
GQ199898	0.0	0.0	1.0	0.0	0.0	0.0	0.0	0.0	0.0	0.0
FJ898439_GQ868515.1	2.5731014646131404e-09	6.767231215112346e-09	0.9999999567522236	9.880284213551139e-09	1.214144182214626e-09	2.400140732322092e-09	9.528788970192225e-09	7.049293487746805e-09	2.6174025139579532e-09	1.2173895803081346e-09
FJ898438	0.0	0.0	1.0	0.0	0.0	0.0	0.0	0.0	0.0	0.0
FJ898461.1	0.0	0.0	1.0	0.0	0.0	0.0	0.0	0.0	0.0	0.0
FJ898461	0.0	0.0	1.0	0.0	0.0	0.0	0.0	0.0	0.0	0.0
GQ868631_GQ868631.1	0.0	0.0	0.0	0.0	0.0	0.0	0.0	1.0	0.0	0.0
FJ639718	0.0	0.0	0.0	0.0	0.0	0.0	0.0	1.0	0.0	0.0
EU482451_FJ410221.2	4.9108198217733375e-08	1.2915379749647063e-07	5.483093584683642e-08	1.8856736210344516e-07	2.3172204433091803e-08	4.580720521685684e-08	1.8147941872847537e-07	0.999999254693041	4.9953693330303955e-08	2.3234143557943002e-08
EU482464_EU482649.2	2.168616720026614e-09	5.7034282435684365e-09	2.421332660688367e-09	8.327129667754252e-09	1.0232839280861956e-09	2.0228449573842078e-09	8.014126277863827e-09	0.9999999670872646	2.205953761587208e-09	1.026019158183227e-09
EU482468_EU660413	7.1603205387306725e-12	1.8831531647094604e-11	7.994735916826064e-12	2.7494447053771013e-11	3.3786703106940292e-12	6.679012552687577e-12	2.6460975080310797e-11	0.999999999891329	7.283599670111011e-12	3.3877014705394114e-12
EU482551.1	0.0	1.0	0.0	0.0	0.0	0.0	0.0	0.0	0.0	0.0
EU482551	0.0	1.0	0.0	0.0	0.0	0.0	0.0	0.0	0.0	0.0
EU920846_EU920850	1.0721916778530937e-05	0.007427691749688938	1.197137651909322e-05	4.1170387776315473e-05	5.059245839261895e-06	1.0001202650820778e-05	0.9924480309695304	2.9373866193195334e-05	1.0906515858982699e-05	5.072769164614724e-06
HM181971_JX286525.2	4.432035254044265e-09	1.1654404840779072e-05	4.948514698257952e-09	1.7018282627661298e-08	2.091301059469493e-09	4.134119266811911e-09	0.9999882942236274	1.2142046352803174e-08	4.508341538575833e-09	2.096891091173121e-09
EU482605_FJ850106.1	1.9311774574007775e-09	5.078967390563559e-09	2.15622417144607e-09	7.415402155076479e-09	9.112457891666202e-10	1.8013660714878545e-09	0.9999999725368366	5.290672311744799e-09	1.9644265107360158e-09	9.136815421770122e-10
HQ332189	0.0	0.0	0.0	0.0	0.0	0.0	1.0	0.0	0.0	0.0
FJ639732	0.0	0.0	0.0	0.0	0.0	0.0	1.0	0.0	0.0	0.0
FJ639732.1	0.0	0.0	0.0	0.0	0.0	0.0	1.0	0.0	0.0	0.0
HQ332188	0.0	0.0	0.0	0.0	0.0	0.0	1.0	0.0	0.0	0.0
JN819407	0.0	0.0	0.0	0.0	0.0	0.0	1.0	0.0	0.0	0.0
FJ898466.1	0.0	0.0	0.0	0.0	0.0	0.0	1.0	0.0	0.0	0.0
FJ898466	0.0	0.0	0.0	0.0	0.0	0.0	1.0	0.0	0.0	0.0
HQ705625_JF357906	9.197200418963497e-09	2.4188494052263266e-08	0.9999998454878584	3.531572903675338e-08	4.339792866670081e-09	8.578975859470412e-09	3.398826941136736e-08	2.5196738609236752e-08	9.355548480708465e-09	4.351393099741268e-09
EU482687	0.0	0.0	1.0	0.0	0.0	0.0	0.0	0.0	0.0	0.0
EU482634_EU482634.1	2.82873466703428e-11	7.439528177004887e-11	0.9999999995247753	1.0861873447040942e-10	1.3347673172790582e-11	2.638590583640785e-11	1.0453593273135891e-10	7.749628664521549e-11	2.8774369493931722e-11	1.3383351400881039e-11
EU482693	0.0	0.0	1.0	0.0	0.0	0.0	0.0	0.0	0.0	0.0
EU482639_FJ850066.1	1.2708731404623339e-09	3.342376592634978e-09	0.9999999786494455	4.879942746068124e-09	5.996744594201862e-10	1.1854466028592253e-09	4.6965136285448294e-09	3.4816962626696853e-09	1.2927537442709695e-09	6.012773846541384e-10
FJ744704_FJ744704.1	3.203839310283936e-11	8.42604755436181e-11	0.9999999994617579	1.2302213261112954e-10	1.5117642707947394e-11	2.9884811517074455e-11	1.1839792882581074e-10	8.77726894814361e-11	3.258999763662746e-11	1.515805205103977e-11
GU369819_GU369819.1	0.0	0.0	1.0	0.0	0.0	0.0	0.0	0.0	0.0	0.0
KJ189308	0.0	0.0	1.0	0.0	0.0	0.0	0.0	0.0	0.0	0.0
FJ898439_FJ898439.1	1.4921921812507253e-10	3.924442227737382e-10	0.9999999974931305	5.729771272044493e-10	7.041061071737062e-11	1.3918888485071386e-10	5.514398701307592e-10	4.08802403263912e-10	1.5178832316669865e-10	7.059881774017095e-11
GQ868515_GQ868515.1	0.0	0.0	1.0	0.0	0.0	0.0	0.0	0.0	0.0	0.0
GQ868631.1	0.0	0.0	0.0	0.0	0.0	0.0	0.0	1.0	0.0	0.0
GQ868631.2	0.0	0.0	0.0	0.0	0.0	0.0	0.0	1.0	0.0	0.0
GQ868631	0.0	0.0	0.0	0.0	0.0	0.0	0.0	1.0	0.0	0.0
FJ410221_FJ410221.2	4.799818904950229e-10	1.2623449064881736e-09	5.35915737097279e-10	1.8430511041512337e-09	2.2648435280437998e-10	4.4771809506830694e-10	1.7737737821498088e-09	0.9999999927153947	4.882457315086274e-10	2.2708974374358473e-10
EU482451_EU482661.1	1.0399414145215711e-08	2.735029745212907e-08	1.1611291607825647e-08	3.993203098370754e-08	4.907069680888969e-09	9.700378249938716e-09	3.843105026624496e-08	0.9999998421698207	1.0578460702664084e-08	4.920186240536792e-09
EU482464_FJ410217.1	5.0559196224666935e-09	1.3296989968625956e-08	5.645102335807669e-09	1.9413895455673978e-08	2.3856872648765247e-09	4.716066891304382e-09	1.868415839968274e-08	0.9999999232671486	5.142967314817208e-09	2.392064188650945e-09
EU482649_EU482649.2	3.164129327687764e-12	8.321610917772566e-12	3.5328555816346774e-12	1.2149733493190419e-11	1.493026710302839e-12	2.9514404255566772e-12	1.1693044583401959e-11	0.9999999999519784	3.2186060948914767e-12	1.4970175592564912e-12
EU482468	0.0	0.0	0.0	0.0	0.0	0.0	0.0	1.0	0.0	0.0
EU660413	0.0	0.0	0.0	0.0	0.0	0.0	0.0	1.0	0.0	0.0
EU482469_FJ432726	2.50897438879762e-09	6.598563618601348e-09	2.801353312609227e-09	9.63404684454146e-09	1.183885167133168e-09	2.3403242000841463e-09	9.271918543311603e-09	0.999999961921713	2.5521713632393974e-09	1.1870496831112775e-09
FM210211_FM210211.1	0.0	0.0	0.0	0.0	0.0	0.0	0.0	1.0	0.0	0.0
EU920846_EU920846.1	1.7393161776301851e-09	2.167947781398737e-07	1.942004333577181e-09	6.6786865611602836e-09	8.207140865387407e-10	1.622401472203357e-09	0.9999997630448821	4.765047306808996e-09	1.7692619581876611e-09	8.229078490018695e-10
EU920850	0.0	1.0	0.0	0.0	0.0	0.0	0.0	0.0	0.0	0.0
JX286520_JX286525.2	6.248412346835387e-08	1.9580823656362738e-07	6.976560105399953e-08	2.399287036256751e-07	2.9483771251627768e-08	5.828401713742236e-08	0.9999990799409492	1.711821048297672e-07	6.355991168545594e-08	2.9562581146211244e-08
HM181971_HM181971.1	1.4584461216957707e-08	4.03511188213532e-08	1.6284035789749485e-08	5.600191982585535e-08	6.881826846251607e-09	1.36041115778755e-08	0.9999997906010123	3.9955730037429e-08	1.4835561667105364e-08	6.9002219166673355e-09
JX567950	0.0	0.0	0.0	0.0	0.0	0.0	1.0	0.0	0.0	0.0
FJ850106_FJ850106.1	2.623049121407946e-09	6.898578391119744e-09	2.9287215438514655e-09	1.0072074957802953e-08	1.2377124937432127e-09	2.446730968737538e-09	0.9999999626977709	7.186130568061773e-09	2.6682101188110668e-09	1.2410208897528032e-09
EU482605_EU482605.1	0.0	0.0	0.0	0.0	0.0	0.0	1.0	0.0	0.0	0.0
GQ868641	0.0	0.0	0.0	0.0	0.0	0.0	1.0	0.0	0.0	0.0
HQ705625_HQ705625.1	0.0	0.0	1.0	0.0	0.0	0.0	0.0	0.0	0.0	0.0
JF357906	0.0	0.0	1.0	0.0	0.0	0.0	0.0	0.0	0.0	0.0
EU482634	0.0	0.0	1.0	0.0	0.0	0.0	0.0	0.0	0.0	0.0
EU482634.1	0.0	0.0	1.0	0.0	0.0	0.0	0.0	0.0	0.0	0.0
FJ850066_FJ850066.1	4.164123383702007e-11	1.0951579731442068e-10	0.999999999300431	1.5989545339385129e-10	1.964884109653953e-11	3.884216104606947e-11	1.5388524087948595e-10	1.1408072419452012e-10	4.235817033577957e-11	1.97013622981962e-11
EU482639_FJ906956.1	3.309398315302337e-09	8.703666095722776e-09	0.9999999444024058	1.2707542388325697e-08	1.5615733644453564e-09	3.0869446095587465e-09	1.2229886340766653e-08	9.066459412213058e-09	3.3663761764881915e-09	1.5657474380801703e-09
FJ744704.1	0.0	0.0	1.0	0.0	0.0	0.0	0.0	0.0	0.0	0.0
FJ744704	0.0	0.0	1.0	0.0	0.0	0.0	0.0	0.0	0.0	0.0
GU369819.1	0.0	0.0	1.0	0.0	0.0	0.0	0.0	0.0	0.0	0.0
GU369819	0.0	0.0	1.0	0.0	0.0	0.0	0.0	0.0	0.0	0.0
FJ898439	0.0	0.0	1.0	0.0	0.0	0.0	0.0	0.0	0.0	0.0
FJ898439.1	0.0	0.0	1.0	0.0	0.0	0.0	0.0	0.0	0.0	0.0
GQ868515	0.0	0.0	1.0	0.0	0.0	0.0	0.0	0.0	0.0	0.0
GQ868515.1	0.0	0.0	1.0	0.0	0.0	0.0	0.0	0.0	0.0	0.0
FJ410221.1_FJ410221.2	2.2617115381600333e-12	5.948266167286694e-12	2.5252761199477453e-12	8.684598378031221e-12	1.0672116679695557e-12	2.1096820557431456e-12	8.358158315174152e-12	0.9999999999656745	2.3006513918089158e-12	1.070064316578621e-12
FJ410221_FJ410221.3	2.2617115381600333e-12	5.948266167286694e-12	2.5252761199477453e-12	8.684598378031221e-12	1.0672116679695557e-12	2.1096820557431456e-12	8.358158315174152e-12	0.9999999999656745	2.3006513918089158e-12	1.070064316578621e-12
EU482661_EU482661.1	1.8346501023848598e-09	4.825101233600708e-09	2.0484478298153124e-09	7.044753070671638e-09	8.656983717293669e-10	1.711327167175991e-09	6.779952151262409e-09	0.9999999721558204	1.866237245695758e-09	8.680123768420379e-10
EU482451_FJ410224.1	5.1618845360621254e-08	1.357567604323118e-07	5.7634156844995914e-08	1.9820783204713698e-07	2.435687890631138e-08	4.81490897305479e-08	1.907575189369873e-07	0.9999992165893669	5.2507566247415727e-08	2.4421984656949814e-08
EU482464_EU482705.1	2.7827635427964673e-08	7.318624835172882e-08	3.107048004805232e-08	1.0685351930368318e-07	1.3130753732143504e-08	2.5957095821290924e-08	1.0283706764528182e-07	0.9999995776646041	2.830674340998475e-08	1.3165852136231643e-08
EU482642_FJ410217.1	1.8242999736564507e-11	4.7978805560282064e-11	2.0368915670137795e-11	7.005010287540115e-11	8.608145578753107e-12	1.7016727614374416e-11	6.741703235326448e-11	0.999999999723129	1.8557089189561832e-11	8.631155085909807e-12
EU482649.1_EU482649.2	6.057621556314902e-16	1.5931450474434874e-15	6.763535845197747e-16	2.326026527038787e-15	2.8583505438109196e-16	5.650435646730186e-16	2.23859493692467e-15	0.9999999999999908	6.161915535844721e-16	2.865990892907305e-16
EU482649	0.0	0.0	0.0	0.0	0.0	0.0	0.0	1.0	0.0	0.0
EU482469_EU482541	1.2604291898356428e-09	3.3149091648792903e-09	1.407311091743573e-09	4.839839702358762e-09	5.947463747460589e-10	1.1757046818156058e-09	4.657917924530469e-09	0.9999999808706758	1.2821299803028957e-09	5.963361272474475e-10
FJ410228_FJ432726	4.1552274944305505e-08	1.0928183681022463e-07	4.6394496325434165e-08	1.5955386595339063e-07	1.9606864935268377e-08	3.875918186128297e-08	1.535564931603473e-07	0.9999993693680324	4.226767983914267e-08	1.9659273934967684e-08
FM210211	0.0	0.0	0.0	0.0	0.0	0.0	0.0	1.0	0.0	0.0
FM210211.1	0.0	0.0	0.0	0.0	0.0	0.0	0.0	1.0	0.0	0.0
EU920846_EU920846.2	6.065114586594451e-12	3.903836514614164e-11	6.771902062600691e-12	2.3289037267839523e-11	2.8618862066078167e-12	5.657425004681982e-12	0.9999999998906612	1.6616046178399146e-11	6.16953757351427e-12	2.869536006503759e-12
EU920846.1	0.0	0.0	0.0	0.0	0.0	0.0	1.0	0.0	0.0	0.0
JX286525_JX286525.2	1.0844659155713787e-09	2.852694728233319e-09	1.2108422463624956e-09	4.16416982117148e-09	5.117163082408837e-10	1.0115694435583292e-09	0.9999999845773069	2.9710132388697156e-09	1.1031371489833569e-09	5.130841220108703e-10
JX286520_KC294211	9.73475452063016e-08	2.601663525634992e-07	1.0869177041250639e-07	3.7379847913396796e-07	4.593443254787332e-08	9.080396232114347e-08	0.9999986114823964	2.666942698950633e-07	9.902357643285456e-08	4.6057214934019084e-08
HM181971.1	0.0	0.0	0.0	0.0	0.0	0.0	1.0	0.0	0.0	0.0
HM181971	0.0	0.0	0.0	0.0	0.0	0.0	1.0	0.0	0.0	0.0
FJ850106	0.0	0.0	0.0	0.0	0.0	0.0	1.0	0.0	0.0	0.0
FJ850106.1	0.0	0.0	0.0	0.0	0.0	0.0	1.0	0.0	0.0	0.0
EU482605.1	0.0	0.0	0.0	0.0	0.0	0.0	1.0	0.0	0.0	0.0
EU482605	0.0	0.0	0.0	0.0	0.0	0.0	1.0	0.0	0.0	0.0
HQ705625	0.0	0.0	1.0	0.0	0.0	0.0	0.0	0.0	0.0	0.0
HQ705625.1	0.0	0.0	1.0	0.0	0.0	0.0	0.0	0.0	0.0	0.0
FJ850066_FJ850066.3	1.7465970865720172e-13	4.593523171566683e-13	0.9999999999970657	6.706644047745096e-13	8.241496577179321e-14	1.6291929673542284e-13	6.454552101841936e-13	4.784994154881017e-13	1.776668222429602e-13	8.263526034364915e-14
FJ850066.1	0.0	0.0	1.0	0.0	0.0	0.0	0.0	0.0	0.0	0.0
FJ906956_FJ906956.1	1.4134288682348233e-12	3.71729593935185e-12	0.9999999999762544	5.427333171992729e-12	6.669408342198918e-13	1.3184199090261515e-12	5.223328461044521e-12	3.872243303759142e-12	1.437763851871572e-12	6.68723561958135e-13
EU482639_EU482762.2	2.347890722895969e-10	6.174916082733535e-10	0.9999999960555648	9.01551219942271e-10	1.1078761956666272e-10	2.1900683811203794e-10	8.676633619094936e-10	6.432303976532106e-10	2.3883143222766026e-10	1.1108375402465621e-10
FJ410221.1	0.0	0.0	0.0	0.0	0.0	0.0	0.0	1.0	0.0	0.0
FJ410221.2	0.0	0.0	0.0	0.0	0.0	0.0	0.0	1.0	0.0	0.0
FJ410221.3	0.0	0.0	0.0	0.0	0.0	0.0	0.0	1.0	0.0	0.0
FJ410221	0.0	0.0	0.0	0.0	0.0	0.0	0.0	1.0	0.0	0.0
EU482661	0.0	0.0	0.0	0.0	0.0	0.0	0.0	1.0	0.0	0.0
EU482661.1	0.0	0.0	0.0	0.0	0.0	0.0	0.0	1.0	0.0	0.0
FJ410224_FJ410224.1	0.0	0.0	0.0	0.0	0.0	0.0	0.0	1.0	0.0	0.0
EU482451	0.0	0.0	0.0	0.0	0.0	0.0	0.0	1.0	0.0	0.0
EU482705_EU482705.1	1.9419078104642642e-11	5.10718733759099e-11	2.1682046265258225e-11	7.456604936792254e-11	9.163090157530228e-12	1.8113751433468784e-11	7.176323169195007e-11	0.9999999997052798	1.975341608127346e-11	9.187583027292744e-12
EU482464_EU482659.1	3.5508840472323596e-08	9.338769814692334e-08	3.964680083152495e-08	1.3634807674129246e-07	1.675520871196614e-08	3.312197966043466e-08	1.312229721821156e-07	0.9999994610882325	3.612019564644922e-08	1.679999525643648e-08
EU482670_FJ410217.1	1.2704504813677927e-08	3.341265005740277e-08	1.4185001968837272e-08	4.8783198050232625e-08	5.9947502341357875e-09	1.1850523543918999e-08	4.694951622124092e-08	0.9999998071858429	1.2923238082611331e-08	6.01077415556614e-09
EU482642_GU131899.1	8.745690110139783e-11	2.3001028961473762e-10	9.764853746807237e-11	3.358200409901672e-10	4.126743120203648e-11	8.157815521188125e-11	3.231971066277904e-10	0.999999998672681	8.896264525665988e-11	4.137773872935405e-11
EU482676	0.0	0.0	0.0	0.0	0.0	0.0	0.0	1.0	0.0	0.0
EU482649.1_EU482649.3	9.070546107975014e-17	2.3855395183054555e-16	1.012756626779587e-16	3.4829397422299987e-16	4.2800297376392617e-17	8.460835096306475e-17	3.3520216480488044e-16	0.9999999999999986	9.226713564346274e-17	4.29147022432459e-17
EU482649.2	0.0	0.0	0.0	0.0	0.0	0.0	0.0	1.0	0.0	0.0
EU482469_FJ410259	2.0007093346729878e-08	5.261834431676288e-08	2.2338584830833302e-08	7.682393068104653e-08	9.440551149664512e-09	1.8662241010412843e-08	7.393624288377467e-08	0.999999696355671	2.0351555172969213e-08	9.465785670532463e-09
EU482541	0.0	0.0	0.0	0.0	0.0	0.0	0.0	1.0	0.0	0.0
FJ410228	0.0	0.0	0.0	0.0	0.0	0.0	0.0	1.0	0.0	0.0
FJ432726	0.0	0.0	0.0	0.0	0.0	0.0	0.0	1.0	0.0	0.0
EU920846	0.0	0.0	0.0	0.0	0.0	0.0	1.0	0.0	0.0	0.0
EU920846.2	0.0	0.0	0.0	0.0	0.0	0.0	1.0	0.0	0.0	0.0
JX286525_JX286525.1	5.3113831308620256e-12	1.3968915396074699e-11	5.930335835475635e-12	2.0394833092160174e-11	2.5062303280833086e-12	4.954358455222063e-12	0.9999999999244669	1.4551116242492656e-11	5.4028291346071214e-12	2.5129294625418037e-12
JX286525.2	0.0	0.0	0.0	0.0	0.0	0.0	1.0	0.0	0.0	0.0
JX286520_JX286520.1	1.0362127596442133e-09	2.7253106178598735e-09	1.1569659936578221e-09	3.978885680099774e-09	4.889475642375175e-10	9.665598057354031e-10	0.9999999852639913	2.838818429407844e-09	1.0540532191939203e-09	4.902545173292893e-10
KC294211	0.0	0.0	0.0	0.0	0.0	0.0	1.0	0.0	0.0	0.0
FJ850066.2_FJ850066.3	1.1966518796151405e-14	3.1471758309750977e-14	0.9999999999997989	4.594945375407249e-14	5.6465240012964694e-15	1.1162144043573149e-14	4.422228780824464e-14	3.2783589835386644e-14	1.2172546170883648e-14	5.661617116675348e-15
FJ850066	0.0	0.0	1.0	0.0	0.0	0.0	0.0	0.0	0.0	0.0
FJ906956	0.0	0.0	1.0	0.0	0.0	0.0	0.0	0.0	0.0	0.0
FJ906956.1	0.0	0.0	1.0	0.0	0.0	0.0	0.0	0.0	0.0	0.0
EU482639_FJ906961	1.067852299781568e-10	2.8084349393280336e-10	0.9999999982060177	4.100376283265755e-10	5.038770041037728e-11	9.960725746953405e-11	3.946249744146473e-10	2.925498417473953e-10	1.0862374968195352e-10	5.052238634738835e-11
EU482762_EU482762.2	7.302531942665678e-12	1.9205545427524407e-11	0.999999999877318	2.8040515333086702e-11	3.4457742127775104e-12	6.811664680044099e-12	2.6986517532678062e-11	2.000608665279965e-11	7.42825952565578e-12	3.4549847408388578e-12
FJ410224.1	0.0	0.0	0.0	0.0	0.0	0.0	0.0	1.0	0.0	0.0
FJ410224	0.0	0.0	0.0	0.0	0.0	0.0	0.0	1.0	0.0	0.0
EU482705.1	0.0	0.0	0.0	0.0	0.0	0.0	0.0	1.0	0.0	0.0
EU482705	0.0	0.0	0.0	0.0	0.0	0.0	0.0	1.0	0.0	0.0
EU482659_EU482659.1	4.568229951038834e-13	1.2014373718169247e-12	5.100580605063952e-13	1.7541247747067167e-12	2.1555659169881606e-13	4.2611591229071616e-13	1.6881900501761149e-12	0.999999999993067	4.646881097626966e-13	2.1613277281633928e-13
EU482464	0.0	0.0	0.0	0.0	0.0	0.0	0.0	1.0	0.0	0.0
EU482699_FJ410217.1	2.9948163967929797e-09	7.876320542968661e-09	3.343812065707445e-09	1.1499599831041445e-08	1.4131346761771972e-09	2.793508502724203e-09	1.1067348398301353e-08	0.9999999545481697	3.046378105803519e-09	1.4169119743359475e-09
EU482670_EU482670.1	1.0026675849141514e-10	2.6370001530928644e-10	1.1195116909069885e-10	3.8500777551561395e-10	4.7311893124344274e-11	9.352694966085582e-11	3.70535953449817e-10	0.999999998478268	1.0199304976933816e-10	4.743835745205367e-11
EU482642_FM210246	1.6853477824656652e-09	4.432438454422755e-09	1.881746826268474e-09	6.471456846316968e-09	7.952485485824622e-10	1.5720607665320816e-09	6.228205208448204e-09	0.999999974421757	1.7143643899725936e-09	7.973742418578092e-10
EU482652_GU131899.1	1.0902305629283318e-10	2.867289423338327e-10	1.2172786667745684e-10	4.1863051139537085e-10	5.1443641591919306e-11	1.0169465983729283e-10	4.028948648513137e-10	0.999999998345375	1.1090010461874413e-10	5.158115005161562e-11
EU482649.3	0.0	0.0	0.0	0.0	0.0	0.0	0.0	1.0	0.0	0.0
EU482649.1	0.0	0.0	0.0	0.0	0.0	0.0	0.0	1.0	0.0	0.0
EU482469_EU482469.1	0.0	0.0	0.0	0.0	0.0	0.0	0.0	1.0	0.0	0.0
FJ410259	0.0	0.0	0.0	0.0	0.0	0.0	0.0	1.0	0.0	0.0
JX286525	0.0	0.0	0.0	0.0	0.0	0.0	1.0	0.0	0.0	0.0
JX286525.1	0.0	0.0	0.0	0.0	0.0	0.0	1.0	0.0	0.0	0.0
JX286520.1	0.0	0.0	0.0	0.0	0.0	0.0	1.0	0.0	0.0	0.0
JX286520	0.0	0.0	0.0	0.0	0.0	0.0	1.0	0.0	0.0	0.0
FJ850066.2	0.0	0.0	1.0	0.0	0.0	0.0	0.0	0.0	0.0	0.0
FJ850066.3	0.0	0.0	1.0	0.0	0.0	0.0	0.0	0.0	0.0	0.0
EU482639_FJ744741	1.2592151601804197e-09	3.3117162857687553e-09	0.9999999788452985	4.835178029198084e-09	5.941735224651844e-10	1.1745722577484553e-09	4.653431476154332e-09	3.449757947911492e-09	1.2808950487172973e-09	5.957617437368168e-10
FJ906961	0.0	0.0	1.0	0.0	0.0	0.0	0.0	0.0	0.0	0.0
EU482762_EU482762.3	1.6809992943087164e-14	4.4210019982052346e-14	0.9999999999997174	6.454759370729322e-14	7.931966700732787e-15	1.5680045784287172e-14	6.21213536406964e-14	4.6052818131130336e-14	1.7099410339602316e-14	7.953168786930969e-15
EU482762.2	0.0	0.0	1.0	0.0	0.0	0.0	0.0	0.0	0.0	0.0
EU482659_EU482659.2	1.3295367651368834e-16	3.496661013040265e-16	1.4844719969568378e-16	5.105201365968206e-16	6.273554893312762e-17	1.2401669304574257e-16	4.913305070680634e-16	0.999999999999998	1.352427379692158e-16	6.290324057460255e-17
EU482659.1	0.0	0.0	0.0	0.0	0.0	0.0	0.0	1.0	0.0	0.0
EU482699_EU482701.2	6.757706411353978e-09	1.777266275424953e-08	7.545203859238786e-09	2.5948475368790956e-08	3.188692726383988e-09	6.303461654359357e-09	2.497311398053601e-08	0.9999998974394135	6.874053741338555e-09	3.1972160776025524e-09
FJ410217_FJ410217.1	1.8658158358897512e-11	4.9070666279748426e-11	2.083245407336884e-11	7.164424334703357e-11	8.80404241101333e-12	1.7403979782056025e-11	6.89512516525973e-11	0.9999999997168282	1.8979395591672213e-11	8.827575548901253e-12
EU482670	0.0	0.0	0.0	0.0	0.0	0.0	0.0	1.0	0.0	0.0
EU482670.1	0.0	0.0	0.0	0.0	0.0	0.0	0.0	1.0	0.0	0.0
EU482642_FJ410195.1	1.032996647665132e-08	2.716765116397573e-08	1.1533750977178124e-08	3.966536341819517e-08	4.874300089827193e-09	9.635598768686792e-09	3.817440630494069e-08	0.9999998432238164	1.0507817354631056e-08	4.887329056609263e-09
FM210246	0.0	0.0	0.0	0.0	0.0	0.0	0.0	1.0	0.0	0.0
EU482652_JF730049.1	3.517383510972047e-14	9.250663925386359e-14	3.927275620737084e-14	1.3506171153529376e-13	1.659713301319986e-14	3.280949294843051e-14	1.2998495937198196e-13	0.9999999999994662	3.577942250153999e-14	1.6641497022538928e-14
FJ205879_GU131899.1	1.1488886683121988e-08	3.0215593281449524e-08	1.2827723914463558e-08	4.411542540690075e-08	5.421148414966554e-09	1.0716617776804132e-08	4.245719763217438e-08	0.9999998256350772	1.1686690672924024e-08	5.435639103130517e-09
EU482469	0.0	0.0	0.0	0.0	0.0	0.0	0.0	1.0	0.0	0.0
EU482469.1	0.0	0.0	0.0	0.0	0.0	0.0	0.0	1.0	0.0	0.0
EU482639	0.0	0.0	1.0	0.0	0.0	0.0	0.0	0.0	0.0	0.0
FJ744741	0.0	0.0	1.0	0.0	0.0	0.0	0.0	0.0	0.0	0.0
EU482762_EU482762.1	1.3211736733945762e-15	3.474666211835355e-15	0.9999999999999779	5.073088476346723e-15	6.234092791549993e-16	1.2323659955098892e-15	4.8823992528488e-15	3.61950008584024e-15	1.3439203007246885e-15	6.250756473801922e-16
EU482762.3	0.0	0.0	1.0	0.0	0.0	0.0	0.0	0.0	0.0	0.0
EU482659.2	0.0	0.0	0.0	0.0	0.0	0.0	0.0	1.0	0.0	0.0
EU482659	0.0	0.0	0.0	0.0	0.0	0.0	0.0	1.0	0.0	0.0
EU482701_EU482701.2	0.0	0.0	0.0	0.0	0.0	0.0	0.0	1.0	0.0	0.0
EU482699_EU482699.1	8.151660586067814e-12	2.143874055254551e-11	9.1016000354594e-12	3.1301028937411893e-11	3.846444227744643e-12	7.603715934935937e-12	3.01244736830357e-11	0.9999999998762835	8.292007604182721e-12	3.856725743685148e-12
FJ410217.1	0.0	0.0	0.0	0.0	0.0	0.0	0.0	1.0	0.0	0.0
FJ410217	0.0	0.0	0.0	0.0	0.0	0.0	0.0	1.0	0.0	0.0
EU482642_EU482642.1	1.1503923571695524e-10	3.0255140064518055e-10	1.2844513100437273e-10	4.417316457297611e-10	5.428243724277615e-11	1.073064390412522e-10	4.251276647601001e-10	0.9999999982540687	1.170198645138273e-10	5.442753378148986e-11
FJ024452_FJ410195.1	1.673288592403725e-09	4.400722972125365e-09	1.8682823396725826e-09	6.425151550223599e-09	7.895582966987783e-10	1.5608121804718243e-09	6.183640453840964e-09	0.9999999746047773	1.7020975770161278e-09	7.916687799744518e-10
EU482652_FJ859028.1	2.211716010147725e-10	5.816778706231787e-10	2.469454450887167e-10	8.492623816218738e-10	1.0436207679185084e-10	2.0630471659548666e-10	8.173399767884985e-10	0.9999999966433152	2.249795091540265e-10	1.0464103582325445e-10
EU482654_FJ410223	9.321844806343105e-10	2.4516306851127912e-09	1.040814961861485e-09	3.5794342876849136e-09	4.398607592736632e-10	8.695241803631351e-10	3.4448891189848396e-09	0.9999999858523909	9.48233886863714e-10	4.4103650371198197e-10
FJ461309_JF730049.1	1.1770530937920145e-07	3.095631329094703e-07	1.314218908783437e-07	4.519689278111406e-07	5.554045130513981e-08	1.0979330249383285e-07	4.349801438994594e-07	0.9999982136060908	1.1973183992635126e-07	5.568891050580042e-08
FJ205879_FJ410202	4.710888164708615e-08	1.238956260125194e-07	5.259863243108844e-08	1.8089031701893392e-07	2.2228806508042786e-08	4.394228025994753e-08	1.740909414016032e-07	0.9999992850363362	4.791995455623015e-08	2.2288223937470803e-08
GU131899_GU131899.1	1.3391239238776024e-10	3.521875091412178e-10	1.495176378403192e-10	5.142014470488737e-10	6.318792880112331e-11	1.249109652117373e-10	4.948734429905118e-10	0.999999997967634	1.3621796004012018e-10	6.335682965051821e-11
EU482762.1	0.0	0.0	1.0	0.0	0.0	0.0	0.0	0.0	0.0	0.0
EU482762	0.0	0.0	1.0	0.0	0.0	0.0	0.0	0.0	0.0	0.0
EU482701.2	0.0	0.0	0.0	0.0	0.0	0.0	0.0	1.0	0.0	0.0
EU482701.3	0.0	0.0	0.0	0.0	0.0	0.0	0.0	1.0	0.0	0.0
EU482701.1	0.0	0.0	0.0	0.0	0.0	0.0	0.0	1.0	0.0	0.0
EU482701	0.0	0.0	0.0	0.0	0.0	0.0	0.0	1.0	0.0	0.0
EU482699.1	0.0	0.0	0.0	0.0	0.0	0.0	0.0	1.0	0.0	0.0
EU482699	0.0	0.0	0.0	0.0	0.0	0.0	0.0	1.0	0.0	0.0
EU482642	0.0	0.0	0.0	0.0	0.0	0.0	0.0	1.0	0.0	0.0
EU482642.1	0.0	0.0	0.0	0.0	0.0	0.0	0.0	1.0	0.0	0.0
FJ410195_FJ410195.1	7.203415676519462e-12	1.8944871189188535e-11	8.042853070807788e-12	2.7659925257965893e-11	3.3990051912059656e-12	6.719210888040613e-12	2.6620233225381756e-11	0.9999999998906748	7.327436776241102e-12	3.4080907060311038e-12
FJ024452_FM210206.1	2.643529500788804e-09	6.9524414703028786e-09	2.951588568253128e-09	1.0150716228606728e-08	1.24737636973753e-09	2.4658346820739256e-09	9.769167157541703e-09	0.9999999598795923	2.6890431085767196e-09	1.2507105972135866e-09
FJ024454_FJ859028.1	9.04443066533467e-08	2.3786711975103267e-07	1.0098407507914769e-07	3.4729118440224127e-07	4.267706899545312e-08	8.43647510176847e-08	3.3423706823807244e-07	0.9999986273417963	9.200148492521467e-08	4.279114447378861e-08
EU482652_EU677148	9.913350138873702e-09	2.607195667556297e-08	1.1068584986193353e-08	3.806562556025938e-08	4.677715419659782e-09	9.246986871409256e-09	3.663480001603869e-08	0.9999998495467334	1.00840281396111e-08	4.690218917125173e-09
EU482654_EU482654.1	9.313169459769241e-11	2.449349082457273e-10	1.0398463305764772e-10	3.5761030980299526e-10	4.39451404193181e-11	8.68714960323999e-11	3.441683143382736e-10	0.9999999985865556	9.473514158751358e-11	4.406260544285072e-11
FJ410223	0.0	0.0	0.0	0.0	0.0	0.0	0.0	1.0	0.0	0.0
JF730049_JF730049.1	1.1451501324276476e-12	3.0117270369167985e-12	1.278598191848601e-12	4.397187180985097e-12	5.403507751912054e-13	1.068174541603966e-12	4.231903998358468e-12	0.9999999999826203	1.1648661650915688e-12	5.417951286718874e-13
FJ461309	0.0	0.0	0.0	0.0	0.0	0.0	0.0	1.0	0.0	0.0
FJ410202	0.0	0.0	0.0	0.0	0.0	0.0	0.0	1.0	0.0	0.0
FJ205879	0.0	0.0	0.0	0.0	0.0	0.0	0.0	1.0	0.0	0.0
GU131899	0.0	0.0	0.0	0.0	0.0	0.0	0.0	1.0	0.0	0.0
GU131899.1	0.0	0.0	0.0	0.0	0.0	0.0	0.0	1.0	0.0	0.0
FJ410195.1	0.0	0.0	0.0	0.0	0.0	0.0	0.0	1.0	0.0	0.0
FJ410195	0.0	0.0	0.0	0.0	0.0	0.0	0.0	1.0	0.0	0.0
FM210206_FM210206.1	0.0	0.0	0.0	0.0	0.0	0.0	0.0	1.0	0.0	0.0
FJ024452	0.0	0.0	0.0	0.0	0.0	0.0	0.0	1.0	0.0	0.0
FJ024454_FJ024454.1	0.0	0.0	0.0	0.0	0.0	0.0	0.0	1.0	0.0	0.0
FJ859028_FJ859028.1	5.168618934346943e-10	1.3593387405975168e-09	5.770934864060704e-10	1.984664218073012e-09	2.438865585180178e-10	4.821190693326361e-10	1.9100638872463377e-09	0.9999999921556729	5.25760696906071e-10	2.445384654197196e-10
EU482652_FJ547064.1	8.351927257211488e-11	2.1965438782757556e-10	9.325204431390444e-11	3.207001984453836e-10	3.940942100061209e-11	7.790520925469317e-11	3.086455946074433e-10	0.9999999987324418	8.495722263601431e-11	3.9514762080901596e-11
EU677148	0.0	0.0	0.0	0.0	0.0	0.0	0.0	1.0	0.0	0.0
EU482654_EU482654.2	1.7436184942776738e-13	4.585689520160811e-13	1.9468080131388973e-13	6.695206745785134e-13	8.227441785500478e-14	1.626414592389637e-13	6.443544709638031e-13	0.9999999999973538	1.7736383477563767e-13	8.249433674335637e-14
EU482654.1	0.0	0.0	0.0	0.0	0.0	0.0	0.0	1.0	0.0	0.0
JF730049.1	0.0	0.0	0.0	0.0	0.0	0.0	0.0	1.0	0.0	0.0
JF730049	0.0	0.0	0.0	0.0	0.0	0.0	0.0	1.0	0.0	0.0
FM210206.1	0.0	0.0	0.0	0.0	0.0	0.0	0.0	1.0	0.0	0.0
FM210206	0.0	0.0	0.0	0.0	0.0	0.0	0.0	1.0	0.0	0.0
FJ024454.1	0.0	0.0	0.0	0.0	0.0	0.0	0.0	1.0	0.0	0.0
FJ024454	0.0	0.0	0.0	0.0	0.0	0.0	0.0	1.0	0.0	0.0
FJ024454.2	0.0	0.0	0.0	0.0	0.0	0.0	0.0	1.0	0.0	0.0
FJ859028.1	0.0	0.0	0.0	0.0	0.0	0.0	0.0	1.0	0.0	0.0
FJ859028	0.0	0.0	0.0	0.0	0.0	0.0	0.0	1.0	0.0	0.0
FJ547064_FJ547064.1	3.499640826954705e-11	9.20400094238585e-11	3.907465324199788e-11	1.343804218029865e-10	1.6513412348186096e-11	3.2643992523373815e-11	1.2932927822321041e-10	0.9999999994688652	3.559894090611896e-11	1.6557552572829248e-11
FJ390387_FJ390387.1	0.0	0.0	0.0	0.0	0.0	0.0	0.0	1.0	0.0	0.0
EU482652_FJ410237	1.721503901304028e-08	4.5275284846047614e-08	1.9221163349135903e-08	6.610290364969396e-08	8.123091821963252e-09	1.605786515298728e-08	6.361820198783856e-08	0.9999997387302153	1.751143008167007e-08	8.144804784145644e-09
EU482654.2	0.0	0.0	0.0	0.0	0.0	0.0	0.0	1.0	0.0	0.0
EU482654	0.0	0.0	0.0	0.0	0.0	0.0	0.0	1.0	0.0	0.0
FJ547064	0.0	0.0	0.0	0.0	0.0	0.0	0.0	1.0	0.0	0.0
FJ547064.1	0.0	0.0	0.0	0.0	0.0	0.0	0.0	1.0	0.0	0.0
FJ390387	0.0	0.0	0.0	0.0	0.0	0.0	0.0	1.0	0.0	0.0
FJ390387.1	0.0	0.0	0.0	0.0	0.0	0.0	0.0	1.0	0.0	0.0
FJ410237	0.0	0.0	0.0	0.0	0.0	0.0	0.0	1.0	0.0	0.0
EU482652	0.0	0.0	0.0	0.0	0.0	0.0	0.0	1.0	0.0	0.0
