node	Africa	Caribbean	Central America	Eastern Asia	Europe	Oceania	South America	South-eastern Asia	Southern Asia	Western Asia
AF022434_EF105388.2	0.07809146557285852	0.061712162846601255	0.05080967769316574	0.1949423198620774	0.02459230682759216	0.10132129208688138	0.20823371790365802	0.14916570580550814	0.10037442646685077	0.03075692493480665
EF105379_EF105388.2	0.23208168955295583	0.047124563596563515	0.038981093920285585	0.1495272933218701	0.018889651901591	0.07740291343136434	0.15966679476439516	0.19825034907235228	0.05447738717038809	0.023598263268234103
AF022434_JQ922552.2	0.01872302075106057	0.02568577846178901	0.018673528414609418	0.07208184447036424	0.009019456700753496	0.04173543886520437	0.07775083469214412	0.3816352021884877	0.3434129795613755	0.011281915894211628
EF105383_EF105388.2	0.998341943468737	0.00010994455295546175	9.100843914381451e-05	0.0003490875177862773	0.00016693520305431864	0.00018059696673236494	0.00037274011801750233	0.0002132427779677842	0.00011940597224105118	5.509498336438823e-05
EF105379_EF105379.1	1.8468943534549587e-10	1.4414747781994787e-10	1.1932814945684627e-10	4.5771409059136076e-10	5.7760539124964945e-11	2.3678067945270377e-10	4.887244130294184e-10	0.9999999980829984	1.5561750427749636e-10	7.22393285545702e-11
AF022434_GU131843.2	0.0013098349574782494	0.0065471885192496726	0.0013463949427145261	0.006744039550741009	0.0006511202058386223	0.011387235726512202	0.005662301779506817	0.9130027921063286	0.05253463528339436	0.0008144569282358957
AF100465_JQ922552.2	0.0015106544764471432	0.006162403918999366	0.001696879341313583	0.0060552737725070565	0.0007620636822516124	0.007885703803344418	0.010947985104831576	0.011735979547000308	0.9522898241075087	0.0009532322457961993
0.253	0.9996247726863294	1.5656360260550542e-05	1.2960306847933547e-05	4.9712680576515535e-05	0.0001648922771053129	2.5717515439390667e-05	5.308083862381697e-05	2.8417819955986232e-05	1.6943558034843835e-05	7.845956826096482e-06
EF105387_EF105388.2	0.9999988729512411	8.225074794661007e-08	6.809383518942524e-08	2.6119069648185106e-07	4.973764520353367e-08	1.351082665916972e-07	2.788849506686187e-07	1.223772624370327e-07	8.818240554582151e-08	4.12229488572956e-08
EF105379.1	0.0	0.0	0.0	0.0	0.0	0.0	0.0	1.0	0.0	0.0
EF105379	0.0	0.0	0.0	0.0	0.0	0.0	0.0	1.0	0.0	0.0
AF022434_FJ639701.1	0.0007516593163401912	0.009286521517797741	0.0007839561270870575	0.005697364128533706	0.0003792354140469777	0.01639097202359023	0.003418353585108171	0.9445934847578278	0.018224083394514045	0.00047436973515402726
AF276619_GU131843.2	0.0006756816944715961	0.0014575591311406565	0.0006644122644115232	0.002831673301227056	0.00032149157960511236	0.002492589379522329	0.002740859970802975	0.9218683250859232	0.0665452664213622	0.00040214117153337194
AF100465_JQ922553.1	0.0006823986287652742	0.007308145241189876	0.0009047058153453634	0.002753030426135675	0.00034678360450454595	0.008578029029813564	0.009855851231051005	0.0038909991934977972	0.9652462795606411	0.0004337772690558248
JQ922552_JQ922552.2	0.0	0.0	0.0	0.0	0.0	0.0	0.0	0.0	1.0	0.0
EF105384_EF105385.1	0.9999941082403263	4.2559168535619833e-07	3.5234819843921054e-07	1.3515168383981233e-06	3.536039377442142e-07	6.990949694658665e-07	1.4430720779496773e-06	5.980278147492877e-07	4.551979536233759e-07	2.133061979761088e-07
EF105383_JF260983	0.9927839997847956	0.00019983983830614073	0.00016544795971218756	0.0006346156852513808	0.00461617552812829	0.00032826543054496925	0.0006776061408472323	0.0002801680499879138	0.00021372192244511313	0.00010015965998117728
0.047	0.9999998832588923	8.693511305094928e-09	7.197390904762687e-09	2.7607332952681048e-08	3.6776112900538472e-09	1.4280333492063678e-08	2.9477520195689976e-08	1.2153855247024456e-08	9.296362057360977e-09	4.3571902583401685e-09
EF105388_EF105388.2	0.9999999999999765	1.77639262608164e-15	1.470686919000085e-15	5.6411744182364345e-15	7.135768704777129e-16	2.917979340465e-15	6.023319725364216e-15	2.464731695941566e-15	1.8989983330519946e-15	8.903313854910406e-16
AF489932_FJ639701.1	0.000961271899817551	0.08921359999164692	0.0010216524396491765	0.00424608571866985	0.000494306505175282	0.0038368136375075677	0.006274215754452727	0.889914672004441	0.003419072650899137	0.0006183093977409213
AF022434_KJ734727.1	0.0008379106803492523	0.00514608922293961	0.0008840929581247957	0.00958038585818969	0.0004277903488852871	0.03578280843779003	0.003722394251376232	0.9335249644014886	0.009558457661642875	0.0005351061792135024
AY037116_GU131843.2	0.000177326930839921	0.0001685492463253376	9.650877490869501e-05	0.0005212814526812842	4.670243438426162e-05	0.0003056443974860711	0.00039682328952085014	0.9928916071862602	0.005337138004629436	5.841828296398701e-05
AF276619_JX475906.1	3.827972263990232e-05	5.032843517106193e-05	4.0649958651566465e-05	0.00015691741531523605	1.9673387188585904e-05	8.285613383057887e-05	0.000166522222224759	0.0017952839166989606	0.9976248801017842	2.4608706495268123e-05
JQ922550_JQ922553.1	0.0002452385560006233	0.0020714431686062623	0.00030975129944877294	0.0009922754115080105	0.00012504190269456786	0.0024668887680574713	0.00294821382428013	0.0011675889394420838	0.9895171482597193	0.00015640987024278155
AF100465_HM582115.1	0.003737449084302631	0.25043338653424246	0.011279651804567126	0.015257329041487477	0.001925006965113348	0.2800016146970918	0.28482838508840463	0.007048391956180246	0.1430808654720145	0.0024079193565957166
JQ922552.2	0.0	0.0	0.0	0.0	0.0	0.0	0.0	0.0	1.0	0.0
JQ922552.1	0.0	0.0	0.0	0.0	0.0	0.0	0.0	0.0	1.0	0.0
JQ922552	0.0	0.0	0.0	0.0	0.0	0.0	0.0	0.0	1.0	0.0
EF105385_EF105385.1	1.0	0.0	0.0	0.0	0.0	0.0	0.0	0.0	0.0	0.0
EF105384	1.0	0.0	0.0	0.0	0.0	0.0	0.0	0.0	0.0	0.0
EF105383_EF105383.3	1.0	0.0	0.0	0.0	0.0	0.0	0.0	0.0	0.0	0.0
JF260983	0.0	0.0	0.0	0.0	1.0	0.0	0.0	0.0	0.0	0.0
EU003591	1.0	0.0	0.0	0.0	0.0	0.0	0.0	0.0	0.0	0.0
EF105387	1.0	0.0	0.0	0.0	0.0	0.0	0.0	0.0	0.0	0.0
EF105388.2	1.0	0.0	0.0	0.0	0.0	0.0	0.0	0.0	0.0	0.0
EF105388.1	1.0	0.0	0.0	0.0	0.0	0.0	0.0	0.0	0.0	0.0
EF105388	1.0	0.0	0.0	0.0	0.0	0.0	0.0	0.0	0.0	0.0
AF489932_JN819419	0.00011844195771581532	0.9650236279767871	0.00012893169060551685	0.0004872713393103728	6.101539551941952e-05	0.00027049238873491513	0.02344994169813658	0.010197555962305354	0.0001863997060625712	7.632188482231069e-05
EU482664_FJ639701.1	6.22009845103715e-07	2.2214293915975404e-05	6.617776207616729e-07	2.6180730935064157e-06	3.20247337766824e-07	1.7535387013817198e-06	3.2190768552387475e-06	0.9999668247678121	1.3656293945922408e-06	4.005854235035027e-07
AF204177_KJ734727.1	0.004595801417882879	0.007976837587013666	0.004888696069881548	0.0860456347775446	0.0023659560390725982	0.37878875315322785	0.020073634804825557	0.4817166265751823	0.010588573659114784	0.002959485916253872
AF022434_M84728	5.4317972453302334e-05	0.0001464348838915664	5.767772457520059e-05	0.00033774213812210954	2.791285777644384e-05	0.0007549893805998508	0.00023813485220192194	0.9981149621102254	0.00023291294122264832	3.491513893160751e-05
GQ398259_GU131843.2	0.0004306338115176407	1.4635982820942016e-05	1.1103001986025998e-05	4.614931380410156e-05	5.373436869070203e-06	2.4719936597459882e-05	4.551011228603551e-05	0.9992779686763167	0.0001371842968977805	6.721430904109635e-06
AY037116_JN851131.2	1.2064644037514261e-05	1.4949839929388872e-05	1.1968870976180884e-05	0.0017377749342507667	5.792569022061751e-06	0.00022786706575188612	4.9034330411440163e-05	0.9978684044572803	6.489757986780824e-05	7.245708472625155e-06
AF276619_FJ882602.1	1.9514075826588249e-07	2.5610266571268654e-07	2.0726652019959016e-07	1.3022378559795604e-06	1.0031096595741961e-07	4.2154893608371096e-07	8.490501804053918e-07	8.43329043487786e-06	0.9999881095764345	1.2547524815356377e-07
JX475906_JX475906.1	6.472081999598666e-10	8.327313210187565e-10	6.889795758016027e-10	2.6431816331704853e-09	3.33447957631341e-10	1.3679610370771732e-09	2.821788835032222e-09	1.9083660846695615e-09	0.9999999883392378	4.1709763833920286e-10
JQ922553_JQ922553.1	0.0	0.0	0.0	0.0	0.0	0.0	0.0	0.0	1.0	0.0
JQ922550	0.0	0.0	0.0	0.0	0.0	0.0	0.0	0.0	1.0	0.0
AF100465_GQ868600	0.0024455573871635305	0.36799706529738296	0.013450949095490165	0.009984487603220115	0.001259753826629733	0.12503110006520102	0.4095981856985371	0.004530245040813922	0.06412687690364771	0.0015757790819135942
HM582115_HM582115.1	2.4605641893605625e-08	4.7163408267616266e-07	3.927324573273046e-08	1.004702492692364e-07	1.2676661202819895e-08	0.9999984216819221	5.883088514519035e-07	4.45703321333419e-08	2.809222500710357e-07	1.5856763291611783e-08
EF105385.1	1.0	0.0	0.0	0.0	0.0	0.0	0.0	0.0	0.0	0.0
EF105385	1.0	0.0	0.0	0.0	0.0	0.0	0.0	0.0	0.0	0.0
EF105383.3	1.0	0.0	0.0	0.0	0.0	0.0	0.0	0.0	0.0	0.0
EF105383.2	1.0	0.0	0.0	0.0	0.0	0.0	0.0	0.0	0.0	0.0
EF105383.1	1.0	0.0	0.0	0.0	0.0	0.0	0.0	0.0	0.0	0.0
EF105383	1.0	0.0	0.0	0.0	0.0	0.0	0.0	0.0	0.0	0.0
AY702039_JN819419	1.81362233605959e-05	0.862750477315287	3.634843780378479e-05	7.415318494815725e-05	9.344286348864041e-06	3.883078859707661e-05	0.13674650841314887	0.00028897608502148435	2.553684555626072e-05	1.1688419928060046e-05
0.826	2.979691101245044e-07	0.9999324439388193	3.2259989692283904e-07	1.223612935166081e-06	1.5350568756258536e-07	6.678994753865938e-07	4.477990097166775e-05	1.9464244790027413e-05	4.543137674263779e-07	1.920145464222834e-07
FJ639697_FJ639701.1	1.1221643420296462e-07	5.363285206227336e-07	1.194590813264032e-07	4.5967253164584146e-07	5.7814404131079454e-08	2.4508218468062126e-07	4.985673811820977e-07	0.9999977349372362	1.6360434058716684e-07	7.231788527084116e-08
EU482664_FM210237	1.964619827331104e-07	2.2285821398196707e-06	2.0911666279874704e-07	8.094682698109768e-07	1.0120368153200946e-07	4.5555353757648744e-07	9.033943374496914e-07	0.9999946524500445	3.1717743023049384e-07	1.2659191357650455e-07
AF204177_M29095.1	0.0	0.0	0.0	0.0	0.0	1.0	0.0	0.0	0.0	0.0
KJ734727_KJ734727.1	8.946613334017249e-08	1.177548187419064e-07	9.524127487038813e-08	0.9999976219462591	4.6094216402028106e-08	6.728112738819788e-07	3.901361116263867e-07	7.80309812182565e-07	1.2858256070741312e-07	5.7657539055995086e-08
AF022434_DQ181804	8.55163158382536e-08	1.3071687771876502e-07	9.100098197939896e-08	3.806227772689612e-07	4.404163844207362e-08	3.5410874702830037e-07	3.7321979862243603e-07	0.9999983252529273	1.6042989380707157e-07	5.509004193656464e-08
M84727_M84728	1.0302409530039399e-06	1.4263918240966956e-06	1.0966065445198161e-06	4.360851792946081e-06	5.307265719309829e-07	3.0255076838067486e-06	4.493777624077927e-06	0.9999817458972987	1.6261336134585756e-06	6.63866093482039e-07
GQ398262_GU131843.2	0.004215972380627736	7.418834836282778e-05	6.085970463862648e-05	0.00023541293161968637	2.945442915702531e-05	0.00012224035788363193	0.00024927633685633985	0.9948291796541463	0.00014657240830485665	3.6843448402815624e-05
GQ398259	0.0	0.0	0.0	0.0	0.0	0.0	0.0	1.0	0.0	0.0
AY037116_JN851126	8.024282279295409e-06	1.0227210698516728e-05	8.401140125293067e-06	0.0015941567093420374	4.065922987564211e-06	0.000874643558134281	3.440996187554407e-05	0.9974421391595483	1.884614336485821e-05	5.085911644250751e-06
FJ196852_JN851131.2	0.00012506984896433815	0.00016054702221783275	0.00013271454865656327	0.013311894019286721	6.423032960187466e-05	0.0003650215569968271	0.0005435507735699676	0.9850206304651823	0.00019599810720398561	8.034332831960307e-05
FJ882602_FJ882602.1	1.0796744794792697e-09	1.3883692763693328e-09	1.1494318112825568e-09	4.409801433167497e-09	5.562947949058931e-10	2.2805969346298535e-09	4.707593115794322e-09	1.939646754014639e-09	0.999999981792743	6.958484530240166e-10
AF276619_JQ955623	6.967043517420387e-07	8.960577473637633e-07	7.417036408868796e-07	6.0605976663907985e-05	3.5896505609365564e-07	1.4719301440475951e-06	3.037713849357084e-06	1.4946440612307251e-06	0.999930247288402	4.4901608339195466e-07
JQ922551	0.0	0.0	0.0	0.0	0.0	0.0	0.0	0.0	1.0	0.0
JX475906.1	0.0	0.0	0.0	0.0	0.0	0.0	0.0	0.0	1.0	0.0
JX475906	0.0	0.0	0.0	0.0	0.0	0.0	0.0	0.0	1.0	0.0
JQ922553.1	0.0	0.0	0.0	0.0	0.0	0.0	0.0	0.0	1.0	0.0
JQ922553	0.0	0.0	0.0	0.0	0.0	0.0	0.0	0.0	1.0	0.0
AF100465_GQ868592	0.00043541458379635	0.028579431152494138	0.025616569769026543	0.001777883298750684	0.00022432119610596763	0.010125010716498298	0.9269061438409204	0.0007895193775813014	0.005265111037043388	0.0002805950277829597
GQ868600	0.0	1.0	0.0	0.0	0.0	0.0	0.0	0.0	0.0	0.0
HM582115.1	0.0	0.0	0.0	0.0	0.0	1.0	0.0	0.0	0.0	0.0
HM582115	0.0	0.0	0.0	0.0	0.0	1.0	0.0	0.0	0.0	0.0
AY702039_EU920828	4.581482309974628e-06	0.863561509323021	2.968048615983591e-05	1.8724883454824113e-05	2.3605294650544813e-06	9.76798139144166e-06	0.13631130739138864	5.271214708504617e-05	6.403077288464997e-06	2.952698435712382e-06
EU920834_JN819419	1.5231804121987259e-05	0.0022080072729613056	1.6259161893743364e-05	6.220037087968679e-05	7.848086536942714e-06	3.217524262363247e-05	0.997599703898211	2.7817512723865614e-05	2.0939770713361845e-05	9.816879334350898e-06
0.771	4.278049028193323e-09	0.999999544714053	4.587254316017003e-09	1.7511391473341482e-08	2.2041090176986036e-09	9.271245181260793e-09	2.8544649403232494e-07	1.230769408670521e-07	6.153425353273572e-09	2.7570379034191366e-09
EU529701_GQ398284.2	4.238609092520304e-07	0.9999904538402836	4.514503614340796e-07	1.731124403346871e-06	2.1839076293316582e-07	8.967729744107821e-07	3.494275329550158e-06	1.4727594848536806e-06	5.843486142039219e-07	2.7317687643447757e-07
0.458	4.386132237489684e-07	6.478301001918479e-07	4.66950540431146e-07	1.7914132216347996e-06	2.2599165317452655e-07	9.281972058401489e-07	1.914425524560774e-06	0.9999926989606895	6.049332936717776e-07	2.826845470930338e-07
FJ639701_FJ639701.1	0.0	0.0	0.0	0.0	0.0	0.0	0.0	1.0	0.0	0.0
FM210222_FM210237	5.344473220219299e-07	6.98793421973038e-07	5.689779343761808e-07	2.182495039972666e-06	2.753703514142173e-07	1.129142342680076e-06	2.330570311930622e-06	0.999991200805323	7.349474296432771e-07	3.4445052296398356e-07
EU482664_FM210227	8.199402436985375e-07	1.0731234428519433e-06	8.729165176234349e-07	3.348351613059234e-06	4.224686278670445e-07	1.7323329892721591e-06	3.5755472009689223e-06	0.9999864992999465	1.1275691364554637e-06	5.284502817992057e-07
AF204177	0.0	0.0	0.0	1.0	0.0	0.0	0.0	0.0	0.0	0.0
AF204178	0.0	0.0	0.0	1.0	0.0	0.0	0.0	0.0	0.0	0.0
M29095.1	0.0	0.0	0.0	0.0	0.0	1.0	0.0	0.0	0.0	0.0
M29095	0.0	0.0	0.0	0.0	0.0	1.0	0.0	0.0	0.0	0.0
KJ734727.1	0.0	0.0	0.0	1.0	0.0	0.0	0.0	0.0	0.0	0.0
KJ734727	0.0	0.0	0.0	1.0	0.0	0.0	0.0	0.0	0.0	0.0
AF022434_DQ181805.1	4.232120938220728e-08	6.20333540145894e-08	4.50407140043477e-08	1.8434436900107736e-07	2.179835860780627e-08	1.5303146441751337e-07	1.846578981181024e-07	0.9999992056009646	7.390491420053046e-08	2.7266753841561544e-08
DQ181804	0.0	0.0	0.0	0.0	0.0	0.0	0.0	1.0	0.0	0.0
M84727_M84727.2	1.2340897764676347e-14	1.5915353995620405e-14	1.313815756255298e-14	5.0464722164590106e-14	6.358522071019063e-15	2.6453009065449642e-14	5.3809558885407544e-14	0.9999999999997965	1.7059563091323743e-14	7.953638577754932e-15
M84728	0.0	0.0	0.0	0.0	0.0	0.0	0.0	1.0	0.0	0.0
GU131843_GU131843.2	1.0	0.0	0.0	0.0	0.0	0.0	0.0	0.0	0.0	0.0
GQ398262_GQ398262.2	5.533314670770032e-12	3.3780633614627844e-13	2.789606195088746e-13	1.07251879494557e-12	1.3500952305030637e-13	5.553710800796423e-13	1.142532083687914e-12	0.9999999999903292	4.463743702578523e-13	1.6887838628727054e-13
0.773	0.0014963289548590615	0.0019240944460537025	0.001592938232174616	0.16464298446698095	0.0007709402467697029	0.3306683214203011	0.00652401112473924	0.48935531479978167	0.0020607258489542444	0.0009643404593858702
AY858035_JN851126	3.486741534293774e-08	4.455724542060264e-08	3.668737572781209e-08	4.933258095722332e-06	1.775570115727397e-08	1.0665886835355596e-05	1.5026350872686054e-07	0.9999840226922375	7.1821639338169e-08	2.2209945437799425e-08
JN851131_JN851131.2	0.0	0.0	0.0	0.0	0.0	0.0	0.0	1.0	0.0	0.0
FJ196852_FJ196852.1	0.0	0.0	0.0	1.0	0.0	0.0	0.0	0.0	0.0	0.0
FJ882602.1	0.0	0.0	0.0	0.0	0.0	0.0	0.0	0.0	1.0	0.0
FJ882602	0.0	0.0	0.0	0.0	0.0	0.0	0.0	0.0	1.0	0.0
AF276619_KF041236.1	5.142487820499706e-05	6.612770414392712e-05	5.474744700916737e-05	0.005741407002013097	2.6496325876742737e-05	0.00010862424847691023	0.00022422269027804018	9.191256938412097e-05	0.9936018938667536	3.3143267859344125e-05
DQ448231_JQ955623	7.024583242473e-08	9.03302460813093e-08	7.478437811979163e-08	5.59380088857022e-07	3.6193674011127196e-08	1.4838048390227402e-07	3.062856133989445e-07	1.2635076719445978e-07	0.9999985427742596	4.52746563564368e-08
AF100465_JX966379	0.0004343884531689366	0.02072997831622476	0.03532052461950835	0.0017737385554357481	0.0002237990193986509	0.0075444861814273475	0.9289524620495332	0.0007840648404152055	0.003956616106568322	0.0002799418583197096
GQ868592	0.0	0.0	0.0	0.0	0.0	0.0	1.0	0.0	0.0	0.0
EU482603_EU920828	3.3118254261987885e-05	0.04326555209182561	0.0036174744848715018	0.00013524150899035486	1.706396101235208e-05	6.995974160332058e-05	0.952733417251179	6.129712064987783e-05	4.553091191576176e-05	2.134467369011303e-05
0.318	3.848995728188304e-06	0.9910058823186926	5.6320346500744565e-06	1.571863761995941e-05	1.98316677773856e-06	8.135781405229478e-06	0.008941400696191346	9.620212068831935e-06	5.297487360238308e-06	2.480669505933861e-06
EU920834_EU920835	1.1147216333815016e-06	5.9529085467330484e-05	1.1878917048219596e-06	4.552049876617108e-06	5.743529975086037e-07	2.3546454695552093e-06	0.999926431002905	2.0054324181233788e-06	1.5323807410700637e-06	7.184367865186356e-07
EU920840_JN819419	1.491171302999123e-08	9.87212381300869e-07	1.58942848142755e-08	6.089312549182132e-08	7.683162100984602e-09	3.149838058501489e-08	0.999998824913869	2.6883598459632783e-08	2.0498903642082955e-08	9.610581496169024e-09
0.882	6.45215751331976e-10	0.9999999815083331	6.870203498858502e-10	2.6349322207150245e-09	3.324427322100035e-10	1.363717172543557e-09	9.962102888019033e-09	1.5624844965486474e-09	8.879111446998795e-10	4.158402397335039e-10
M20558	0.0	1.0	0.0	0.0	0.0	0.0	0.0	0.0	0.0	0.0
GQ398284_GQ398284.2	8.636251881385988e-16	0.9999999999999853	9.194256205075855e-16	3.52667540677765e-15	4.449772136731775e-16	1.824232180354826e-15	3.776003653349252e-15	1.544850001314863e-15	1.1871836606792996e-15	5.566054340332611e-16
EU529701_EU529701.1	1.337350035825814e-10	0.9999999977313715	1.423759595650385e-10	5.461165925754172e-10	6.890608308479271e-11	2.8248856805278314e-10	5.854390827935825e-10	2.3953536940721594e-10	1.8383975692484924e-10	8.619205456906764e-11
FJ639697_FJ639697.2	0.0	0.0	0.0	0.0	0.0	0.0	0.0	1.0	0.0	0.0
JX649148_JX649148.1	2.8637332265530634e-10	3.683738117780313e-10	3.048760064503311e-10	1.1694259160938668e-09	1.4755197645079542e-10	6.049047690530399e-10	1.2486477961011234e-09	0.9999999952916162	3.9366293165975986e-10	1.8456727529245451e-10
FJ639701.1	0.0	0.0	0.0	0.0	0.0	0.0	0.0	1.0	0.0	0.0
FJ639701	0.0	0.0	0.0	0.0	0.0	0.0	0.0	1.0	0.0	0.0
0.801	5.859785741855246e-08	7.540445774355913e-08	6.238388560553953e-08	2.392886365412533e-07	3.0192161439449936e-08	1.2377649379478202e-07	2.5549961180133933e-07	0.9999990365384734	8.055217121150164e-08	3.7766250958472866e-08
FM210237	0.0	0.0	0.0	0.0	0.0	0.0	0.0	1.0	0.0	0.0
EU482664_FM210241	2.0897255952091755e-07	2.6883565293327654e-07	2.2247435155465246e-07	8.533544652367979e-07	1.0767174055672435e-07	4.414120959464847e-07	9.111648294193029e-07	0.9999965641671059	2.872646260657444e-07	1.3468257259955186e-07
FM210227	0.0	0.0	0.0	0.0	0.0	0.0	0.0	1.0	0.0	0.0
AF022434_EU726767.2	1.2656076314055378e-12	1.6277428901939614e-12	1.3473784414053715e-12	5.168636031423306e-12	6.520957577192627e-13	2.675748460777351e-12	5.518306805611739e-12	0.9999999999791884	1.7403527929397887e-12	8.156823115375482e-13
DQ181805_DQ181805.1	3.022107048381473e-09	3.886357676245319e-09	3.217366089612725e-09	1.23413044020552e-08	1.55712064816409e-09	6.385315802239814e-09	1.317699352817708e-08	0.9999999503109481	4.15474220369498e-09	1.947744260973044e-09
M84727.2	0.0	0.0	0.0	0.0	0.0	0.0	0.0	1.0	0.0	0.0
M84727.1	0.0	0.0	0.0	0.0	0.0	0.0	0.0	1.0	0.0	0.0
M84727	0.0	0.0	0.0	0.0	0.0	0.0	0.0	1.0	0.0	0.0
GU131843.2	1.0	0.0	0.0	0.0	0.0	0.0	0.0	0.0	0.0	0.0
GU131843.1	1.0	0.0	0.0	0.0	0.0	0.0	0.0	0.0	0.0	0.0
GU131843	1.0	0.0	0.0	0.0	0.0	0.0	0.0	0.0	0.0	0.0
GQ398262.2	0.0	0.0	0.0	0.0	0.0	0.0	0.0	1.0	0.0	0.0
GQ398262.1	0.0	0.0	0.0	0.0	0.0	0.0	0.0	1.0	0.0	0.0
GQ398262	0.0	0.0	0.0	0.0	0.0	0.0	0.0	1.0	0.0	0.0
FJ196853_FJ196853.1	5.809824387616942e-07	7.470863106882349e-07	6.185157010912465e-07	0.9999419610616875	2.993453478970746e-07	2.1268424434224915e-05	2.533182155613663e-06	3.081808743671484e-05	7.988745338616697e-07	3.7443995371342356e-07
AY037116	0.0	0.0	0.0	0.0	0.0	1.0	0.0	0.0	0.0	0.0
EU179858_JN851126	1.0955902946307673e-06	1.4088118553873063e-06	1.166353958537846e-06	4.7266151499509245e-06	5.644846692624343e-07	0.00014153464468560394	4.776899253173438e-06	0.9998425132058661	1.5073014051757215e-06	7.060928620164847e-07
AY858035_JN851128.2	2.725902625877439e-09	3.502982502957914e-09	2.898497545721493e-09	7.243479314342207e-08	1.402796453883311e-09	9.206115639090207e-08	1.1871095597273446e-08	0.9999998074062746	3.941795329995328e-09	1.75470586845047e-09
JN851131.2	0.0	0.0	0.0	0.0	0.0	0.0	0.0	1.0	0.0	0.0
JN851131.1	0.0	0.0	0.0	0.0	0.0	0.0	0.0	1.0	0.0	0.0
JN851131	0.0	0.0	0.0	0.0	0.0	0.0	0.0	1.0	0.0	0.0
FJ196852.1	0.0	0.0	0.0	1.0	0.0	0.0	0.0	0.0	0.0	0.0
FJ196852	0.0	0.0	0.0	1.0	0.0	0.0	0.0	0.0	0.0	0.0
KF041236_KF041236.1	0.0	0.0	0.0	0.0	0.0	0.0	0.0	0.0	1.0	0.0
AF276619	0.0	0.0	0.0	1.0	0.0	0.0	0.0	0.0	0.0	0.0
DQ448231_JQ922549.1	5.237029933479504e-08	6.73433934271848e-08	5.5753955300958184e-08	3.462934473259426e-07	2.6983449448287537e-08	1.1062118664261827e-07	2.2834492689698674e-07	9.354591039359619e-08	0.9999989849833345	3.376009671522859e-08
JQ955623	0.0	0.0	0.0	0.0	0.0	0.0	0.0	0.0	1.0	0.0
JX966379	0.0	0.0	1.0	0.0	0.0	0.0	0.0	0.0	0.0	0.0
AF100465	0.0	0.0	0.0	0.0	0.0	0.0	1.0	0.0	0.0	0.0
EU482603_GQ868558.2	2.5130278912643112e-05	0.014639299209506592	0.008070081100111174	0.00010262152093774668	1.2948210693004056e-05	5.308385555053403e-05	0.9770005182717855	4.557427472387296e-05	3.4546842970287755e-05	1.6196434808819977e-05
EU920828	0.0	0.0	0.0	0.0	0.0	0.0	1.0	0.0	0.0	0.0
AY702039_EU920849.1	1.4703516402964041e-07	0.9994229112187318	1.6414696738688958e-07	6.004332956117157e-07	7.575888959692518e-08	3.1060804159361153e-07	0.0005752179700247154	2.7591234392122167e-07	2.0215256618011643e-07	9.476397516296778e-08
EU482546	0.0	1.0	0.0	0.0	0.0	0.0	0.0	0.0	0.0	0.0
EU920835	0.0	0.0	0.0	0.0	0.0	0.0	1.0	0.0	0.0	0.0
EU920834	0.0	0.0	0.0	0.0	0.0	0.0	1.0	0.0	0.0	0.0
JN819419	0.0	0.0	0.0	0.0	0.0	0.0	1.0	0.0	0.0	0.0
FJ850085_FJ850085.2	0.0	0.0	0.0	0.0	0.0	0.0	1.0	0.0	0.0	0.0
EU920840_FJ850088.1	6.150045655642009e-07	8.215729168706695e-07	6.547408449580971e-07	2.5114140962269605e-06	3.168770721596597e-07	1.299065234841889e-06	0.999991442651544	1.0968946546153848e-06	8.454093356985727e-07	3.9636973504557835e-07
0.879	1.5664619345525803e-09	0.9999998377864434	1.6676814584044741e-09	6.396769208361093e-09	8.071092081563935e-10	3.3088852368337905e-09	1.4247518456461188e-07	2.828480503432433e-09	2.153401593935276e-09	1.0095828669674212e-09
GQ868603_GQ868603.1	6.400001741726033e-10	0.9999999891592476	6.813508228446279e-10	2.6134854073263664e-09	3.2975589570123437e-10	1.3518630834110294e-09	2.79057924095323e-09	1.14146911286865e-09	8.797692615877883e-10	4.1247937604952305e-10
GQ398284.2	0.0	1.0	0.0	0.0	0.0	0.0	0.0	0.0	0.0	0.0
GQ398284.1	0.0	1.0	0.0	0.0	0.0	0.0	0.0	0.0	0.0	0.0
GQ398284	0.0	1.0	0.0	0.0	0.0	0.0	0.0	0.0	0.0	0.0
EU529701.1	0.0	1.0	0.0	0.0	0.0	0.0	0.0	0.0	0.0	0.0
EU529701	0.0	1.0	0.0	0.0	0.0	0.0	0.0	0.0	0.0	0.0
FJ639697.2	0.0	0.0	0.0	0.0	0.0	0.0	0.0	1.0	0.0	0.0
FJ639697.1	0.0	0.0	0.0	0.0	0.0	0.0	0.0	1.0	0.0	0.0
FJ639697	0.0	0.0	0.0	0.0	0.0	0.0	0.0	1.0	0.0	0.0
JX649148.1	0.0	0.0	0.0	0.0	0.0	0.0	0.0	1.0	0.0	0.0
JX649148	0.0	0.0	0.0	0.0	0.0	0.0	0.0	1.0	0.0	0.0
0.422	3.662153713983167e-08	4.709308652757793e-08	3.8987668168395277e-08	1.495466088492209e-07	1.8869007010082462e-08	7.735516629013449e-08	1.5967724055482276e-07	0.9999993979057216	5.0341425385532466e-08	2.3602538543370184e-08
FM210235_FM210235.1	4.0065518586849626e-11	5.1520529341577134e-11	4.265416655330553e-11	1.636103432464533e-10	2.0643495894964895e-11	8.462981377201671e-11	1.7469365880469562e-10	0.9999999993412846	5.507562840334519e-11	2.5822180641012067e-11
FM210221_FM210241	4.772173762136234e-08	6.136620750173919e-08	5.0805056720147764e-08	1.9487505016532005e-07	2.4588312574344886e-08	1.0080194430519217e-07	2.080763137749431e-07	0.9999992154085942	6.560017819457628e-08	3.075660499475965e-08
EU482664_EU482664.1	6.829244203383685e-11	8.781780257057848e-11	7.270484195703609e-11	2.7887695673139904e-10	3.518723322381857e-11	1.442531363021668e-10	2.977686814074674e-10	0.9999999988772069	9.387746284836259e-11	4.4014400331509645e-11
AF100462_EU726767.2	6.958129262863229e-07	8.947502944727916e-07	7.407696566745382e-07	2.841400677279898e-06	3.585130504798992e-07	1.4697555436408438e-06	3.0338832455301333e-06	0.9999885601723297	9.564916452782424e-07	4.4845063058870016e-07
DQ181803	0.0	0.0	0.0	0.0	0.0	0.0	0.0	1.0	0.0	0.0
AF022434_EU687246.1	2.4529218542035687e-08	3.1542279088176816e-08	2.6114060419740795e-08	1.0016677693973722e-07	1.2638519109336322e-08	5.181271226043547e-08	1.0695228896913769e-07	0.999999596716269	3.371882256733845e-08	1.5809053134055967e-08
AF169679_JF730047	1.027616660626995e-07	1.3214188403059896e-07	1.0940113529475145e-07	4.1963443992228856e-07	5.2947275022790046e-08	2.1706197602326422e-07	4.480613756560357e-07	0.9999983105002698	1.412602028761408e-07	6.622977556922942e-08
DQ181805.1	0.0	0.0	0.0	0.0	0.0	0.0	0.0	1.0	0.0	0.0
DQ181805	0.0	0.0	0.0	0.0	0.0	0.0	0.0	1.0	0.0	0.0
FJ196853.1	0.0	0.0	0.0	1.0	0.0	0.0	0.0	0.0	0.0	0.0
FJ196853	0.0	0.0	0.0	1.0	0.0	0.0	0.0	0.0	0.0	0.0
0.760	1.5183245499339025e-05	1.9524220914305412e-05	1.616422255750632e-05	6.220159025104612e-05	7.823059009974015e-06	0.0023420818006775587	6.620190740656888e-05	0.9974401619015156	2.0872478835363683e-05	9.785573332562351e-06
JN851126	0.0	0.0	0.0	0.0	0.0	0.0	0.0	1.0	0.0	0.0
0.788	5.289786888322898e-08	6.80200835490728e-08	5.631309933668299e-08	2.598240752010764e-07	2.7254060336425608e-08	1.7341410797601307e-07	2.3063498711074525e-07	0.9999990246960292	7.285459876774992e-08	3.409108964676334e-08
AY858035_JX470186	9.91938164618716e-07	1.2755395806685262e-06	1.0560275743759526e-06	8.2374977764248e-05	5.110895993993024e-07	2.097257101764334e-06	4.325048058968456e-06	0.9999053652577149	1.3635614846277702e-06	6.393029565621817e-07
KF041236.1	0.0	0.0	0.0	0.0	0.0	0.0	0.0	0.0	1.0	0.0
KF041236	0.0	0.0	0.0	0.0	0.0	0.0	0.0	0.0	1.0	0.0
DQ448231_KF479233	7.120798685907771e-07	9.156680623177814e-07	7.580876118872899e-07	4.319423017072909e-05	3.668944857819987e-07	1.5041159744563056e-06	3.104810359996793e-06	1.2700273876873194e-06	0.999947711673268	4.6241281056967026e-07
JQ922549_JQ922549.1	0.0	0.0	0.0	0.0	0.0	0.0	0.0	0.0	1.0	0.0
0.908	3.1827355785580725e-07	1.897417424640839e-06	0.9998935253989497	1.2996923281603257e-06	1.6398836489557301e-07	6.722847722030665e-07	0.00010091257568950152	5.67730517150664e-07	4.375114540558227e-07	2.0512694181755123e-07
0.447	1.8380039621934113e-06	0.0007297043268061875	0.00040246655516449606	7.505631082419097e-06	9.470194552448147e-07	3.882465382860028e-06	0.9988466290565445	3.315669527556298e-06	2.5266806871400952e-06	1.1845913874338073e-06
0.431	2.251503449447165e-06	0.9990603457367294	2.399540111307447e-06	9.19417323549679e-06	1.1600723927167423e-06	4.755827424730632e-06	0.0009113267839704255	4.020255781560414e-06	3.095015528200636e-06	1.451091376856702e-06
EU482726_EU920849.1	4.008466563682636e-08	0.999991227909194	4.26980139098542e-08	1.636885466916494e-07	2.065336124063345e-08	8.467034303333575e-08	8.267824549914243e-06	7.153475702574036e-08	5.510204765799787e-08	2.5834520834699713e-08
FJ850085.2	0.0	0.0	0.0	0.0	0.0	0.0	1.0	0.0	0.0	0.0
FJ850085.1	0.0	0.0	0.0	0.0	0.0	0.0	1.0	0.0	0.0	0.0
FJ850085	0.0	0.0	0.0	0.0	0.0	0.0	1.0	0.0	0.0	0.0
FJ850088_FJ850088.1	0.0	0.0	0.0	0.0	0.0	0.0	1.0	0.0	0.0	0.0
EU920840	0.0	0.0	0.0	0.0	0.0	0.0	1.0	0.0	0.0	0.0
EU482561_EU482576.1	1.512477908584228e-08	0.999999743686041	1.6101996662565337e-08	6.176309166196897e-08	7.792943308507674e-09	3.194785137026434e-08	6.606859537528968e-08	2.6975686145573132e-08	2.0791112577059655e-08	9.747902722548721e-09
AF489932_GQ398282	7.175787584644995e-07	0.9996002556564529	7.639417888742631e-07	2.9302829749839376e-06	3.6972775286817443e-07	1.51573120606925e-06	0.00039071835434134795	1.279836218204131e-06	9.864118218723247e-07	4.6247868438243e-07
GQ868603.1	0.0	1.0	0.0	0.0	0.0	0.0	0.0	0.0	0.0	0.0
GQ868603	0.0	1.0	0.0	0.0	0.0	0.0	0.0	0.0	0.0	0.0
FM210222_FM210234	8.408571867184859e-08	1.081263767020029e-07	8.951852803891413e-08	3.433699044521884e-07	4.33246155164614e-08	1.776130432035673e-07	3.6663051754792435e-07	0.9999986175506309	1.1558751579973242e-07	5.4193148958909153e-08
FM210243	0.0	0.0	0.0	0.0	0.0	0.0	0.0	1.0	0.0	0.0
FM210235.1	0.0	0.0	0.0	0.0	0.0	0.0	0.0	1.0	0.0	0.0
FM210235	0.0	0.0	0.0	0.0	0.0	0.0	0.0	1.0	0.0	0.0
FM210221_FM210221.1	0.0	0.0	0.0	0.0	0.0	0.0	0.0	1.0	0.0	0.0
FM210241	0.0	0.0	0.0	0.0	0.0	0.0	0.0	1.0	0.0	0.0
EU482664.1	0.0	0.0	0.0	0.0	0.0	0.0	0.0	1.0	0.0	0.0
EU482664	0.0	0.0	0.0	0.0	0.0	0.0	0.0	1.0	0.0	0.0
EU726767_EU726767.2	0.0	0.0	0.0	0.0	0.0	0.0	0.0	1.0	0.0	0.0
AF100462	0.0	0.0	0.0	0.0	0.0	0.0	0.0	1.0	0.0	0.0
0.958	2.8216783246556364e-09	3.628414213784407e-09	3.003988004300271e-09	1.1522520493405902e-08	1.4538512658056783e-09	5.960190164895707e-09	1.2303080713285378e-08	0.999999953608919	3.87878931418707e-09	1.8185684344266046e-09
AF022434	0.0	0.0	0.0	0.0	0.0	0.0	0.0	1.0	0.0	0.0
EU482451_JF730047	1.522234826245229e-07	1.957451503949141e-07	1.6205869810928437e-07	6.216152219730926e-07	7.843215187401676e-08	3.2153945262663093e-07	6.637247686323167e-07	0.9999974973008651	2.092523490758838e-07	9.810785944681689e-08
AF169679_AF169679.1	0.0	0.0	0.0	0.0	0.0	0.0	0.0	1.0	0.0	0.0
HM488257	0.0	0.0	0.0	0.0	0.0	1.0	0.0	0.0	0.0	0.0
EU179858	0.0	0.0	0.0	0.0	0.0	0.0	0.0	1.0	0.0	0.0
JN851128_JN851128.2	0.0	0.0	0.0	0.0	0.0	0.0	0.0	1.0	0.0	0.0
GU370051_JN851121	2.8073559948795793e-07	3.6099970184717074e-07	2.9887402727890346e-07	1.1464568153803514e-06	1.4464717643789688e-07	5.930688935159079e-07	1.2240632371399254e-06	0.9999953843104823	3.8591029751844225e-07	1.8093376907652104e-07
EU482640_JX470186	1.915223720947917e-05	2.4627984348402153e-05	2.0389670280237354e-05	0.002311404973743574	9.868064687288576e-06	4.0456347043503114e-05	8.35075768673991e-05	0.997451922134089	2.632741691410962e-05	1.2343594816927738e-05
AY858035_AY858035.2	2.4343359383010616e-14	3.130328159104019e-14	2.5916192809550523e-14	1.206740925089231e-13	1.2542756384875034e-14	5.1420667820629385e-14	1.0614190584704477e-13	0.9999999999995783	3.3463334526057344e-14	1.5689267106423e-14
0.622	3.839347600686044e-06	4.937041650482309e-06	4.087409268220701e-06	0.00024362070474982775	1.9781986911934674e-06	8.10979820836966e-06	1.674032188657722e-05	6.847635651837733e-06	0.9997073454019301	2.4941403627392303e-06
DQ448231	0.0	0.0	0.0	0.0	0.0	0.0	0.0	0.0	1.0	0.0
JQ922549.1	0.0	0.0	0.0	0.0	0.0	0.0	0.0	0.0	1.0	0.0
JQ922549	0.0	0.0	0.0	0.0	0.0	0.0	0.0	0.0	1.0	0.0
0.793	2.488295311330084e-09	1.2528572442782506e-08	0.9999993240732287	1.0161127850066333e-08	1.2820778523771596e-09	5.255991043827283e-09	6.347480379646423e-07	4.438456477628381e-09	3.4205091297098497e-09	1.6037034651672714e-09
FJ898439_GQ868515.1	1.2784294784096775e-07	2.514307480663692e-07	0.9999918983192542	5.220556071665284e-07	6.587024109191887e-08	2.700408120473049e-07	6.378290276940538e-06	2.2801755640085292e-07	1.7573792361834214e-07	8.239463281785487e-08
0.909	1.2989484214634325e-07	1.1046026481793935e-05	6.1287989612773665e-06	5.30434861818365e-07	6.692746557056926e-08	2.7437613062682676e-07	0.9999813290305034	2.3223382564131653e-07	1.7855985233638672e-07	8.37170755669892e-08
FJ024473_GQ868558.2	5.140051882034974e-07	3.8502267881335265e-06	2.3033817208911032e-06	2.0989761414717443e-06	2.6483780467005733e-07	1.085726032125883e-06	0.9999879280850256	9.16913535884306e-07	7.065720107851189e-07	3.3127575230252087e-07
0.769	9.665520286148674e-08	0.9999788339898498	1.0295572051100325e-07	3.946983069355439e-07	4.9800959764763516e-08	2.0416358494526614e-07	1.995008766339797e-05	1.7248828930791995e-07	1.32866255513368e-07	6.229416692231224e-08
EU920833_EU920833.3	2.981548243092777e-15	4.841017828716056e-13	3.1741884108886537e-15	1.2175360470804593e-14	1.5362231936212129e-15	6.297881077334059e-15	0.9999999999994784	5.3177140745704505e-15	4.0985527580187015e-15	1.9216044129557998e-15
0.902	6.035048412893566e-08	0.999979277789913	6.425121961292844e-08	2.4644541752755127e-07	3.109519145677819e-08	1.2747745692238189e-07	1.996309419355595e-05	1.0764016581756272e-07	8.29601405912915e-08	3.8895817595488525e-08
EU482726	0.0	1.0	0.0	0.0	0.0	0.0	0.0	0.0	0.0	0.0
FJ850088.1	0.0	0.0	0.0	0.0	0.0	0.0	1.0	0.0	0.0	0.0
FJ850088	0.0	0.0	0.0	0.0	0.0	0.0	1.0	0.0	0.0	0.0
EU482561_EU482575	1.3257057838253025e-09	0.9999999775440613	1.411360124617152e-09	5.413612150242436e-09	6.830612175238905e-10	2.800269083012682e-09	5.7806974216515345e-09	2.364449965060978e-09	1.8223669876579376e-09	8.544158526983625e-10
EU482576_EU482576.1	3.7106076480829976e-10	0.999999993714753	3.9503513799257666e-10	1.5152525464860142e-09	1.9118662743855062e-10	7.837862670752402e-10	1.617900855655372e-09	6.618018794453122e-10	5.100746307166928e-10	2.391482360828369e-10
EU482551_GQ398282	1.9501894064213565e-08	0.9999977122140303	2.0761918656829513e-08	7.963734635504836e-08	1.0048223117083707e-08	4.119356779278166e-08	2.0424835609644e-06	3.478244438146117e-08	2.680806590390344e-08	1.2568948291060297e-08
AF489932_FJ898465.2	1.7683321300049144e-05	0.7612053564791906	1.882584722629373e-05	7.221107746085502e-05	9.111215417817681e-06	3.735222288609995e-05	0.23857221585281016	3.153891883553054e-05	2.4308184636011817e-05	1.1396880236522698e-05
FM210234	0.0	0.0	0.0	0.0	0.0	0.0	0.0	1.0	0.0	0.0
FM210222	0.0	0.0	0.0	0.0	0.0	0.0	0.0	1.0	0.0	0.0
FM210221.1	0.0	0.0	0.0	0.0	0.0	0.0	0.0	1.0	0.0	0.0
FM210221	0.0	0.0	0.0	0.0	0.0	0.0	0.0	1.0	0.0	0.0
EU726767.2	0.0	0.0	0.0	0.0	0.0	0.0	0.0	1.0	0.0	0.0
EU726767.1	0.0	0.0	0.0	0.0	0.0	0.0	0.0	1.0	0.0	0.0
EU726767	0.0	0.0	0.0	0.0	0.0	0.0	0.0	1.0	0.0	0.0
DQ181798_EU687246.1	3.735676664405963e-07	4.803730527596557e-07	3.9770401146592647e-07	1.525489654373252e-06	1.924782920764079e-07	7.890815590012372e-07	1.6288295912161375e-06	0.9999938581915259	5.135207156849582e-07	2.407639313011304e-07
0.947	2.26603581002624e-07	2.9139099486226675e-07	2.412445221396547e-07	9.253515481067576e-07	1.1675601013697142e-07	4.786514547057314e-07	9.880368441129797e-07	0.9999962744211582	3.11498139552575e-07	1.4604574729109104e-07
FJ639706_JF730047	9.039388234163296e-08	1.1623807173941371e-07	9.62342644955946e-08	3.691297312871745e-07	4.6574855508914867e-08	1.9093768548529594e-07	3.9413536997419667e-07	0.9999985138384224	1.242589638335276e-07	5.8258753187902516e-08
EU482451_FJ639704	6.095278688799503e-09	7.83795787001059e-09	6.4890968981219655e-09	2.4890496195457272e-08	3.140552400930062e-09	1.2874968693443847e-08	2.657663172410689e-08	0.999999899787809	8.378808327806605e-09	3.928400103451484e-09
AF169679.1	0.0	0.0	0.0	0.0	0.0	0.0	0.0	1.0	0.0	0.0
AF169679	0.0	0.0	0.0	0.0	0.0	0.0	0.0	1.0	0.0	0.0
JN851128.2	0.0	0.0	0.0	0.0	0.0	0.0	0.0	1.0	0.0	0.0
JN851128.1	0.0	0.0	0.0	0.0	0.0	0.0	0.0	1.0	0.0	0.0
JN851128	0.0	0.0	0.0	0.0	0.0	0.0	0.0	1.0	0.0	0.0
GU370051	0.0	0.0	0.0	0.0	0.0	0.0	0.0	1.0	0.0	0.0
JN851121	0.0	0.0	0.0	0.0	0.0	0.0	0.0	1.0	0.0	0.0
JX470186	0.0	0.0	0.0	1.0	0.0	0.0	0.0	0.0	0.0	0.0
EU482640	0.0	0.0	0.0	0.0	0.0	0.0	0.0	1.0	0.0	0.0
AY858035.2	0.0	0.0	0.0	0.0	0.0	0.0	0.0	1.0	0.0	0.0
AY858035.1	0.0	0.0	0.0	0.0	0.0	0.0	0.0	1.0	0.0	0.0
AY858035	0.0	0.0	0.0	0.0	0.0	0.0	0.0	1.0	0.0	0.0
KF041233_KJ010186	4.817490468575568e-08	6.194841821081751e-08	5.1287503086199505e-08	2.931885515739228e-07	2.482180394034295e-08	1.0175915184816866e-07	2.100522003247689e-07	8.592189227321537e-08	0.9999985081247001	6.147208737728279e-07
KF479233	0.0	0.0	0.0	1.0	0.0	0.0	0.0	0.0	0.0	0.0
0.742	3.232792262241568e-10	4.227885211744014e-10	0.9999999939718721	1.320133296938921e-09	1.6656750280381174e-10	6.828580174770931e-10	1.8831740418805716e-09	5.765819379823814e-10	4.4439226103462323e-10	2.0835308942858836e-10
EU482603_GQ868604	3.048013622910517e-09	3.925372168520217e-09	0.9999999472951488	1.2446776490275382e-08	1.5704690450146502e-09	6.438274930406349e-09	1.3685328992360542e-08	5.436255856806074e-09	4.189918662493322e-09	1.9644412737949706e-09
GQ868515_GQ868515.1	0.0	0.0	1.0	0.0	0.0	0.0	0.0	0.0	0.0	0.0
FJ898439	0.0	0.0	1.0	0.0	0.0	0.0	0.0	0.0	0.0	0.0
GQ868553_JN819408.2	8.940632889979217e-07	2.280066573768151e-06	1.5742748107546846e-06	3.6509698994557614e-06	4.6066025063174735e-07	1.8885170254290972e-06	0.9999858515545758	1.5946563335483768e-06	1.2290144804211615e-06	5.762227612256292e-07
EU482607_KJ189305	1.8655199984425492e-06	3.088471584127789e-06	2.3657728749665696e-06	7.617981206893412e-06	9.61196954065095e-07	3.9405108845920395e-06	0.9999730665382907	3.3272659228983366e-06	2.564416790223481e-06	1.2023254930146388e-06
FJ024473_HQ332189	6.546804935892168e-09	9.646587723742527e-09	7.64599905517892e-09	2.673433518110368e-08	3.3731983407405723e-09	1.3828721159496643e-08	0.9999999073288965	1.167655468137945e-08	8.999494105159637e-09	4.219408250218426e-09
GQ868555_GQ868558.2	6.867097848638437e-07	9.54656655562669e-07	7.70511545514548e-07	2.8042273648739664e-06	3.5382271651243707e-07	1.4505271175927225e-06	0.9999903682046646	1.224778364085089e-06	9.439781199746032e-07	4.425836664082758e-07
AY702039	0.0	1.0	0.0	0.0	0.0	0.0	0.0	0.0	0.0	0.0
EU677145	0.0	1.0	0.0	0.0	0.0	0.0	0.0	0.0	0.0	0.0
EU920833.3	0.0	0.0	0.0	0.0	0.0	0.0	1.0	0.0	0.0	0.0
EU920833.2	0.0	0.0	0.0	0.0	0.0	0.0	1.0	0.0	0.0	0.0
EU920833.1	0.0	0.0	0.0	0.0	0.0	0.0	1.0	0.0	0.0	0.0
EU920833	0.0	0.0	0.0	0.0	0.0	0.0	1.0	0.0	0.0	0.0
EU687216_JX669476	4.370570517613667e-06	0.9970091834302338	4.652955199470314e-06	1.7847529932066325e-05	2.2519078180530304e-06	9.23189266167624e-06	0.002935841838738936	7.7950901620228e-06	6.00795706529277e-06	2.816827671075606e-06
EU920849_EU920849.1	1.7805288936625693e-12	0.9999999999693121	1.8955695630688425e-12	7.270914082272046e-12	9.174058443287021e-13	3.760985335531292e-12	8.291774114046148e-12	3.1756453534986895e-12	2.4475846117670737e-12	1.1475488237994623e-12
EU482561_EU482590.1	2.4088851783407906e-09	0.9999999591968828	2.564524140205398e-09	9.836850852605816e-09	1.241162302275798e-09	5.0882531941064815e-09	1.0503226141367204e-08	4.2963441274608865e-09	3.3113477206745715e-09	1.5525237264681156e-09
EU482575	0.0	1.0	0.0	0.0	0.0	0.0	0.0	0.0	0.0	0.0
EU482576.1	0.0	1.0	0.0	0.0	0.0	0.0	0.0	0.0	0.0	0.0
EU482576	0.0	1.0	0.0	0.0	0.0	0.0	0.0	0.0	0.0	0.0
GQ398269_GQ398282	1.1139327436628927e-07	0.999997996146097	1.1859043500227089e-07	4.548822151335209e-07	5.739465463676802e-08	2.3529439642881702e-07	6.027061303617693e-07	1.986744110035823e-07	1.5312554890406939e-07	7.179283719191246e-08
EU482551_EU569714.2	1.8968115757398278e-08	0.9999996773047991	2.019365272842485e-08	7.745762535224463e-08	9.773197342474438e-09	4.00660755674872e-08	8.4106890760607e-08	3.383040150483819e-08	2.6074313314534935e-08	1.222492878636841e-08
0.307	1.830857457624297e-05	0.7600313392457018	1.9491498347789837e-05	7.476434287935374e-05	9.433373070977732e-06	3.8672936304968926e-05	0.2397383684083335	3.265408330337662e-05	2.5167682228254045e-05	1.179985525379254e-05
EU687220_FJ898465.2	2.851786498410075e-05	0.004135602938994234	3.0360414782911072e-05	0.00011645469323554771	1.4693643050283014e-05	6.023787223196464e-05	0.9955056883042727	5.086276540426377e-05	3.920177186633517e-05	1.8379731177775185e-05
EU687246_EU687246.1	7.317577496219776e-12	9.409719728041348e-12	7.79036888333635e-12	2.988183873598942e-11	3.770333851506153e-12	1.545681272109678e-11	3.1906098499976596e-11	0.999999999879692	1.005902804368231e-11	4.7161702788073446e-12
DQ181798	0.0	0.0	0.0	0.0	0.0	0.0	0.0	1.0	0.0	0.0
AF100460	0.0	0.0	0.0	0.0	0.0	0.0	0.0	1.0	0.0	0.0
FJ639828	0.0	0.0	0.0	0.0	0.0	0.0	0.0	1.0	0.0	0.0
GQ868638_JF730047	7.969855429922012e-08	1.0248488096957798e-07	8.484790735462401e-08	3.254546123072948e-07	4.106415782349864e-08	1.6834609931792241e-07	3.475016048808891e-07	0.9999986896798089	1.0955674786511545e-07	5.1365626567544915e-08
FJ639706_FJ639706.1	2.182234734922966e-10	2.8061496098988476e-10	2.3232297278521421e-10	8.911307938553358e-10	1.1243821465864943e-10	4.609502752598317e-10	9.514979026664389e-10	0.9999999964121982	2.9997851622108013e-10	1.4064477764043366e-10
0.795	2.5005103543967923e-09	3.2154222656465514e-09	2.662069252756988e-09	1.021100865776368e-08	1.2883715738021503e-09	5.281791723427781e-09	1.0902724256601339e-08	0.9999999588892263	3.437299268971078e-09	1.6115760470385575e-09
FJ639704	0.0	0.0	0.0	0.0	0.0	0.0	0.0	1.0	0.0	0.0
0.383	2.4360474439086504e-08	3.1325289965579225e-08	2.593441369791257e-08	1.0887947195318434e-07	1.2551574816098833e-08	5.14562765338558e-08	1.06216530998259e-07	4.344789141265648e-08	0.9999965519266701	3.0439014060144178e-06
KJ010186	0.0	0.0	0.0	0.0	0.0	0.0	0.0	0.0	1.0	0.0
FJ850061_GU369819.1	2.582859039246124e-10	3.3213620358684997e-10	0.9999999955675247	1.0547285263247675e-09	1.3308011940248023e-10	5.455735655041484e-10	1.126492888463332e-09	4.6066335444423776e-10	3.5504989898800185e-10	1.6646496796971657e-10
0.968	4.05791706595332e-10	5.218150158780158e-10	0.9999999930363316	1.6570787727425417e-09	2.090815175961178e-10	8.571479312466785e-10	1.7696581131885607e-09	7.237459183475071e-10	5.578171408022884e-10	2.615322881131171e-10
0.569	1.5979400972446146e-08	2.0548430153777933e-08	0.9999997257670963	6.525299980807527e-08	8.233281635121394e-09	3.375305671232391e-08	6.970121189449753e-08	2.8499907830007437e-08	2.1965909153198204e-08	1.0298705545424958e-08
EU596500_GQ868604	7.416155795261856e-09	9.536487989606388e-09	0.9999998727392398	3.0284390104439725e-08	3.821125674085997e-09	1.5665038231171567e-08	3.233630718850241e-08	1.3227013755269804e-08	1.0194537626611935e-08	4.779703879144042e-09
GQ868515.1	0.0	0.0	1.0	0.0	0.0	0.0	0.0	0.0	0.0	0.0
GQ868515	0.0	0.0	1.0	0.0	0.0	0.0	0.0	0.0	0.0	0.0
JN819408_JN819408.2	3.011596556620753e-17	3.8907648216882696e-17	3.216162145524117e-17	1.2298064857087302e-16	1.551705390255835e-17	6.361351691205616e-17	0.9999999999999997	5.371305176818005e-17	4.13985834125005e-17	1.940970516461379e-17
GQ868553	0.0	0.0	0.0	0.0	0.0	0.0	1.0	0.0	0.0	0.0
EU482607	0.0	0.0	0.0	0.0	0.0	0.0	1.0	0.0	0.0	0.0
KJ189305	0.0	0.0	0.0	0.0	0.0	0.0	1.0	0.0	0.0	0.0
0.910	2.002072916076549e-08	2.5891862293530364e-08	2.1395264590752044e-08	8.175604569791201e-08	1.0315549500583247e-08	4.2289495594752685e-08	0.9999997221986517	3.570778764151555e-08	2.7521276859486298e-08	1.2903336913992967e-08
0.935	3.324450046418283e-08	4.2762564774604395e-08	3.539973542432803e-08	1.3575623930791726e-07	1.7129011006889436e-08	7.022187574465905e-08	0.9999995390679297	5.929291160060415e-08	4.569918974578507e-08	2.1426042307575735e-08
GQ868558_GQ868558.2	0.0	0.0	0.0	0.0	0.0	0.0	1.0	0.0	0.0	0.0
GQ868555_GQ868555.1	0.0	0.0	0.0	0.0	0.0	0.0	1.0	0.0	0.0	0.0
EU920842_JX669476	7.409560660164331e-06	0.5673576261813007	7.888295119269471e-06	3.0257458409694896e-05	3.81772757394611e-06	1.5651107423062473e-05	0.43254917349341965	1.321525107517932e-05	1.018547169615087e-05	4.7754533221601444e-06
EU687216_EU687216.2	2.364214418383931e-14	0.9999999999981559	2.5169672109301712e-14	9.654434684711462e-14	1.2181459859436227e-14	4.993895796392075e-14	1.5466903335928353e-12	4.216672064055132e-14	3.249941548123445e-14	1.5237334730612265e-14
EU920849.1	0.0	1.0	0.0	0.0	0.0	0.0	0.0	0.0	0.0	0.0
EU920849	0.0	1.0	0.0	0.0	0.0	0.0	0.0	0.0	0.0	0.0
EU482561_GQ398285	2.2200717827363625e-09	0.9999999623951208	2.3635114413119685e-09	9.065818165686578e-09	1.1438774375192657e-09	4.6894253994405296e-09	9.679956121559088e-09	3.959587799660863e-09	3.051797447047112e-09	1.4308337101956132e-09
EU482590_EU482590.1	4.021480393030546e-12	0.9999999999318817	4.281309727843227e-12	1.6421996028953705e-11	2.0720414190138907e-12	8.494514657172677e-12	1.753445721718929e-11	7.172472901384594e-12	5.528084133240847e-12	2.5918394873460342e-12
GQ398269	0.0	1.0	0.0	0.0	0.0	0.0	0.0	0.0	0.0	0.0
GQ398282	0.0	1.0	0.0	0.0	0.0	0.0	0.0	0.0	0.0	0.0
EU482551_EU569719	1.0962580686167344e-09	0.9999999814304543	1.1670877076833257e-09	4.476646381450039e-09	5.648397858755374e-10	2.3156100047254364e-09	4.7803869849728776e-09	1.955220595811395e-09	1.5069591898446586e-09	7.065370641833112e-10
EU482554_EU569714.2	1.9230410843534525e-08	0.9999996742560125	2.0472894797033264e-08	7.852872565410854e-08	9.908343166738577e-09	4.062011767033784e-08	8.385642801669609e-08	3.429821537790793e-08	2.6434874392048168e-08	1.2393977667661734e-08
AF489932_JX669483.1	4.870420662767692e-06	0.0022323595151966013	5.185100342235639e-06	1.9888702906998947e-05	2.5094523297354013e-06	1.0287718865465821e-05	0.9977063784463692	8.686592202406203e-06	6.695070609997401e-06	3.138980514644389e-06
EU569708	0.0	1.0	0.0	0.0	0.0	0.0	0.0	0.0	0.0	0.0
FJ898465_FJ898465.2	4.775774008212378e-15	2.0945447080260233e-13	5.0843385323413806e-15	1.950220668338053e-14	2.460686261212581e-15	1.0087798110967115e-14	0.9999999999997304	8.517786066205764e-15	6.564965619252471e-15	3.077980854656791e-15
EU687220	0.0	0.0	0.0	0.0	0.0	0.0	1.0	0.0	0.0	0.0
EU687246.1	0.0	0.0	0.0	0.0	0.0	0.0	0.0	1.0	0.0	0.0
EU687246	0.0	0.0	0.0	0.0	0.0	0.0	0.0	1.0	0.0	0.0
GQ868638_GQ868638.1	0.0	0.0	0.0	0.0	0.0	0.0	0.0	1.0	0.0	0.0
JF730047	0.0	0.0	0.0	0.0	0.0	0.0	0.0	1.0	0.0	0.0
FJ639706.1	0.0	0.0	0.0	0.0	0.0	0.0	0.0	1.0	0.0	0.0
FJ639706	0.0	0.0	0.0	0.0	0.0	0.0	0.0	1.0	0.0	0.0
EU482451_GU131924	3.217391167018506e-09	4.137263889963557e-09	3.425267999691221e-09	1.3138441520176601e-08	1.6577397146546645e-09	6.796048657469861e-09	1.4028467691784318e-08	0.9999999471030229	4.4227516542536e-09	2.07360490613576e-09
FJ810411_FJ810411.2	1.3427444058100966e-14	1.7266436237396222e-14	1.4294996182412508e-14	5.483190552993383e-14	6.91840255844456e-15	2.836259516708738e-14	5.85463362625149e-14	0.9999999999997793	1.8457889432013262e-14	8.653972249679354e-15
0.384	4.933536052309568e-06	6.3440655796816825e-06	5.2522936404274945e-06	2.0153552286942343e-05	2.5419721205901813e-06	1.0421036586592079e-05	2.151120194073677e-05	8.799161051491027e-06	0.9991062810464515	0.0008137621342897669
KF360005	0.0	0.0	0.0	0.0	0.0	0.0	0.0	0.0	1.0	0.0
FJ873808_GU369819.1	1.6389832022192038e-09	2.1075790793768058e-09	0.9999999718752336	6.69290236625584e-09	8.4447535438734e-10	3.462000426071734e-09	7.1463000406308805e-09	2.9231928182799456e-09	2.2530103716379053e-09	1.0563227884861943e-09
0.982	4.902284080887439e-09	6.303878481893753e-09	0.9999999158773771	2.0018819400103686e-08	2.525869747114807e-09	1.0355023501020048e-08	2.137493792639947e-08	8.743421896571414e-09	6.7388713099681645e-09	3.159516450969655e-09
0.722	4.6699686432400945e-09	6.005142705787683e-09	0.9999999198638739	1.9070143086495117e-08	2.4061707402724813e-09	9.864306974438733e-09	2.0362005059511485e-08	8.329077919174615e-09	6.4195214290161586e-09	3.009789418641465e-09
0.366	1.3061136862008828e-08	1.6795399509478103e-08	0.999999775872415	5.3336064513270536e-08	6.729665176136009e-09	2.758884979420801e-08	5.694916641695938e-08	2.329506575896614e-08	1.7954349242654566e-08	8.41788768316599e-09
EU482603_EU482634.1	2.5266609273004766e-08	3.249049529379709e-08	0.9999995664278867	1.0317796348466682e-07	1.3018454851212966e-08	5.3370291989625555e-08	1.1016750969834818e-07	4.5064019368270796e-08	3.473246868614862e-08	1.628430061193632e-08
KJ189370	0.0	0.0	1.0	0.0	0.0	0.0	0.0	0.0	0.0	0.0
0.516	3.1526668824762876e-10	4.0540345466502897e-10	0.9999999945900602	1.287413538416478e-09	1.624390951194338e-10	6.659332490788625e-10	1.374625878826505e-09	5.62290887227692e-10	4.333779122885976e-10	2.0318901792015028e-10
GQ868604	0.0	0.0	1.0	0.0	0.0	0.0	0.0	0.0	0.0	0.0
JN819408.2	0.0	0.0	0.0	0.0	0.0	0.0	1.0	0.0	0.0	0.0
JN819408.1	0.0	0.0	0.0	0.0	0.0	0.0	1.0	0.0	0.0	0.0
JN819408	0.0	0.0	0.0	0.0	0.0	0.0	1.0	0.0	0.0	0.0
FJ850108_JN819407.2	7.022250769819645e-08	9.03006050721213e-08	7.476017873613484e-08	2.867585142430585e-07	3.618168691058427e-08	1.4832998363984704e-07	0.9999990264129124	1.2524468218712185e-07	9.653060382342154e-08	4.525832543360697e-08
FJ024473	0.0	0.0	0.0	0.0	0.0	0.0	1.0	0.0	0.0	0.0
0.305	1.4214507488261493e-07	1.8278618009371527e-07	1.513296266027502e-07	5.804593401233989e-07	7.323931833064434e-08	3.0025097825374275e-07	0.9999980292574795	2.535214891556552e-07	1.9539817586558026e-07	9.161233725048316e-08
FJ639733_FJ639733.1	2.769902470314255e-10	3.5618362507026814e-10	2.948867410117117e-10	1.1311090176374338e-09	1.427174096152913e-10	5.850824779302838e-10	0.9999999961597256	4.940233065025582e-10	3.80761620106524e-10	1.7851989558620436e-10
GQ868558.2	0.0	0.0	0.0	0.0	0.0	0.0	1.0	0.0	0.0	0.0
GQ868558.1	0.0	0.0	0.0	0.0	0.0	0.0	1.0	0.0	0.0	0.0
GQ868558	0.0	0.0	0.0	0.0	0.0	0.0	1.0	0.0	0.0	0.0
GQ868555.1	0.0	0.0	0.0	0.0	0.0	0.0	1.0	0.0	0.0	0.0
GQ868555	0.0	0.0	0.0	0.0	0.0	0.0	1.0	0.0	0.0	0.0
0.484	5.352884054489873e-06	0.565301128178812	5.698735874769977e-06	2.185887586040051e-05	2.758038430649575e-06	1.1306819284224894e-05	0.43463154117124614	9.547085175715475e-06	7.358283646000868e-06	3.4499276156253006e-06
EU920842	0.0	0.0	0.0	0.0	0.0	0.0	1.0	0.0	0.0	0.0
EU687216.2	0.0	1.0	0.0	0.0	0.0	0.0	0.0	0.0	0.0	0.0
EU687216.1	0.0	1.0	0.0	0.0	0.0	0.0	0.0	0.0	0.0	0.0
EU687216	0.0	1.0	0.0	0.0	0.0	0.0	0.0	0.0	0.0	0.0
0.927	2.429870513452745e-08	0.9999995884142663	2.5868653455761446e-08	9.92254593406632e-08	1.2519748586715028e-08	5.1325802128309076e-08	1.059472045023055e-07	4.333772319720121e-08	3.340194982555987e-08	1.5660487508080636e-08
EU482561_GQ398297.1	1.3618441932565453e-09	0.9999999769322835	1.449833450015225e-09	5.561185868883278e-09	7.016812961618448e-10	2.876603720473579e-09	5.937912511909993e-09	2.4289041888575217e-09	1.8720442575661476e-09	8.777070160064324e-10
EU482590.1	0.0	1.0	0.0	0.0	0.0	0.0	0.0	0.0	0.0	0.0
EU482590	0.0	1.0	0.0	0.0	0.0	0.0	0.0	0.0	0.0	0.0
EU482551_EU482565.1	1.5659186061537104e-09	0.9999999734755483	1.6670931861697787e-09	6.394537985684922e-09	8.0682930007023e-10	3.3076671404303586e-09	6.8277208116123845e-09	2.792879156610128e-09	2.1525729220580575e-09	1.009232740369156e-09
EU482728_EU569719	1.5705044054614568e-08	0.9999997339787369	1.671975275666029e-08	6.41326441741188e-08	8.091921031119661e-09	3.317353657739261e-08	6.847713321932991e-08	2.8010581151157715e-08	2.1588767410286326e-08	1.012188282747893e-08
EU482554_EU677144.1	2.2459990153795783e-08	0.9999996195594617	2.391113842040771e-08	9.171693830838778e-08	1.1572362742327944e-08	4.7441911165852377e-08	9.793007853862491e-08	4.0058300675205984e-08	3.0874380344393e-08	1.447543781809727e-08
EU569714_EU569714.2	1.3317297121280996e-14	0.9999999999997746	1.4177732611286628e-14	5.438211282121051e-14	6.861650071061053e-15	2.8129933391368803e-14	5.806607942090056e-14	2.37519379399713e-14	1.830647714741905e-14	8.582982675602362e-15
AF489932_JX669488.1	2.50103458142123e-06	0.00037862554307438386	2.662627350283291e-06	1.0213149375427899e-05	1.288641678341137e-06	5.2828990405617884e-06	0.999589915474784	4.460696312762363e-06	3.4380198919291903e-06	1.611913910752782e-06
FJ850072_JX669483.1	1.2421506201741393e-07	2.3655691392512943e-05	1.3224064309289077e-07	5.072408804283641e-07	6.400099670049685e-08	2.62377672355984e-07	0.9999747818834228	2.2154258611599205e-07	1.707508793622588e-07	8.005646458399243e-08
FJ898465.2	0.0	0.0	0.0	0.0	0.0	0.0	1.0	0.0	0.0	0.0
FJ898465.1	0.0	0.0	0.0	0.0	0.0	0.0	1.0	0.0	0.0	0.0
FJ898465	0.0	0.0	0.0	0.0	0.0	0.0	1.0	0.0	0.0	0.0
GQ868638.1	0.0	0.0	0.0	0.0	0.0	0.0	0.0	1.0	0.0	0.0
GQ868638	0.0	0.0	0.0	0.0	0.0	0.0	0.0	1.0	0.0	0.0
EU482451_FJ639707	1.843633384274572e-09	2.3707399663681052e-09	1.962751218767735e-09	7.528605676624403e-09	9.499200195813683e-10	3.894280034863335e-09	8.03860955171263e-09	0.9999999696889099	2.534330510919383e-09	1.1882195954090644e-09
FJ639718_GU131924	1.862970244531494e-08	2.3956053587103024e-08	1.983337440714106e-08	7.607569095892077e-08	9.598832101107725e-09	3.9351250040843194e-08	8.122922122144083e-08	0.9999996937099362	2.5609117148357922e-08	1.2006821796012042e-08
FJ810411.2	0.0	0.0	0.0	0.0	0.0	0.0	0.0	1.0	0.0	0.0
FJ810411.1	0.0	0.0	0.0	0.0	0.0	0.0	0.0	1.0	0.0	0.0
FJ810411	0.0	0.0	0.0	0.0	0.0	0.0	0.0	1.0	0.0	0.0
KJ830750	0.0	0.0	0.0	0.0	0.0	0.0	0.0	0.0	0.0	1.0
KF041233	0.0	0.0	0.0	0.0	0.0	0.0	0.0	0.0	1.0	0.0
GQ199894_GU369819.1	7.47130031714649e-09	9.607392887539271e-09	0.9999998717933595	3.05095766106271e-08	3.849538527614937e-09	1.5781519204253314e-08	3.257636070869354e-08	1.3325366239683419e-08	1.0270341441791808e-08	4.815244460065215e-09
FJ873808_FJ873808.2	4.323469144630954e-17	5.55957663926303e-17	0.9999999999999993	1.7655188185793577e-16	2.2276391442885866e-17	9.132401113418159e-17	1.8851188453108566e-16	7.711082051669132e-17	5.943209674828125e-17	2.7864708903708365e-17
0.412	7.97449140460676e-09	1.0254449526544017e-08	0.9999998631586595	3.256439255711246e-08	4.108804437925791e-09	1.6844402433821613e-08	3.4770374267968534e-08	1.422282789218375e-08	1.0962047578516514e-08	5.139550537105986e-09
FJ850061_FJ850061.1	3.338572723712433e-12	4.293092029169431e-12	0.9999999999427105	1.3633294869768692e-11	1.7201777176163485e-12	7.052018700566311e-12	1.4556843467574623e-11	5.954479457770836e-12	4.589332558629535e-12	2.1517062800282466e-12
EU482635_FJ882594.1	3.912492565582324e-09	5.031099226457479e-09	0.9999999328620849	1.597693662429745e-08	2.0158861551383225e-09	8.264301251354066e-09	1.7059248539893897e-08	6.978088703886431e-09	5.3782652056943994e-09	2.5215969579257972e-09
FJ850120_FJ850120.2	8.389882052633366e-18	1.0788603018941687e-17	0.9999999999999999	3.426066927754099e-17	4.3228317471907586e-18	1.7721826069711928e-17	3.658156040616391e-17	1.4963693910484566e-17	1.1533059799397203e-17	5.407269331929771e-18
FJ744704_FJ744704.1	9.266446151941554e-12	1.1915782403401243e-11	0.999999999840989	3.784017999277653e-11	4.774475655074751e-12	1.957337969221102e-11	4.040355484260221e-11	1.652708142805406e-11	1.2738019071995438e-11	5.972213885610607e-12
FJ850066_FJ850066.1	2.4389820408844738e-11	3.1363026135887917e-11	0.9999999995814735	9.959753492646208e-11	1.2566695134711983e-11	5.1518263599592594e-11	1.0634448529163455e-10	4.350023097346048e-11	3.352720044299971e-11	1.571921119756702e-11
EU482634_EU482634.1	1.6533350463525025e-12	2.1260341161338847e-12	0.9999999999716291	6.751509124049223e-12	8.518700480267677e-13	3.49231561809878e-12	7.208870829555727e-12	2.948789912646092e-12	2.272738977544697e-12	1.0655725355209887e-12
EU482603	0.0	0.0	1.0	0.0	0.0	0.0	0.0	0.0	0.0	0.0
0.126	1.201067375332618e-09	1.5444602236740162e-09	0.9999999793898242	4.904642504884714e-09	6.188420943263776e-10	2.5369971818577865e-09	5.236893495823168e-09	2.14215223260562e-09	1.651034159469304e-09	7.740865417981647e-10
0.980	8.524558070763061e-09	1.0961783772415905e-08	0.9999998537195796	3.481062820280494e-08	4.392222682975553e-09	1.8006300267809466e-08	3.716877472442823e-08	1.520389403484067e-08	1.1718190717911957e-08	5.4940678706947515e-09
0.893	1.0064188370873962e-07	1.2941608210670056e-07	1.0714441495270661e-07	4.109781605489459e-07	5.185507105629294e-08	2.125843900099502e-07	0.999998604671283	1.7949886934783706e-07	1.3834626706970184e-07	6.486357828059104e-08
JN819407_JN819407.2	0.0	0.0	0.0	0.0	0.0	0.0	1.0	0.0	0.0	0.0
GQ868641_GQ868641.1	0.0	0.0	0.0	0.0	0.0	0.0	1.0	0.0	0.0	0.0
HQ332189	0.0	0.0	0.0	0.0	0.0	0.0	1.0	0.0	0.0	0.0
FJ639733.1	0.0	0.0	0.0	0.0	0.0	0.0	1.0	0.0	0.0	0.0
FJ639733	0.0	0.0	0.0	0.0	0.0	0.0	1.0	0.0	0.0	0.0
0.974	9.123375728346028e-06	0.016246153990023004	9.712840406867107e-06	3.725594192656138e-05	4.700759556883759e-06	1.9271174113304018e-05	0.9836390886546649	1.6271909542237442e-05	1.2541348875621034e-05	5.880005162179094e-06
EU920850_EU920850.1	1.6633971513503298e-10	0.9999999465141527	1.7708698562095773e-10	6.792598432504789e-10	8.570544816880876e-11	3.513569656421143e-10	5.139356175128996e-08	2.9667360838062787e-10	2.2865707403656585e-10	1.0720575506175159e-10
EU482740	0.0	1.0	0.0	0.0	0.0	0.0	0.0	0.0	0.0	0.0
GQ398285	0.0	1.0	0.0	0.0	0.0	0.0	0.0	0.0	0.0	0.0
0.951	7.704352349449612e-09	0.9999998694991565	8.202133402812266e-09	3.146126085995332e-08	3.969617060026611e-09	1.62737916290334e-08	3.359251406179883e-08	1.3741023963441944e-08	1.059070387454845e-08	4.965446226801736e-09
0.726	3.367415649424968e-09	0.999999942960737	3.5849856193654515e-09	1.3751076971189733e-08	1.7350388460767749e-09	7.112943193856265e-09	1.4682604380537063e-08	6.00592198212787e-09	4.628981171678608e-09	2.1702955124715754e-09
EU482551_EU677143	1.1109554176391026e-08	0.9999998118198485	1.1827346578591901e-08	4.53666403258661e-08	5.724124986449015e-09	2.346655001714207e-08	4.8439873804599414e-08	1.9814339121165873e-08	1.5271627402764844e-08	7.1600948872167224e-09
EU482565_EU482565.1	9.954050053200875e-11	0.9999999983139246	1.059718490684771e-10	4.0648058543059403e-10	5.1287590592047366e-11	2.102579543137488e-10	4.340164510004037e-10	1.7753450791240762e-10	1.3683226270591695e-10	6.415373809012367e-11
EU482728_EU482728.3	1.1951290985685088e-19	1.0	1.2723468314298946e-19	4.880393137013112e-19	6.157824361382818e-20	2.5244538460507803e-19	5.211001422613557e-19	2.1315610758651036e-19	1.642871172123809e-19	7.702593292545745e-20
EU569719	0.0	1.0	0.0	0.0	0.0	0.0	0.0	0.0	0.0	0.0
EU677144_EU677144.1	0.0	1.0	0.0	0.0	0.0	0.0	0.0	0.0	0.0	0.0
EU482554	0.0	1.0	0.0	0.0	0.0	0.0	0.0	0.0	0.0	0.0
EU569714.2	0.0	1.0	0.0	0.0	0.0	0.0	0.0	0.0	0.0	0.0
EU569714.1	0.0	1.0	0.0	0.0	0.0	0.0	0.0	0.0	0.0	0.0
EU569714	0.0	1.0	0.0	0.0	0.0	0.0	0.0	0.0	0.0	0.0
JX669488_JX669488.1	0.0	0.0	0.0	0.0	0.0	0.0	1.0	0.0	0.0	0.0
AF489932	0.0	0.0	0.0	0.0	0.0	0.0	1.0	0.0	0.0	0.0
0.688	9.021531506427259e-08	2.7869526977127846e-06	9.604415992043328e-08	3.6840053933965295e-07	4.64828498894389e-08	1.9056050041746378e-07	0.99999607828411	1.6090266253998825e-07	1.240134982745264e-07	5.814366678305202e-08
JX669483_JX669483.1	8.267725374956008e-10	1.1817157059416667e-09	8.801906167758506e-10	3.3761833953314527e-09	4.2598913195325073e-10	1.7463796292717325e-09	0.9999999884188191	1.4745822536081926e-09	1.1365138455603531e-09	5.32853949368516e-10
EU687249_FJ639707	1.5928338321511328e-07	2.048235217409997e-07	1.6957474148686347e-07	6.504448190696507e-07	8.206971938850125e-08	3.364519781595152e-07	6.945073443904511e-07	0.9999973812293708	2.1895716437319973e-07	1.026579572563554e-07
EU482451_EU660413	5.019676579394448e-10	6.454834234678863e-10	5.343999738810869e-10	2.0498199865976916e-09	2.586355462676071e-10	1.0602989971511383e-09	2.1886791832805586e-09	0.9999999917471731	6.900243626859918e-10	3.235175781219277e-10
FJ639718_GU131932	7.796067762058245e-10	1.0025013422773237e-09	8.299774582133941e-10	3.1835787152376168e-09	4.016872825345369e-10	1.6467520763717953e-09	3.3992411567519634e-09	0.9999999871825216	1.0716779465540792e-09	5.024556704726549e-10
GU131924	0.0	0.0	0.0	0.0	0.0	0.0	0.0	1.0	0.0	0.0
GQ199894_KJ189308	3.313279380183953e-08	4.260567156868523e-08	0.99999943144513	1.3530007735084779e-07	1.7071454881151957e-08	6.998591938196926e-08	1.4446559440882111e-07	5.9093677567768844e-08	4.554563339990864e-08	2.1354047492194086e-08
GU369819_GU369819.1	0.0	0.0	1.0	0.0	0.0	0.0	0.0	0.0	0.0	0.0
FJ873808.2	0.0	0.0	1.0	0.0	0.0	0.0	0.0	0.0	0.0	0.0
FJ873808.1	0.0	0.0	1.0	0.0	0.0	0.0	0.0	0.0	0.0	0.0
FJ873808	0.0	0.0	1.0	0.0	0.0	0.0	0.0	0.0	0.0	0.0
FJ850121_FJ850121.2	3.414154958004735e-17	4.390283707897036e-17	0.9999999999999994	1.3941940201860507e-16	1.7591209685312788e-17	7.211669956887365e-17	1.4886397095292641e-16	6.089283429021606e-17	4.693230852121224e-17	2.2004189430863898e-17
GQ199897	0.0	0.0	1.0	0.0	0.0	0.0	0.0	0.0	0.0	0.0
FJ850061.1	0.0	0.0	1.0	0.0	0.0	0.0	0.0	0.0	0.0	0.0
FJ850061	0.0	0.0	1.0	0.0	0.0	0.0	0.0	0.0	0.0	0.0
0.586	8.206967806057214e-10	1.055339241873467e-09	0.9999999859169392	3.3513726177652105e-09	4.228586380312844e-10	1.7335458961907653e-09	3.57840177770548e-09	1.4637458955039232e-09	1.1281618726603779e-09	5.289381310420123e-10
FJ882594_FJ882594.1	1.6006103789422212e-12	2.0582351286912898e-12	0.9999999999725337	6.5362042626006616e-12	8.247040086579902e-13	3.3809460684952623e-12	6.978980740142518e-12	2.8547533362424916e-12	2.200261588907839e-12	1.0315915480249457e-12
FJ850120.2	0.0	0.0	1.0	0.0	0.0	0.0	0.0	0.0	0.0	0.0
FJ850120.1	0.0	0.0	1.0	0.0	0.0	0.0	0.0	0.0	0.0	0.0
FJ850120	0.0	0.0	1.0	0.0	0.0	0.0	0.0	0.0	0.0	0.0
FJ744704.1	0.0	0.0	1.0	0.0	0.0	0.0	0.0	0.0	0.0	0.0
FJ744704	0.0	0.0	1.0	0.0	0.0	0.0	0.0	0.0	0.0	0.0
FJ850066.1	0.0	0.0	1.0	0.0	0.0	0.0	0.0	0.0	0.0	0.0
FJ850066	0.0	0.0	1.0	0.0	0.0	0.0	0.0	0.0	0.0	0.0
EU482634.1	0.0	0.0	1.0	0.0	0.0	0.0	0.0	0.0	0.0	0.0
EU482634	0.0	0.0	1.0	0.0	0.0	0.0	0.0	0.0	0.0	0.0
0.981	6.754841952752489e-09	8.686094491715736e-09	0.9999998840877015	2.7583868845054128e-08	3.4803880504433725e-09	1.4268154601470187e-08	2.9452459206303145e-08	1.2047533774680721e-08	9.285469770355047e-09	4.353487868364828e-09
EU596500	0.0	0.0	1.0	0.0	0.0	0.0	0.0	0.0	0.0	0.0
HQ705625_HQ705625.1	3.784473986249623e-11	4.866479316012545e-11	0.9999999993505887	1.5454163815289758e-10	1.949925421066267e-11	7.993889464586018e-11	1.650106197553234e-10	6.749762390837919e-11	5.202285862764957e-11	2.439089130807337e-11
FJ850050	0.0	0.0	1.0	0.0	0.0	0.0	0.0	0.0	0.0	0.0
HQ332186_HQ332186.1	0.0	0.0	0.0	0.0	0.0	0.0	1.0	0.0	0.0	0.0
FJ850108	0.0	0.0	0.0	0.0	0.0	0.0	1.0	0.0	0.0	0.0
JN819407.2	0.0	0.0	0.0	0.0	0.0	0.0	1.0	0.0	0.0	0.0
JN819407.1	0.0	0.0	0.0	0.0	0.0	0.0	1.0	0.0	0.0	0.0
JN819407	0.0	0.0	0.0	0.0	0.0	0.0	1.0	0.0	0.0	0.0
GQ868641.1	0.0	0.0	0.0	0.0	0.0	0.0	1.0	0.0	0.0	0.0
GQ868641	0.0	0.0	0.0	0.0	0.0	0.0	1.0	0.0	0.0	0.0
0.828	1.7202692580052293e-07	0.00011149996349107577	1.831416490701522e-07	7.024839651749222e-07	8.863574619487281e-08	3.633699781735592e-07	0.999886336215174	3.0681697858204974e-07	2.3647493610964303e-07	1.1087115579358608e-07
JX669476	0.0	0.0	0.0	0.0	0.0	0.0	1.0	0.0	0.0	0.0
EU920850.1	0.0	1.0	0.0	0.0	0.0	0.0	0.0	0.0	0.0	0.0
EU920850	0.0	1.0	0.0	0.0	0.0	0.0	0.0	0.0	0.0	0.0
EU482561_EU482561.1	1.3512613282615437e-12	0.9999999999771115	1.4385668222007327e-12	5.517970000611471e-12	6.962285443246164e-13	2.8542496883687066e-12	5.891769108150098e-12	2.410029221189594e-12	1.8574966376984775e-12	8.708863716907642e-13
GQ398302	0.0	1.0	0.0	0.0	0.0	0.0	0.0	0.0	0.0	0.0
GQ398297_GQ398297.1	1.7765470509986999e-12	0.9999999999699078	1.891330412699132e-12	7.25465394965273e-12	9.153542259899633e-13	3.752574546930215e-12	7.746099747941099e-12	3.1685435053731917e-12	2.4421110150386183e-12	1.144982530783062e-12
GQ398296	0.0	1.0	0.0	0.0	0.0	0.0	0.0	0.0	0.0	0.0
EU482551_EU482552	5.664043081791061e-11	0.9999999990405911	6.029998999130023e-11	2.3129515478477926e-10	2.9183610803846125e-11	1.1964075980704703e-10	2.469635840131252e-10	1.0102049878653149e-10	7.786015006987484e-11	3.650469250790573e-11
EU677143	0.0	1.0	0.0	0.0	0.0	0.0	0.0	0.0	0.0	0.0
EU482565.1	0.0	1.0	0.0	0.0	0.0	0.0	0.0	0.0	0.0	0.0
EU482565	0.0	1.0	0.0	0.0	0.0	0.0	0.0	0.0	0.0	0.0
EU482728.3	0.0	1.0	0.0	0.0	0.0	0.0	0.0	0.0	0.0	0.0
EU482728.2	0.0	1.0	0.0	0.0	0.0	0.0	0.0	0.0	0.0	0.0
EU482728.1	0.0	1.0	0.0	0.0	0.0	0.0	0.0	0.0	0.0	0.0
EU482728	0.0	1.0	0.0	0.0	0.0	0.0	0.0	0.0	0.0	0.0
EU677144.1	0.0	1.0	0.0	0.0	0.0	0.0	0.0	0.0	0.0	0.0
EU677144	0.0	1.0	0.0	0.0	0.0	0.0	0.0	0.0	0.0	0.0
JX669488.1	0.0	0.0	0.0	0.0	0.0	0.0	1.0	0.0	0.0	0.0
JX669488	0.0	0.0	0.0	0.0	0.0	0.0	1.0	0.0	0.0	0.0
0.960	1.2561674681359014e-06	2.0202371313605365e-06	1.3373289126190654e-06	5.1296475818157525e-06	6.472320560623032e-07	2.653384308036549e-06	0.9999821792016769	2.240425476255053e-06	1.7267769006980856e-06	8.095984882275145e-07
FJ850072	0.0	0.0	0.0	0.0	0.0	0.0	1.0	0.0	0.0	0.0
JX669483.1	0.0	0.0	0.0	0.0	0.0	0.0	1.0	0.0	0.0	0.0
JX669483	0.0	0.0	0.0	0.0	0.0	0.0	1.0	0.0	0.0	0.0
FJ639707	0.0	0.0	0.0	0.0	0.0	0.0	0.0	1.0	0.0	0.0
EU687249	0.0	0.0	0.0	0.0	0.0	0.0	0.0	1.0	0.0	0.0
EU482469_EU660413	1.1686333508988374e-09	1.5027531040813163e-09	1.244139183708614e-09	4.772195901047576e-09	6.021306757829549e-10	2.4684872628684202e-09	5.095474673605856e-09	0.999999980786554	1.6064490817550717e-09	7.531828503598809e-10
0.746	2.056926119108695e-10	2.6450144589653277e-10	2.1898248760473272e-10	8.39960145482613e-10	1.0598177034584245e-10	4.3448151824316e-10	8.968608449635138e-10	0.9999999966182174	2.8275310410563713e-10	1.3256865176561986e-10
0.853	4.1934469440359585e-10	5.392380259474431e-10	4.4643871012799023e-10	1.712423344943646e-09	2.16064605749123e-10	8.857757106542939e-10	1.8284265704046968e-09	0.9999999931055736	5.764476075797297e-10	2.70267173165362e-10
GU131932	0.0	0.0	0.0	0.0	0.0	0.0	0.0	1.0	0.0	0.0
GQ199894_GQ199894.2	4.3620999407354925e-15	5.6092522271518135e-15	0.9999999999999252	1.7812939739505857e-14	2.2475434088267915e-15	9.214000383253453e-15	1.9019626433440314e-14	7.779981638671693e-15	5.996313077090154e-15	2.8113683940226957e-15
KJ189308	0.0	0.0	1.0	0.0	0.0	0.0	0.0	0.0	0.0	0.0
GU369819.1	0.0	0.0	1.0	0.0	0.0	0.0	0.0	0.0	0.0	0.0
GU369819	0.0	0.0	1.0	0.0	0.0	0.0	0.0	0.0	0.0	0.0
FJ850121.2	0.0	0.0	1.0	0.0	0.0	0.0	0.0	0.0	0.0	0.0
FJ850121.1	0.0	0.0	1.0	0.0	0.0	0.0	0.0	0.0	0.0	0.0
FJ850121	0.0	0.0	1.0	0.0	0.0	0.0	0.0	0.0	0.0	0.0
0.983	7.604819056784388e-09	9.77908548884874e-09	0.9999998695021938	3.1054809708350127e-08	3.918333183240691e-09	1.6063548899792034e-08	3.3158529038553186e-08	1.3563502311051421e-08	1.0453881520057946e-08	4.901297134173465e-09
FJ906956	0.0	0.0	1.0	0.0	0.0	0.0	0.0	0.0	0.0	0.0
FJ882594.1	0.0	0.0	1.0	0.0	0.0	0.0	0.0	0.0	0.0	0.0
FJ882594	0.0	0.0	1.0	0.0	0.0	0.0	0.0	0.0	0.0	0.0
JF357906_JF357906.1	6.8326537975297e-12	8.786153240837624e-12	0.9999999998827525	2.790161894726809e-11	3.5204800935496076e-12	1.4432515431652814e-11	2.979173438106276e-11	1.2186314346392197e-11	9.392432973566623e-12	4.403637512815744e-12
FJ205885	0.0	0.0	1.0	0.0	0.0	0.0	0.0	0.0	0.0	0.0
HQ705625.1	0.0	0.0	1.0	0.0	0.0	0.0	0.0	0.0	0.0	0.0
HQ705625	0.0	0.0	1.0	0.0	0.0	0.0	0.0	0.0	0.0	0.0
HQ332186.1	0.0	0.0	0.0	0.0	0.0	0.0	1.0	0.0	0.0	0.0
HQ332186	0.0	0.0	0.0	0.0	0.0	0.0	1.0	0.0	0.0	0.0
0.729	8.719606403870406e-09	8.835543718253533e-07	9.282983397001928e-09	3.560712169243975e-08	4.49272005842178e-09	1.8418298030451525e-08	0.99999900676704	1.5551770624299485e-08	1.1986311780328307e-08	5.619776297015755e-09
HM181971	0.0	0.0	0.0	0.0	0.0	0.0	1.0	0.0	0.0	0.0
EU482561.1	0.0	1.0	0.0	0.0	0.0	0.0	0.0	0.0	0.0	0.0
EU482561	0.0	1.0	0.0	0.0	0.0	0.0	0.0	0.0	0.0	0.0
GQ398297.1	0.0	1.0	0.0	0.0	0.0	0.0	0.0	0.0	0.0	0.0
GQ398297	0.0	1.0	0.0	0.0	0.0	0.0	0.0	0.0	0.0	0.0
EU482552	0.0	1.0	0.0	0.0	0.0	0.0	0.0	0.0	0.0	0.0
EU529706_EU596490.1	1.167685834021634e-08	0.9999998022105178	1.2431304474157065e-08	4.768326649708751e-08	6.0164247392122674e-09	2.4664858367231452e-08	5.091343310893258e-08	2.0826149037964525e-08	1.6051465880206945e-08	7.525721768224647e-09
EU482551	0.0	1.0	0.0	0.0	0.0	0.0	0.0	0.0	0.0	0.0
JX669484	0.0	0.0	0.0	0.0	0.0	0.0	1.0	0.0	0.0	0.0
KC294201	0.0	0.0	0.0	0.0	0.0	0.0	1.0	0.0	0.0	0.0
0.962	3.2922894705220493e-09	4.233576097717857e-09	3.5050055102717525e-09	1.3444293973129543e-08	1.69633057471261e-09	6.954255256713965e-09	1.4355039245047637e-08	0.9999999458716233	4.525709789750704e-09	2.121876776587283e-09
EU660413	0.0	0.0	0.0	0.0	0.0	0.0	0.0	1.0	0.0	0.0
EU482451_FM210214	2.2595242558723555e-09	2.905536699468318e-09	2.4055129533216567e-09	9.226925094939423e-09	1.1642050657633284e-09	4.77276028574165e-09	9.851976765287748e-09	0.999999962851268	3.106030358672925e-09	1.4562607837490585e-09
EU482464_EU482676	3.6266522692767636e-10	4.663535360245749e-10	3.8609716130577646e-10	1.4809687812397242e-09	1.8686088156305212e-10	7.660524942812027e-10	1.5812927787711777e-09	0.9999999940374379	4.985337961939556e-10	2.3373732157627405e-10
0.942	2.436360986406947e-09	3.1329321828524414e-09	2.5937751703872486e-09	9.949050233643328e-09	1.2553190323279015e-09	5.146289944634399e-09	1.0623020207706389e-08	0.9999999599439033	3.3491170403677163e-09	1.5702318531609696e-09
FJ639718_FJ639718.3	6.528643097526638e-23	8.395223936319528e-23	6.950461141498602e-23	2.6660170022921235e-22	3.3638405726106413e-23	1.379035804314762e-22	2.846618704735082e-22	1.0	8.974527982674473e-23	4.207702966371304e-23
GQ199894.2	0.0	0.0	1.0	0.0	0.0	0.0	0.0	0.0	0.0	0.0
GQ199894.1	0.0	0.0	1.0	0.0	0.0	0.0	0.0	0.0	0.0	0.0
GQ199894	0.0	0.0	1.0	0.0	0.0	0.0	0.0	0.0	0.0	0.0
FJ410291_FJ410291.1	0.0	0.0	1.0	0.0	0.0	0.0	0.0	0.0	0.0	0.0
EU482635	0.0	0.0	1.0	0.0	0.0	0.0	0.0	0.0	0.0	0.0
JF357906.1	0.0	0.0	1.0	0.0	0.0	0.0	0.0	0.0	0.0	0.0
JF357906	0.0	0.0	1.0	0.0	0.0	0.0	0.0	0.0	0.0	0.0
GU131881_GU131881.1	1.6702079572429476e-10	2.2106108847955702e-10	1.7781207107854927e-10	6.820410834006577e-10	8.605637047918045e-11	3.52795602284039e-10	0.9999999976780864	2.97888343152508e-10	2.2959331403551652e-10	1.0764471071807479e-10
0.835	1.2530749348692982e-08	3.601533130855486e-08	1.334036569634901e-08	5.1170190062514944e-08	6.456386485626208e-09	2.646851994909651e-08	0.9999998063680475	2.2349098181182854e-08	1.7225257835939813e-08	8.076053540945705e-09
EU529706_EU529706.2	0.0	1.0	0.0	0.0	0.0	0.0	0.0	0.0	0.0	0.0
EU596490_EU596490.1	1.1474212227406102e-10	0.9999999980564305	1.2215565321086053e-10	4.685574694343754e-10	5.91201265756376e-11	2.4236811924814655e-10	5.002985560814067e-10	2.0464721501174513e-10	1.577290061284155e-10	7.395116581624952e-11
EU482469_EU482541	1.3200685290557373e-08	1.697484568716787e-08	1.4053586447072103e-08	5.390592026674943e-08	6.801566589459318e-09	2.7883615914103894e-08	5.7557622774107464e-08	0.9999997829681526	1.8146177966975793e-08	8.507826484841118e-09
FM210211	0.0	0.0	0.0	0.0	0.0	0.0	0.0	1.0	0.0	0.0
EU482669_FM210214	3.9817534832352116e-08	5.1201622835905855e-08	4.2390160477201854e-08	1.6259768418436885e-07	2.0515723890795365e-08	8.410600082299831e-08	1.73612399601312e-07	0.9999993453617781	5.4734739702563696e-08	2.5662355396813316e-08
EU482451_FJ410221	8.604620675427763e-09	1.1064736788057559e-08	9.160568398133684e-09	3.51375694402035e-08	4.433474415364178e-09	1.8175415345429733e-08	3.7517863660065e-08	0.9999998585318352	1.1828247903638865e-08	5.545668127304079e-09
EU482467_EU482676	5.441258050722327e-10	6.996948546386524e-10	5.792819744847089e-10	2.221975724569838e-09	2.8035725530774234e-10	1.1493490393593112e-09	2.3724971197069376e-09	0.9999999910540531	7.479765995427207e-10	3.5068845545393454e-10
EU482464_EU482658	1.459090031002812e-08	1.8762532076781254e-08	1.553362377287106e-08	5.958296038578278e-08	7.517865767908832e-09	3.082014691895025e-08	6.361923775123549e-08	0.9999997601116926	2.005722187116797e-08	9.403818465707272e-09
GQ868631_GQ868631.1	0.0	0.0	0.0	0.0	0.0	0.0	0.0	1.0	0.0	0.0
KF955402	0.0	0.0	0.0	0.0	0.0	0.0	0.0	1.0	0.0	0.0
FJ639718.3	0.0	0.0	0.0	0.0	0.0	0.0	0.0	1.0	0.0	0.0
FJ639718.2	0.0	0.0	0.0	0.0	0.0	0.0	0.0	1.0	0.0	0.0
FJ639718.1	0.0	0.0	0.0	0.0	0.0	0.0	0.0	1.0	0.0	0.0
FJ639718	0.0	0.0	0.0	0.0	0.0	0.0	0.0	1.0	0.0	0.0
FJ410291.1	0.0	0.0	1.0	0.0	0.0	0.0	0.0	0.0	0.0	0.0
FJ410291	0.0	0.0	1.0	0.0	0.0	0.0	0.0	0.0	0.0	0.0
GU131881.1	0.0	0.0	0.0	0.0	0.0	0.0	1.0	0.0	0.0	0.0
GU131881	0.0	0.0	0.0	0.0	0.0	0.0	1.0	0.0	0.0	0.0
JX286520_KC294211	7.71466642839241e-08	1.001345393551979e-07	8.21311387820836e-08	3.1503379121610036e-07	3.9749313216118456e-08	1.629557790826199e-07	0.9999989294848223	1.3759419540316616e-07	1.0604882010602897e-07	4.97209363881595e-08
JX669478	0.0	0.0	0.0	0.0	0.0	0.0	1.0	0.0	0.0	0.0
EU529706.2	0.0	1.0	0.0	0.0	0.0	0.0	0.0	0.0	0.0	0.0
EU529706.1	0.0	1.0	0.0	0.0	0.0	0.0	0.0	0.0	0.0	0.0
EU529706	0.0	1.0	0.0	0.0	0.0	0.0	0.0	0.0	0.0	0.0
EU596490.1	0.0	1.0	0.0	0.0	0.0	0.0	0.0	0.0	0.0	0.0
EU596490	0.0	1.0	0.0	0.0	0.0	0.0	0.0	0.0	0.0	0.0
0.784	3.0500816056080235e-09	3.9221194543210976e-09	3.247148505668751e-09	1.2455221241930162e-08	1.5715345595480094e-09	6.442643099618695e-09	1.3298964608406187e-08	0.9999999498537515	4.192761391619052e-09	1.965774086265108e-09
EU482541	0.0	0.0	0.0	0.0	0.0	0.0	0.0	1.0	0.0	0.0
EU482669_EU482669.1	3.677506128450177e-11	4.7289286631739806e-11	3.915111158871498e-11	1.501735309776083e-10	1.894810933315001e-11	7.767942811334028e-11	1.603466076433267e-10	0.9999999993953831	5.055243664450954e-11	2.370148469502138e-11
FM210214	0.0	0.0	0.0	0.0	0.0	0.0	0.0	1.0	0.0	0.0
0.975	1.9154773532620964e-09	2.4631245858233732e-09	2.0392370531500737e-09	7.821985541278745e-09	9.869371537955474e-10	4.046035007646899e-09	8.351863596829255e-09	0.9999999685077268	2.633090038807989e-09	1.234522950778455e-09
FJ410221	0.0	0.0	0.0	0.0	0.0	0.0	0.0	1.0	0.0	0.0
0.435	4.68327629849671e-11	6.022254960825275e-11	4.9858645114073754e-11	1.912448582608862e-10	2.4130274224359585e-11	9.892416541459318e-11	2.0420019461308618e-10	0.9999999992300248	6.437814652079528e-11	3.0183661871463836e-11
EU482676	0.0	0.0	0.0	0.0	0.0	0.0	0.0	1.0	0.0	0.0
0.232	2.312153308906516e-08	2.973212735541664e-08	2.461542388927714e-08	9.44183950840577e-08	1.1913218404513877e-08	4.8839278704864536e-08	1.0081449941476979e-07	0.9999996198599594	3.1783763120511496e-08	1.4901801478896784e-08
EU482658	0.0	0.0	0.0	0.0	0.0	0.0	0.0	1.0	0.0	0.0
GQ868631.1	0.0	0.0	0.0	0.0	0.0	0.0	0.0	1.0	0.0	0.0
GQ868631	0.0	0.0	0.0	0.0	0.0	0.0	0.0	1.0	0.0	0.0
JX286520	0.0	0.0	0.0	0.0	0.0	0.0	1.0	0.0	0.0	0.0
KC294211	0.0	0.0	0.0	0.0	0.0	0.0	1.0	0.0	0.0	0.0
0.418	8.431522952126273e-09	1.0842149318000633e-08	8.976286766940719e-09	3.4430712798653185e-08	4.344286947774064e-09	1.7809783537238904e-08	3.676312303550282e-08	0.9999998613777268	1.159030100743083e-08	5.434106843752871e-09
FJ410259	0.0	0.0	0.0	0.0	0.0	0.0	0.0	1.0	0.0	0.0
EU482669.1	0.0	0.0	0.0	0.0	0.0	0.0	0.0	1.0	0.0	0.0
EU482669	0.0	0.0	0.0	0.0	0.0	0.0	0.0	1.0	0.0	0.0
EU482451_FJ410224.1	1.3769217067017007e-09	1.7705924336588976e-09	1.46588512717777e-09	5.622755947989459e-09	7.094498861587636e-10	2.9084517332540358e-09	6.003653480058872e-09	0.9999999773620949	1.892770396872792e-09	8.874244560779724e-10
EU482661	0.0	0.0	0.0	0.0	0.0	0.0	0.0	1.0	0.0	0.0
0.946	2.834188977928498e-09	3.6445017428770883e-09	3.017306975505914e-09	1.157360861972817e-08	1.4602972979199327e-09	5.986616236133918e-09	1.2357629658729175e-08	0.999999953403232	3.895986947156456e-09	1.8266315360698024e-09
EU482467_FJ205877.1	9.589134679367991e-11	1.2330729645693178e-10	1.0208692215813368e-10	3.9157901129791053e-10	4.940738804194399e-11	2.025498998444961e-10	4.181054123000539e-10	0.999999998423455	1.318159933451181e-10	6.180186270344057e-11
EU482464	0.0	0.0	0.0	0.0	0.0	0.0	0.0	1.0	0.0	0.0
EU482705	0.0	0.0	0.0	0.0	0.0	0.0	0.0	1.0	0.0	0.0
EU482469_EU482469.1	0.0	0.0	0.0	0.0	0.0	0.0	0.0	1.0	0.0	0.0
FJ432726	0.0	0.0	0.0	0.0	0.0	0.0	0.0	1.0	0.0	0.0
0.898	1.826658072130581e-08	2.3489113038560264e-08	1.9446791254308644e-08	7.459285803996902e-08	9.411736012414964e-09	3.858423329440351e-08	7.964593802427596e-08	0.9999996996800035	2.5109955833433003e-08	1.1772790262591887e-08
EU482451_EU482451.1	0.0	0.0	0.0	0.0	0.0	0.0	0.0	1.0	0.0	0.0
EU482670_EU482670.1	6.716255542600636e-11	8.63647597998437e-11	7.150195296003445e-11	2.7426298544479373e-10	3.46050665547642e-11	1.418664908743843e-10	2.928421475603512e-10	0.999999998895784	9.232427382758463e-11	4.3286189714084166e-11
EU482474_EU482656	3.018820293757618e-09	3.881920333369501e-09	3.213867388903335e-09	1.2327563491824762e-08	1.5554273734781712e-09	6.376610284395742e-09	1.3162659048860999e-08	0.9999999503677174	4.149788370458978e-09	1.945626206737822e-09
EU482467_FJ859028.1	3.2840986067533667e-10	4.223043413583841e-10	3.496285431767062e-10	1.341084600891315e-09	1.6921102858320217e-10	6.936953814076432e-10	1.431932544408844e-09	0.999999994600629	4.514450308263323e-10	2.1165977743104257e-10
0.904	1.5154686666168729e-09	1.9487508559847867e-09	1.6133836573896581e-09	6.18852213436541e-09	7.808352993315372e-10	3.2011024654932773e-09	6.6077458797921724e-09	0.9999999750842508	2.0832224632668406e-09	9.767178123708976e-10
EU482469.1	0.0	0.0	0.0	0.0	0.0	0.0	0.0	1.0	0.0	0.0
EU482469	0.0	0.0	0.0	0.0	0.0	0.0	0.0	1.0	0.0	0.0
FJ410224_FJ410224.1	0.0	0.0	0.0	0.0	0.0	0.0	0.0	1.0	0.0	0.0
FJ410215	0.0	0.0	0.0	0.0	0.0	0.0	0.0	1.0	0.0	0.0
EU482451.1	0.0	0.0	0.0	0.0	0.0	0.0	0.0	1.0	0.0	0.0
EU482451	0.0	0.0	0.0	0.0	0.0	0.0	0.0	1.0	0.0	0.0
EU482670.1	0.0	0.0	0.0	0.0	0.0	0.0	0.0	1.0	0.0	0.0
EU482670	0.0	0.0	0.0	0.0	0.0	0.0	0.0	1.0	0.0	0.0
EU482474_FJ562098	4.3242849515766165e-10	5.560625690611848e-10	4.6036786008545935e-10	1.7658519590428862e-09	2.2280594834712073e-10	9.134124330586979e-10	1.8854745532691004e-09	0.9999999928904635	5.944331114942548e-10	2.7869966770088825e-10
EU482656	0.0	0.0	0.0	0.0	0.0	0.0	0.0	1.0	0.0	0.0
0.945	2.4535559828630564e-10	3.155043338827249e-10	2.6120811419208546e-10	1.0019267202501234e-09	1.264178641569962e-10	5.182610686040872e-10	1.0697993824442096e-09	0.9999999959661202	3.372753954585897e-10	1.5813140085973007e-10
0.899	1.3198388423632232e-09	1.6971892131291029e-09	1.4051141178725844e-09	5.3896540850256655e-09	6.800383143827929e-10	2.7878764275439933e-09	5.754760797585043e-09	0.9999999783005914	1.8143020603924355e-09	8.506346156749981e-10
FJ024452_FJ205877.1	1.864045775275293e-08	2.3969883905761442e-08	1.984482461896853e-08	7.61196110079512e-08	9.604373702783657e-09	3.9373968320617166e-08	8.127611650867098e-08	0.9999996935331089	2.562390181434787e-08	1.2013753579283854e-08
EU482642	0.0	0.0	0.0	0.0	0.0	0.0	0.0	1.0	0.0	0.0
FJ410224.1	0.0	0.0	0.0	0.0	0.0	0.0	0.0	1.0	0.0	0.0
FJ410224	0.0	0.0	0.0	0.0	0.0	0.0	0.0	1.0	0.0	0.0
EU482699_FJ562098	2.295870966660552e-09	2.952275167455817e-09	2.4442080385301515e-09	9.375349426751092e-09	1.1829324703103158e-09	4.849534915319709e-09	1.0010455679266784e-08	0.9999999622536933	3.1559939679825566e-09	1.4796861970419485e-09
0.777	2.3800056059342343e-08	3.060464438480851e-08	2.5337786479493238e-08	9.718919101849936e-08	1.2262822918464316e-08	5.027251292533638e-08	1.0377299500095857e-07	0.9999996087043951	3.271648731643928e-08	1.5339108752726473e-08
EU482654_JF730049.1	9.612484759127408e-10	1.2360755662674482e-09	1.0233550952857856e-09	3.925325281116427e-09	4.952769779773104e-10	2.030431201896861e-09	4.19123522385217e-09	0.999999984196159	1.3213697266818442e-09	6.195235369889096e-10
0.821	5.405494118769395e-10	6.950959477432529e-10	5.754745092029839e-10	2.207371273195944e-09	2.78514542150625e-10	1.1417946759288985e-09	2.3569033315136972e-09	0.9999999911128525	7.430603496683223e-10	3.4838347415354035e-10
0.959	3.338188224445393e-08	4.292597599096983e-08	3.5538697996534564e-08	1.3631724740159848e-07	1.7199796068886996e-08	7.051206528346045e-08	1.4555166973720263e-07	0.9999994511700402	4.5888040109083854e-08	2.1514584706929318e-08
0.955	2.58967064808597e-08	3.3300740578439526e-08	2.7569902259812712e-08	1.0575100943639675e-07	1.3343108308418196e-08	5.47012371750958e-08	1.1291480933821816e-07	0.999999574233464	3.55986249362645e-08	1.6690397537589666e-08
FJ205877_FJ205877.1	0.0	0.0	0.0	0.0	0.0	0.0	0.0	1.0	0.0	0.0
FJ024452	0.0	0.0	0.0	0.0	0.0	0.0	0.0	1.0	0.0	0.0
0.732	1.631092282950637e-08	2.0974320041113847e-08	1.736477758317281e-08	6.660679246352586e-08	8.404096099448455e-09	3.445332551847702e-08	7.111887925923471e-08	0.999999731832883	2.2421632055841083e-08	1.051237100094632e-08
EU482699	0.0	0.0	0.0	0.0	0.0	0.0	0.0	1.0	0.0	0.0
FJ410217	0.0	0.0	0.0	0.0	0.0	0.0	0.0	1.0	0.0	0.0
EU482474	0.0	0.0	0.0	0.0	0.0	0.0	0.0	1.0	0.0	0.0
0.915	1.631632682701663e-08	2.0981269076092815e-08	1.7370530734959897e-08	6.662886006475244e-08	8.406880473752233e-09	3.4464740303971876e-08	7.1142441767038e-08	0.9999997317440366	2.2429060602041195e-08	1.0515853871125389e-08
FJ410241_JF730049.1	3.7347324982619855e-08	4.802516418310232e-08	3.9760349455916955e-08	1.5251040975346816e-07	1.9242964453456876e-08	7.888821241572217e-08	1.6284179159314462e-07	0.9999993859743824	5.1339092691640555e-08	2.4070307990175978e-08
EU677148_FJ461311	5.265596501985293e-09	6.771064236795943e-09	5.6058086385094224e-09	2.1502431043934766e-08	2.7130640912328605e-09	1.1122443054152046e-08	2.2959051781858858e-08	0.9999999134285751	7.238294764564901e-09	3.393670888444132e-09
FJ024454_FJ859028.1	2.9507679513928223e-08	3.794411390851265e-08	3.141418159541469e-08	1.2049666999276284e-07	1.520363850034132e-08	6.232864309486969e-08	1.286593725264265e-07	0.9999995148656255	4.0562409607268126e-08	1.9017665503652224e-08
GU131899_GU131899.2	6.253047376456347e-19	8.040833635040371e-19	6.657059079010604e-19	2.5534755649434173e-18	3.221841683358241e-19	1.320822120216169e-18	2.7264534693524253e-18	1.0	8.595683332461064e-19	4.030081841162909e-19
FJ410202_FJ410202.1	3.9450502302809437e-13	5.072965335750198e-13	4.199941384024466e-13	1.6109888121790589e-12	2.032661278517966e-13	8.333072333880049e-13	1.7201206451140906e-12	0.999999999993514	5.423020244149326e-13	2.542580335372544e-13
EU482679_EU482679.1	0.0	0.0	0.0	0.0	0.0	0.0	0.0	1.0	0.0	0.0
EU482467_EU482467.1	1.4093163555555339e-11	1.8122489199154974e-11	1.5003728062693654e-11	5.755041758896048e-11	7.261410166926538e-12	2.976878479777466e-11	6.144900615157406e-11	0.9999999997682948	1.9373013473757813e-11	9.083027700002742e-12
FJ205877.1	0.0	0.0	0.0	0.0	0.0	0.0	0.0	1.0	0.0	0.0
FJ205877	0.0	0.0	0.0	0.0	0.0	0.0	0.0	1.0	0.0	0.0
EU482701_EU482701.1	0.0	0.0	0.0	0.0	0.0	0.0	0.0	1.0	0.0	0.0
FJ562098	0.0	0.0	0.0	0.0	0.0	0.0	0.0	1.0	0.0	0.0
EU482654_EU482654.1	9.302524796779503e-13	1.1962176163637434e-12	9.903564362759882e-13	3.798750965855971e-12	4.793064940397559e-13	1.9649588089973694e-12	4.056086493349072e-12	0.9999999999847057	1.2787614187372141e-12	5.995466530706921e-13
FJ547067	0.0	0.0	0.0	0.0	0.0	0.0	0.0	1.0	0.0	0.0
JF730049_JF730049.1	0.0	0.0	0.0	0.0	0.0	0.0	0.0	1.0	0.0	0.0
FJ410241_FJ410241.1	2.401402750190261e-10	3.087979163201386e-10	2.556558269605605e-10	9.806295834709896e-10	1.237307030204957e-10	5.072448169738222e-10	1.047059532000397e-09	0.9999999960518651	3.301062082474482e-10	1.5477013101322373e-10
FJ390387_FJ461311	3.1195954809660576e-09	4.011507791467784e-09	3.321153698210833e-09	1.2739086006524113e-08	1.6073511282891226e-09	6.589476249453031e-09	1.3602058980202635e-08	0.9999999487108768	4.288317881729711e-09	2.0105756989706297e-09
EU677148_EU677148.1	2.671414209622309e-11	3.435188626705874e-11	2.8440152692465814e-11	1.0908906485814818e-10	1.3764286652429382e-11	5.642789455928524e-11	1.1647899178447812e-10	0.9999999995607941	3.6722303883715714e-11	1.721723385138435e-11
FJ859028_FJ859028.1	1.0992773237503739e-10	1.4135677449573976e-10	1.1703020380072746e-10	4.488975720640888e-10	5.663954372974151e-11	2.321987533515789e-10	4.793068551510245e-10	0.9999999981926835	1.511109575962999e-10	7.084829706438526e-11
FJ024454	0.0	0.0	0.0	0.0	0.0	0.0	0.0	1.0	0.0	0.0
GU131899.2	0.0	0.0	0.0	0.0	0.0	0.0	0.0	1.0	0.0	0.0
GU131899.1	0.0	0.0	0.0	0.0	0.0	0.0	0.0	1.0	0.0	0.0
GU131899	0.0	0.0	0.0	0.0	0.0	0.0	0.0	1.0	0.0	0.0
FJ410202.1	0.0	0.0	0.0	0.0	0.0	0.0	0.0	1.0	0.0	0.0
FJ410202	0.0	0.0	0.0	0.0	0.0	0.0	0.0	1.0	0.0	0.0
EU482679.1	0.0	0.0	0.0	0.0	0.0	0.0	0.0	1.0	0.0	0.0
EU482679	0.0	0.0	0.0	0.0	0.0	0.0	0.0	1.0	0.0	0.0
EU482467.1	0.0	0.0	0.0	0.0	0.0	0.0	0.0	1.0	0.0	0.0
EU482467	0.0	0.0	0.0	0.0	0.0	0.0	0.0	1.0	0.0	0.0
EU482701.1	0.0	0.0	0.0	0.0	0.0	0.0	0.0	1.0	0.0	0.0
EU482701	0.0	0.0	0.0	0.0	0.0	0.0	0.0	1.0	0.0	0.0
EU482654.1	0.0	0.0	0.0	0.0	0.0	0.0	0.0	1.0	0.0	0.0
EU482654	0.0	0.0	0.0	0.0	0.0	0.0	0.0	1.0	0.0	0.0
JF730049.1	0.0	0.0	0.0	0.0	0.0	0.0	0.0	1.0	0.0	0.0
JF730049	0.0	0.0	0.0	0.0	0.0	0.0	0.0	1.0	0.0	0.0
FJ410241.1	0.0	0.0	0.0	0.0	0.0	0.0	0.0	1.0	0.0	0.0
FJ410241	0.0	0.0	0.0	0.0	0.0	0.0	0.0	1.0	0.0	0.0
FJ390387_FJ547064.2	1.1322283760225454e-09	1.4559397139301007e-09	1.205382069947753e-09	4.6235336437632385e-09	5.833732510463912e-10	2.391589562902856e-09	4.936741716572987e-09	0.9999999813850864	1.5564053803526136e-09	7.297198859292355e-10
FJ461311	0.0	0.0	0.0	0.0	0.0	0.0	0.0	1.0	0.0	0.0
EU677148.1	0.0	0.0	0.0	0.0	0.0	0.0	0.0	1.0	0.0	0.0
EU677148	0.0	0.0	0.0	0.0	0.0	0.0	0.0	1.0	0.0	0.0
FJ859028.1	0.0	0.0	0.0	0.0	0.0	0.0	0.0	1.0	0.0	0.0
FJ859028	0.0	0.0	0.0	0.0	0.0	0.0	0.0	1.0	0.0	0.0
FJ390387_FJ410237.1	6.915909928797199e-09	8.893212832795877e-09	7.362749425898322e-09	2.8241601173572206e-08	3.5633772695925604e-09	1.4608376149157969e-08	3.015474773163131e-08	0.9999998862958493	9.506880105785022e-09	4.457295993647015e-09
FJ547064_FJ547064.2	0.0	0.0	0.0	0.0	0.0	0.0	0.0	1.0	0.0	0.0
FJ410237_FJ410237.1	6.03035576823405e-11	7.754473071009298e-11	6.419979283658751e-11	2.462537891537233e-10	3.1071012915604616e-11	1.2737832950772477e-10	2.6293554831578236e-10	0.999999999008552	8.28956274359706e-11	3.8865573558287454e-11
FJ390387_FJ390387.1	0.0	0.0	0.0	0.0	0.0	0.0	0.0	1.0	0.0	0.0
FJ547064.2	0.0	0.0	0.0	0.0	0.0	0.0	0.0	1.0	0.0	0.0
FJ547064.1	0.0	0.0	0.0	0.0	0.0	0.0	0.0	1.0	0.0	0.0
FJ547064	0.0	0.0	0.0	0.0	0.0	0.0	0.0	1.0	0.0	0.0
FJ410237.1	0.0	0.0	0.0	0.0	0.0	0.0	0.0	1.0	0.0	0.0
FJ410237	0.0	0.0	0.0	0.0	0.0	0.0	0.0	1.0	0.0	0.0
FJ390387.1	0.0	0.0	0.0	0.0	0.0	0.0	0.0	1.0	0.0	0.0
FJ390387	0.0	0.0	0.0	0.0	0.0	0.0	0.0	1.0	0.0	0.0
