node	Africa	Caribbean	Central America	Eastern Asia	Europe	Oceania	South America	South-eastern Asia	Southern Asia	Western Asia
root	0.07155174540112177	0.07156506180639736	0.06325827954358669	0.19371643167195796	0.028333232990353948	0.11286860514241286	0.23865140092777284	0.12242537449715235	0.0691538297991984	0.02847603822004561
n0	0.9993917538089666	4.827592989567723e-05	4.264535802142683e-05	0.00013069729540294853	1.9374945769060305e-05	7.603918317962034e-05	0.00016104248906594228	6.694046014130557e-05	4.400351703594099e-05	1.9227012521435997e-05
n14	0.012990962186760673	0.016632067239227707	0.01584046288452227	0.044126282547678676	0.0058378575079715105	0.030404082816533406	0.053169269834242965	0.6875850558273905	0.12754667707038705	0.005867282085285146
n1	0.999896375163922	8.226124174500244e-06	7.26667216385781e-06	2.2270574541049145e-05	3.2915166199955928e-06	1.2956878634690437e-05	2.744135294796594e-05	1.1398676458159527e-05	7.496786215976133e-06	3.2762543217676715e-06
n4	0.9999658360797498	2.6279886451763902e-06	2.3214641383107004e-06	7.114757610338401e-06	2.117136135813016e-06	4.139280823021909e-06	8.766671025182306e-06	3.6359148490946845e-06	2.394040150517569e-06	1.0466668728819944e-06
n15	0.002629675343699568	0.005580470851867718	0.0013487932523380379	0.013119616236440208	0.0005508086683026059	0.008258368702418235	0.0048089842332995625	0.9284456320552003	0.03470406574380352	0.0005535849126304046
n340	0.007102913291282403	0.008728936321305501	0.016505610784254644	0.023472139068350027	0.0033257045057110022	0.027883741899005953	0.040944172553254256	0.5534892768248172	0.31520503767561475	0.0033424670764043885
n2	1.0	0.0	0.0	0.0	0.0	0.0	0.0	0.0	0.0	0.0
n3	0.9999978883846096	1.6772449355252805e-07	1.4816112478584146e-07	4.5408096579613474e-07	6.647923399266825e-08	2.641778624187385e-07	5.595103146771912e-07	2.3191107723848774e-07	1.5276938427289125e-07	6.680093367464648e-08
n5	0.9999879035413214	9.600363125555826e-07	8.480577037236553e-07	2.5991089043876844e-06	3.903718242380971e-07	1.512124407492057e-06	3.2025748309596007e-06	1.327395061672555e-06	8.744284891117423e-07	3.8236114452106985e-07
n9	0.9998430955742876	2.9240845945477524e-06	2.5830193739043656e-06	7.916382186621121e-06	0.00012125000395365649	4.605637687066345e-06	9.754422565267135e-06	4.04294490591413e-06	2.6633324351014415e-06	1.1645980104352723e-06
n16	0.0012737261765426952	0.007637709880485764	0.0008030576171199851	0.01257622151137759	0.0003395800691726205	0.010506399784829083	0.0029242233643322372	0.9500772535612523	0.013520536377979446	0.00034129165690851887
n295	0.00882065775404025	0.0017414333791214488	0.0010037603711088776	0.020206014730059202	0.0004421914315610042	0.003086892164630617	0.003748086179019698	0.8967643950725752	0.06374214870551304	0.00044442021237084173
n341	0.002049674264071154	0.0024869005875993878	0.027323637408137716	0.006715930598294662	0.0009714276006629988	0.04247552453671449	0.04400583049027119	0.06059293521101511	0.8124018154088103	0.0009763238944229661
n352	1.6123932819824254e-05	1.9488969837375336e-05	2.0774226824651958e-05	5.269791169126251e-05	7.669122052393907e-06	3.641564169786976e-05	6.979769713016774e-05	0.9996272561575551	0.00014206856360440012	7.70777678695998e-06
EF105385.1	1.0	0.0	0.0	0.0	0.0	0.0	0.0	0.0	0.0	0.0
EF105385	1.0	0.0	0.0	0.0	0.0	0.0	0.0	0.0	0.0	0.0
EF105387	1.0	0.0	0.0	0.0	0.0	0.0	0.0	0.0	0.0	0.0
EU003591	1.0	0.0	0.0	0.0	0.0	0.0	0.0	0.0	0.0	0.0
n6	0.9999999999365174	5.042394637469072e-12	4.454249669225942e-12	1.3651288789167038e-11	1.9987064977308175e-12	7.942123863580637e-12	1.682087054942286e-11	6.971756971247445e-12	4.5927376728793916e-12	2.0082739419789865e-12
EF105378	1.0	0.0	0.0	0.0	0.0	0.0	0.0	0.0	0.0	0.0
n10	0.9999999928776808	5.366335920891134e-10	4.740406436838711e-10	1.4528295912140696e-09	5.789565625402394e-10	8.452354015644955e-10	1.7901502827133855e-09	7.419646857352544e-10	4.887791322425688e-10	2.1372925705606992e-10
n12	0.9983598026789795	2.4362191972031267e-05	2.1520585642980024e-05	6.595582892123616e-05	0.0013431405080324991	3.8372154608703306e-05	8.126957660124762e-05	3.3683865824395045e-05	2.2189688731258284e-05	9.702920686129393e-06
n17	0.001033635283021124	0.08557960122018583	0.001039052973630596	0.004294407651052582	0.00046385638210643906	0.002848440110164448	0.003911946292964298	0.8978987350890717	0.002464130636768842	0.0004661943610340516
n193	0.0011624451154343257	0.0044395915327607215	0.0009617701220681711	0.02236253915521709	0.00042115897805663864	0.023420924794653165	0.0035780043118149806	0.9359177836248691	0.007312500616339941	0.0004232817487856633
n296	0.012487287674894857	0.0010435152078900106	0.0006794747148282881	0.025859686320919062	0.0003011438024730685	0.002200242341705234	0.0025466875577143137	0.9254520861391125	0.029127214580578188	0.00030266165988450866
n322	3.202104050678565e-05	2.9253486389263764e-05	2.5281020578435414e-05	9.543677220675335e-05	1.1332721195502966e-05	4.643689293530577e-05	9.542582189952477e-05	0.0009779467858071745	0.9986754756168172	1.1389841663927205e-05
n342	0.004991075500518253	0.006021134041650252	0.11539119621696788	0.016291599013958824	0.0023781791489386394	0.17671499935024826	0.1768010265146592	0.040300416158544086	0.45872020815075754	0.002390165903757021
n351	0.0010061377889263258	0.0012196968455155063	0.011961182497187355	0.003294784709716359	0.00047724214500400886	0.01862282765721786	0.01953658079118028	0.026443016547888134	0.916958883425204	0.00047964759216027517
n353	3.1006432754208524e-08	3.7401872376740295e-08	3.608142413128442e-08	1.0120293971483726e-07	1.4775487083710648e-08	6.379984500577483e-08	1.288588878111929e-07	0.9999994316779972	1.4034515399350215e-07	1.48499600859932e-08
GQ398257.1	0.0	0.0	0.0	0.0	0.0	0.0	0.0	1.0	0.0	0.0
n7	0.9999999999999803	1.552136048052914e-15	1.3710948810526912e-15	4.2021021672750415e-15	6.150834758462055e-16	2.4447227205002446e-15	5.1777541074100366e-15	2.1460267160643805e-15	1.413723820707475e-15	6.181813613900658e-16
EF105383.1	1.0	0.0	0.0	0.0	0.0	0.0	0.0	0.0	0.0	0.0
n11	0.9999999999862317	1.0925810512111808e-12	9.651423844754933e-13	2.9579476676542712e-12	4.4619190261688803e-13	1.7208914922277542e-12	3.6447294892023345e-12	1.5106331218623842e-12	9.951497871775623e-13	4.3515079912984853e-13
EF457904	1.0	0.0	0.0	0.0	0.0	0.0	0.0	0.0	0.0	0.0
n13	0.0	0.0	0.0	0.0	1.0	0.0	0.0	0.0	0.0	0.0
EF105389	1.0	0.0	0.0	0.0	0.0	0.0	0.0	0.0	0.0	0.0
n18	1.0579014436728504e-05	0.9990194426672305	1.119897917691118e-05	3.5337704309700395e-05	5.021851751092548e-06	2.0879144675623604e-05	4.2281081934059754e-05	0.000837391190592018	1.2821202463628553e-05	5.047163429886445e-06
n169	7.15426158396844e-08	2.547819007403024e-06	7.434194751514312e-08	2.602398062464277e-07	3.3284005791478055e-08	1.6162043014689146e-07	2.8039504609913173e-07	0.9999964199982285	1.1730714494969321e-07	3.3451767426191783e-08
n194	4.9566510382663534e-05	0.00010139411586292594	4.8959729755983144e-05	0.0004164021939862871	2.1822360864931794e-05	0.0003850804671866377	0.00018414910057200275	0.9986334964091548	0.00013719675995443412	2.1932352279401304e-05
n289	0.005332836532562817	0.007972513381658306	0.005533105321942373	0.20724794973009594	0.0024769323533747473	0.2539719323672463	0.02086748957592794	0.48517927823904444	0.008928545643264606	0.0024894168548826724
n297	0.0006311874920100812	0.00023219437809230916	0.00019596972520598507	0.1638808212042173	8.777461944322355e-05	0.004035131755332959	0.0007393266823413777	0.828834944807126	0.00127443230568576	8.82170305447743e-05
n319	0.03791706371467754	0.00109680115162858	0.0008690430207384521	0.012458608663052543	0.00038834485242789606	0.0019568468534233467	0.0032738903538575134	0.9290425165805736	0.012606582579608118	0.0003903022300127341
n323	3.2023181625087287e-06	2.9686661825004677e-06	2.5689587157188944e-06	9.585843730993516e-06	1.1516399323621008e-06	4.710249570960066e-06	9.697077775274782e-06	9.351845517991781e-05	0.9998714393461282	1.1574446213020031e-06
n339	2.2264444775503534e-11	2.6599315740962255e-11	2.3483890335912333e-11	7.238569131404997e-11	1.053481500150524e-11	4.1904070284837404e-11	8.86827074304351e-11	5.83279318820256e-11	0.9999999996452293	1.0587913713800718e-11
n343	0.0017572168878276933	0.002117311173537923	0.37465757540120054	0.005731220396852238	0.0008382289494466605	0.02074175856490689	0.5379533767179909	0.006255726272106833	0.04910513175474886	0.0008424538813814669
HM582115	0.0	0.0	0.0	0.0	0.0	1.0	0.0	0.0	0.0	0.0
JQ922550	0.0	0.0	0.0	0.0	0.0	0.0	0.0	0.0	1.0	0.0
JQ922552	0.0	0.0	0.0	0.0	0.0	0.0	0.0	0.0	1.0	0.0
GQ398257.2	0.0	0.0	0.0	0.0	0.0	0.0	0.0	1.0	0.0	0.0
GQ398257	0.0	0.0	0.0	0.0	0.0	0.0	0.0	1.0	0.0	0.0
n8	0.9999999999999982	1.429974497256047e-16	1.263182254977275e-16	3.871373866753185e-16	5.666709293908456e-17	2.252309742768236e-16	4.770236691540461e-16	1.9771227341324526e-16	1.302456064383877e-16	5.695271252697755e-17
EF105383.3	1.0	0.0	0.0	0.0	0.0	0.0	0.0	0.0	0.0	0.0
EF457904.2	1.0	0.0	0.0	0.0	0.0	0.0	0.0	0.0	0.0	0.0
EF457904.1	1.0	0.0	0.0	0.0	0.0	0.0	0.0	0.0	0.0	0.0
JF260983	0.0	0.0	0.0	0.0	1.0	0.0	0.0	0.0	0.0	0.0
JF260983.1	0.0	0.0	0.0	0.0	1.0	0.0	0.0	0.0	0.0	0.0
n19	6.59556610536051e-11	0.9999999941237538	7.049363842077482e-11	2.1940099867230736e-10	3.1338243466062746e-11	1.2929417937213547e-10	9.156145538894848e-10	4.3340344943086446e-09	7.861843585017929e-11	3.149619786059452e-11
n168	2.8595212277758135e-09	0.9999999359107005	3.040638439363792e-09	9.345204502365924e-09	1.3639943346034946e-09	5.445206089228988e-09	1.1482291008494869e-08	2.6013370960921703e-08	3.168203598133612e-09	1.3708692859619338e-09
n191	7.757109179717799e-08	1.3099650941164217e-07	8.249628901512002e-08	2.5332740839124063e-07	3.700730563729013e-08	1.4753820484675828e-07	3.1153076088931587e-07	0.9999988366568286	8.568176746934785e-08	3.719383385058195e-08
n171	5.5634640160341245e-08	6.802610534205094e-08	5.918565320485435e-08	1.8140440557640728e-07	2.65510017665136e-08	1.0554273182263337e-07	2.2350645825986935e-07	0.9999991924214505	6.104272636968054e-08	2.6684826989284416e-08
n182	5.892793284146354e-07	7.230096504998731e-07	6.26889699577744e-07	1.9214535854091286e-06	2.812260179602494e-07	1.1179294531224589e-06	2.367362159156496e-06	0.999991443605986	6.466006360112284e-07	2.826434836676985e-07
n195	1.5082978497327798e-06	2.203724566297818e-06	1.5695667935374717e-06	7.283921023198967e-06	7.028049750790578e-07	5.564051922034618e-06	5.920377804549918e-06	0.9999721172402158	2.423667521068408e-06	7.063473284932534e-07
M84728	0.0	0.0	0.0	0.0	0.0	0.0	0.0	1.0	0.0	0.0
n290	0.0013873261846295412	0.0018003890495369946	0.0014641722647772799	0.16961983653472892	0.000656397149439949	0.7749692004374732	0.0055269459935543925	0.04213679980978075	0.0017792269829379416	0.0006597055931409802
n294	6.767528186159173e-08	8.31726345582612e-08	7.184464204938545e-08	0.9999983467140762	3.2224266769036794e-08	3.911678987129461e-07	2.712818878331965e-07	6.259804796580544e-07	7.755214552455405e-08	3.2386686993868845e-08
n298	0.00020237176568939624	9.12206648761653e-05	7.794018020776253e-05	0.1518537290105707	3.4924401777163595e-05	0.005143326613900696	0.0002941207024991061	0.8418771507500298	0.00039011547893599944	3.510043151311167e-05
n318	0.0001882163844056919	0.00021539154415381914	0.00019007296517538707	0.9798821629108246	8.526488117305972e-05	0.0004176531077480085	0.000717769287841764	0.0179988807054416	0.00021889357081262891	8.56946424233724e-05
n320	1.3225488389558328e-06	9.700351176684988e-08	8.233863196346176e-08	5.810944196198435e-07	3.6886814357052265e-08	1.6048332855842978e-07	3.1067444793002275e-07	0.99999689397163	4.77925641482882e-07	3.707273525636128e-08
n321	1.0	0.0	0.0	0.0	0.0	0.0	0.0	0.0	0.0	0.0
n324	3.2083838001048236e-07	3.68810557260019e-07	3.247344581946441e-07	1.029143784552573e-06	1.4566173769805467e-07	5.815832954907737e-07	1.2262316191554848e-06	2.2801147352365104e-06	0.999993576485073	1.4639635951869372e-07
FJ882602	0.0	0.0	0.0	0.0	0.0	0.0	0.0	0.0	1.0	0.0
JX475906	0.0	0.0	0.0	0.0	0.0	0.0	0.0	0.0	1.0	0.0
JX475906.1	0.0	0.0	0.0	0.0	0.0	0.0	0.0	0.0	1.0	0.0
n344	0.0002853709866395932	0.00034378298799851313	0.6060515323073322	0.0009306264676844808	0.00013615250025386983	0.0022815019976359465	0.383997182309147	0.0008080241274657725	0.005028987565074781	0.00013683875076805902
n349	0.00012448683010537223	0.00014994143751945017	0.007248937872419777	0.0004059181187738017	5.9403204540862356e-05	0.0005684638677854153	0.9900751268854999	0.0002708497481042828	0.0010371694202722089	5.970261497889095e-05
EF105383.2	1.0	0.0	0.0	0.0	0.0	0.0	0.0	0.0	0.0	0.0
EF105383	1.0	0.0	0.0	0.0	0.0	0.0	0.0	0.0	0.0	0.0
n122	1.0017789664449241e-08	0.9999987067464312	1.0657338878768417e-08	3.266246014108661e-08	4.780937870396425e-09	1.90025881571417e-08	1.1835612703250348e-06	1.677732487894623e-08	1.0988823588499796e-08	4.805035269100544e-09
n21	9.663202890335948e-08	0.9999040494191092	3.011341859519784e-07	3.15062551055369e-07	4.611716178422037e-08	1.8329887703441284e-07	9.469506654904056e-05	1.6092262078278898e-07	1.059973097299746e-07	4.634960647702803e-08
n121	1.6329196232536568e-07	0.9999975571832286	1.7371664460150827e-07	5.32403299927436e-07	7.793027851283529e-08	3.0974472306796455e-07	6.560668680925571e-07	2.7222177405381165e-07	1.79118149808325e-07	7.83230711077935e-08
M20558.1	0.0	1.0	0.0	0.0	0.0	0.0	0.0	0.0	0.0	0.0
M20558	0.0	1.0	0.0	0.0	0.0	0.0	0.0	0.0	0.0	0.0
n192	3.778942559913862e-07	4.6661799669272124e-07	4.020109825127873e-07	1.2322261900602674e-06	1.8034416239514118e-07	7.169393022511786e-07	1.518138399809951e-06	0.9999945098754072	4.147001505384455e-07	1.8125315249352347e-07
FJ639701	0.0	0.0	0.0	0.0	0.0	0.0	0.0	1.0	0.0	0.0
n172	5.3062072388262663e-08	6.392463877793528e-08	5.644957173205151e-08	1.7300571732610248e-07	2.5323606646200002e-08	1.0065233158221968e-07	2.1317415869984318e-07	0.9999992307516496	5.820500773754423e-08	2.5451245419704745e-08
n177	1.322745709594147e-08	1.593238822609456e-08	1.4071904201980225e-08	4.312730172063248e-08	6.312738259523806e-09	2.5090855055670684e-08	5.314063988020006e-08	0.999999808242703	1.4509455904306151e-08	6.3445564037620786e-09
n183	2.4538166114260656e-08	2.956195872241056e-08	2.610468999156562e-08	8.000523005696332e-08	1.1710715953322774e-08	4.654593739454017e-08	9.85808244866193e-08	0.9999996442662495	2.691648638561432e-08	1.176974156693413e-08
n189	1.5360965591861226e-07	1.850255639518423e-07	1.6341616621317641e-07	5.008347762824307e-07	7.330944472533012e-08	2.9137861495444695e-07	6.171190129873543e-07	0.9999977731303296	1.6849748869785758e-07	7.367894689545087e-08
n196	5.352985542115147e-07	6.530109200202363e-07	5.687176943181421e-07	1.7962933959357367e-06	2.5510180826917526e-07	1.073638158412818e-06	2.147537122428182e-06	0.9999921102624492	6.03752297358717e-07	2.563875999168253e-07
AJ487271	0.0	0.0	0.0	0.0	0.0	0.0	0.0	1.0	0.0	0.0
n291	0.0	0.0	0.0	0.0	0.0	1.0	0.0	0.0	0.0	0.0
n292	6.519283047710632e-06	7.895603874785561e-06	6.931466711291509e-06	0.9996378508095067	3.109346151258344e-06	0.0002766697456471166	2.6174957330871305e-05	2.448455827536823e-05	7.23921124183933e-06	3.1250182130869747e-06
KJ734727	0.0	0.0	0.0	1.0	0.0	0.0	0.0	0.0	0.0	0.0
KJ734727.1	0.0	0.0	0.0	1.0	0.0	0.0	0.0	0.0	0.0	0.0
n299	0.0001772330530299276	0.00010620085287115286	9.195667051969783e-05	0.10691060502824436	4.122415671458294e-05	0.008457199780314444	0.0003471143488263219	0.8835143878768897	0.00031264629343476284	4.143193915502859e-05
FJ196854	0.0	0.0	0.0	1.0	0.0	0.0	0.0	0.0	0.0	0.0
DQ645550	0.0	0.0	0.0	1.0	0.0	0.0	0.0	0.0	0.0	0.0
FJ196852	0.0	0.0	0.0	1.0	0.0	0.0	0.0	0.0	0.0	0.0
GQ398259	0.0	0.0	0.0	0.0	0.0	0.0	0.0	1.0	0.0	0.0
GQ398259.1	0.0	0.0	0.0	0.0	0.0	0.0	0.0	1.0	0.0	0.0
GU131843.1	1.0	0.0	0.0	0.0	0.0	0.0	0.0	0.0	0.0	0.0
GU131843	1.0	0.0	0.0	0.0	0.0	0.0	0.0	0.0	0.0	0.0
n325	3.2870381582940313e-09	3.952042759244841e-09	3.4906807013253423e-09	1.0710844899720485e-08	1.5659337305639034e-09	6.224998149744045e-09	1.3182051417650319e-08	6.126321717515394e-09	0.9999999498735633	1.586525179169454e-09
KF041236	0.0	0.0	0.0	0.0	0.0	0.0	0.0	0.0	1.0	0.0
n345	3.327860904823539e-05	4.008562687193838e-05	0.9711518864563377	0.00010851678657018622	1.5879186482944092e-05	0.00018972127791959455	0.027985463676656407	7.962690511830333e-05	0.00037958225252350693	1.5959222471138558e-05
AF100465	0.0	0.0	0.0	0.0	0.0	0.0	1.0	0.0	0.0	0.0
n350	1.0297341211230767e-06	1.2401658322150696e-06	1.6766709998372207e-05	3.3574630704264143e-06	4.914189934328844e-07	2.6850952960990595e-06	0.9999689681343601	1.8546016010573661e-06	3.112780830935345e-06	4.938958964447594e-07
GQ868592	0.0	0.0	0.0	0.0	0.0	0.0	1.0	0.0	0.0	0.0
n123	1.4276812537998671e-08	0.9999997856685868	1.5188252863744253e-08	4.65486314846339e-08	6.8135388426078004e-09	2.708132562603744e-08	5.8141899276246604e-08	2.3772597895537493e-08	1.5660473450707543e-08	6.84788117595896e-09
n144	8.449643876579389e-07	0.9992835979661872	8.989074246608784e-07	2.7549521947576416e-06	4.032551142799994e-07	1.6027916452096606e-06	0.0007071580439606803	1.4069759181972595e-06	9.268555233623009e-07	4.0528764420021675e-07
n22	2.9193123816038585e-05	0.9846304348746538	3.1111550753666456e-05	9.518230745566322e-05	1.3932275330320885e-05	5.5375700154053256e-05	0.01505013533880808	4.860990721467543e-05	3.2022423526606126e-05	1.4002498287111267e-05
n31	2.699906503656186e-08	0.9999034772986741	1.414479260398699e-06	8.802872034150406e-08	1.2885171500977662e-08	5.121384615737266e-08	9.484157211066923e-05	4.495731004995978e-08	2.9615725056808098e-08	1.2950116732111622e-08
EU529701	0.0	1.0	0.0	0.0	0.0	0.0	0.0	0.0	0.0	0.0
EU482572	0.0	1.0	0.0	0.0	0.0	0.0	0.0	0.0	0.0	0.0
JX649148	0.0	0.0	0.0	0.0	0.0	0.0	0.0	1.0	0.0	0.0
FJ639702	0.0	0.0	0.0	0.0	0.0	0.0	0.0	1.0	0.0	0.0
n173	1.7587912249979404e-07	2.118138460630241e-07	1.8710735129948423e-07	5.73442602697521e-07	8.393744941238117e-08	3.3362067704487603e-07	7.065855689493847e-07	0.9999974503281153	1.929247468643032e-07	8.436051999801278e-08
FM210243	0.0	0.0	0.0	0.0	0.0	0.0	0.0	1.0	0.0	0.0
n178	2.8141962125614482e-08	3.389205888824984e-08	2.9938561690171707e-08	9.175506624550114e-08	1.3430613434008696e-08	5.338178194870228e-08	1.1305892307920087e-07	0.9999995920333321	3.0869392596250926e-08	1.3498307860402358e-08
n179	5.343976049165306e-10	6.435812012994013e-10	5.685138702186391e-10	1.7423691091347406e-09	2.5503863904498195e-10	1.0136853363414858e-09	2.1469156273201172e-09	0.9999999922529849	5.86189629660799e-10	2.5632411230077936e-10
n184	2.2368223407029947e-08	2.693838072108403e-08	2.3796224224669956e-08	7.293015827364853e-08	1.0675125018930773e-08	4.2429719481546274e-08	8.986321764462894e-08	0.9999996757339423	2.453607777179223e-08	1.072893093542058e-08
n187	1.8421164191147767e-08	2.2184874191790013e-08	1.959718238126939e-08	6.006102471214277e-08	8.79141035009931e-09	3.49426422363042e-08	7.400610487358742e-08	0.9999997329533926	2.0206482528700523e-08	8.835721764746563e-09
n190	6.92288848108338e-12	8.337327015005522e-12	7.364849846722723e-12	2.257163392559414e-11	3.3039146094440883e-12	1.3131852658768993e-11	2.781235789675349e-11	0.9999999998996407	7.593831827295889e-12	3.3205673562034906e-12
FM210227	0.0	0.0	0.0	0.0	0.0	0.0	0.0	1.0	0.0	0.0
n197	7.200847537704109e-13	8.674243297429136e-13	7.660356866973948e-13	2.5549762120733803e-12	3.4364733994294034e-13	1.3674319853744458e-12	2.8928261418838946e-12	0.9999999999893523	7.903058923992318e-13	3.4537942832991376e-13
n287	7.542199952329513e-10	9.083405556937388e-10	8.023676177990288e-10	2.4592370307324888e-09	3.599467107946378e-10	1.430833512166926e-09	3.0300321909395413e-09	0.9999999890658958	8.273655938544789e-10	3.6176095302856366e-10
M29095	0.0	0.0	0.0	0.0	0.0	1.0	0.0	0.0	0.0	0.0
M29095.1	0.0	0.0	0.0	0.0	0.0	1.0	0.0	0.0	0.0	0.0
n293	6.97692178608769e-09	8.427718079165237e-09	7.420041918420706e-09	0.9999997512048072	3.328588287630361e-09	1.6417210326102286e-07	2.8020333354227953e-08	1.9400706370676936e-08	7.703414228779431e-09	3.3453653973222755e-09
AF204178	0.0	0.0	0.0	1.0	0.0	0.0	0.0	0.0	0.0	0.0
n300	1.1578565591864918e-07	9.42657971133391e-08	8.248840670585952e-08	6.833378477608728e-05	3.699292558632098e-08	8.639714802300527e-06	3.1144413441544505e-07	0.9999221715297022	1.7681441820364413e-07	3.717938131954692e-08
n316	7.505974460220544e-07	8.964352059890831e-07	7.917448197089373e-07	9.90140677005647e-06	3.5517937255557487e-07	0.9999199609129305	2.9899067276946465e-06	6.316521570563961e-05	8.31631435970069e-07	3.5696958593709344e-07
JQ955623	0.0	0.0	0.0	0.0	0.0	0.0	0.0	0.0	1.0	0.0
n327	0.0	0.0	0.0	0.0	0.0	0.0	0.0	0.0	1.0	0.0
n330	5.568322862128555e-07	6.705992497172503e-07	5.92380528275155e-07	1.8155156758117079e-06	2.6574536083615266e-07	1.0562406827486724e-06	2.237044827450132e-06	9.272177557916436e-07	0.9999915612335822	3.171900509737798e-07
n346	2.2655829009326263e-09	2.7285078911239842e-09	0.9999998195399843	7.3868600313572535e-09	1.0812235498604656e-09	4.950719921068333e-09	1.528077292887305e-07	3.897392798324758e-09	4.2553260130444674e-09	1.0866732494113333e-09
n348	5.73504669608446e-06	6.907126518531433e-06	0.9986665452389523	1.8699368408027973e-05	2.7368968425455064e-06	1.6447356014632488e-05	0.0012481814607075438	1.0614643219047466e-05	2.1382170995985973e-05	2.7506916451927104e-06
AF100467	0.0	0.0	0.0	0.0	0.0	0.0	1.0	0.0	0.0	0.0
AF100468	0.0	0.0	0.0	0.0	0.0	0.0	1.0	0.0	0.0	0.0
n124	7.606433579608794e-10	0.9999999886209322	8.092032885729655e-10	2.4800288731687473e-09	3.6301331635710054e-10	1.4428451980767167e-09	3.0575697039458618e-09	1.2665586425569786e-09	8.343623626967084e-10	3.648430152271336e-10
n143	5.447351418396743e-10	0.9999999918520915	5.795113617419371e-10	1.7760739849659412e-09	2.59972177904975e-10	1.033294349215907e-09	2.1884634616885286e-09	9.07046536885994e-10	5.975290457957731e-10	2.61282517715443e-10
n145	1.286250007606723e-07	0.9999857738623815	1.3683649838137227e-07	4.1937356386714594e-07	6.138565149977188e-08	2.4398551951254107e-07	1.2818969804376999e-05	2.141756209817538e-07	1.4109090501698135e-07	6.169505408123224e-08
n160	1.0942579995818647e-05	0.8240380848850664	1.1641160900614397e-05	3.5677580105656326e-05	5.22229269768299e-06	2.0756703960187146e-05	0.175842202432084	1.8220652359388733e-05	1.200309816968017e-05	5.248614660590084e-06
n23	1.2516745832373932e-05	0.006327221640189782	1.3316173240023971e-05	4.081004683162765e-05	5.973555631707304e-06	2.3742699425421908e-05	0.9935358438292696	2.0841818506900982e-05	1.3729826881424482e-05	6.003664191082195e-06
EU482545	0.0	1.0	0.0	0.0	0.0	0.0	0.0	0.0	0.0	0.0
n61	0.0002244398305752211	0.17240421750418786	0.06715473410134908	0.0007317716696747859	0.00010711280966052518	0.00042573425295986176	0.7582244272747173	0.00037371807906345195	0.000246191786615573	0.00010765269119646622
n33	9.180785585840302e-09	0.9999996227195683	1.1701087072109367e-08	2.9933362452222047e-08	4.381484946152477e-09	1.7414800586830348e-08	2.7490772239924386e-07	1.5287062835338198e-08	1.0070556551726971e-08	4.403568979144688e-09
n60	1.656742591548439e-11	0.9999999997398842	1.780254309189132e-11	5.401702938973041e-11	7.906722857976525e-12	3.1426332293778704e-11	7.868914519585143e-11	2.7586665843443425e-11	1.8173085300101205e-11	7.946575175307695e-12
n174	0.0	0.0	0.0	0.0	0.0	0.0	0.0	1.0	0.0	0.0
n175	2.4672059356733653e-10	2.971284533867876e-10	2.6247138501876236e-10	8.044166681149041e-10	1.1774619464913717e-10	4.679980702553823e-10	9.911876345334313e-10	0.9999999964233593	2.7063192650646295e-10	1.1833967171896533e-10
FM210217	0.0	0.0	0.0	0.0	0.0	0.0	0.0	1.0	0.0	0.0
FM210222	0.0	0.0	0.0	0.0	0.0	0.0	0.0	1.0	0.0	0.0
n180	1.349200742367867e-12	1.6248579866379874e-12	1.4353345312583864e-12	4.398982468664652e-12	6.438994448563669e-13	2.5592648536320007e-12	5.4203464453883126e-12	0.9999999999804408	1.4799607557063742e-12	6.471448962863349e-13
FM210213	0.0	0.0	0.0	0.0	0.0	0.0	0.0	1.0	0.0	0.0
n185	3.339530263620173e-08	4.021834784337046e-08	3.552727889182505e-08	1.0888324192643514e-07	1.593774458671424e-08	6.334670715431081e-08	1.3416395666779411e-07	0.9999995158774813	3.6631863430974095e-08	1.6018075725951287e-08
FM210218	0.0	0.0	0.0	0.0	0.0	0.0	0.0	1.0	0.0	0.0
n188	2.0467576565918566e-08	2.4649338840353338e-08	2.1774238994230406e-08	6.673322039728766e-08	9.768050649651595e-09	3.882442968634861e-08	8.222746430393935e-08	0.9999997032871704	2.2451225489823962e-08	9.817284632072536e-09
EU482449	0.0	0.0	0.0	0.0	0.0	0.0	0.0	1.0	0.0	0.0
FM210204.1	0.0	0.0	0.0	0.0	0.0	0.0	0.0	1.0	0.0	0.0
FM210204	0.0	0.0	0.0	0.0	0.0	0.0	0.0	1.0	0.0	0.0
n284	7.967969601177144e-07	9.59591751764253e-07	8.476649584783501e-07	2.5979053800764716e-06	3.802674458823642e-07	1.5114240539105794e-06	3.201091901927596e-06	0.9999884490535863	8.740198505825496e-07	3.8218411087698073e-07
DQ181802	0.0	0.0	0.0	0.0	0.0	0.0	0.0	1.0	0.0	0.0
n200	6.237408174743446e-10	7.511782473313719e-10	6.635608073115946e-10	2.0336672768724925e-09	2.9767724955379066e-10	1.1831582249550387e-09	2.505847511414377e-09	0.9999999909578005	6.841916874191104e-10	2.991776345330769e-10
n277	2.436428361977149e-08	2.9342187245796986e-08	2.5919714176273398e-08	8.1454157039007e-07	1.162773500216454e-08	4.62159950059288e-08	9.788228983637746e-08	0.9999989116942941	2.6725588321388125e-08	1.168634236623593e-08
n288	1.2941356923552823e-12	1.558543774456944e-12	1.3767539811134048e-12	4.219454117227797e-12	6.176198640109919e-13	2.4548221586182727e-12	5.199124909913954e-12	0.9999999999812393	1.4195614924754269e-12	6.207328582631896e-13
DQ181804.1	0.0	0.0	0.0	0.0	0.0	0.0	0.0	1.0	0.0	0.0
AF204178.1	0.0	0.0	0.0	1.0	0.0	0.0	0.0	0.0	0.0	0.0
AF204178.2	0.0	0.0	0.0	1.0	0.0	0.0	0.0	0.0	0.0	0.0
n301	4.920062387611068e-09	4.114564542666399e-09	3.6032889812277832e-09	3.918154758065352e-06	1.6159812982546258e-09	3.468210906588139e-07	1.3604841297905303e-08	0.9999956981480478	7.393238450427831e-09	1.6241263414783346e-09
n309	8.889196779029283e-07	1.0692949191331692e-06	9.445508542915826e-07	7.75751022268761e-05	4.237306982716882e-07	9.082889155521008e-05	3.5669666565962473e-06	0.9998233002376612	9.76439319112861e-07	4.2586643143873645e-07
n317	2.5270466396999896e-10	3.0288253801600703e-10	2.6752916343965954e-10	2.2641966104614097e-09	1.2001476237350147e-10	0.999999982999047	1.0102856509606577e-09	1.238392249466699e-08	2.787974563684437e-10	1.2061967372304473e-10
AY037116.1	0.0	0.0	0.0	0.0	0.0	1.0	0.0	0.0	0.0	0.0
JQ922549	0.0	0.0	0.0	0.0	0.0	0.0	0.0	0.0	1.0	0.0
JQ922549.3	0.0	0.0	0.0	0.0	0.0	0.0	0.0	0.0	1.0	0.0
JQ922549.2	0.0	0.0	0.0	0.0	0.0	0.0	0.0	0.0	1.0	0.0
JQ922549.1	0.0	0.0	0.0	0.0	0.0	0.0	0.0	0.0	1.0	0.0
n331	7.653675303031811e-08	9.217409257094223e-08	8.14229053114187e-08	2.495431732045186e-07	3.652679036600746e-08	1.451806358346202e-07	3.0748257341074577e-07	1.2744249757524388e-07	0.9999886409903576	1.0242700221200441e-05
n338	1.799205964941744e-10	2.1668044535180735e-10	1.9140683562766512e-10	5.866195626479931e-10	8.58662231821313e-11	3.4128684048784347e-10	7.228219892446944e-10	2.995884684622678e-10	0.999999997289467	8.634211214712501e-11
n347	1.8079784415927183e-12	2.177371178284922e-12	0.999999999965711	5.894801183688843e-12	8.628481472354301e-13	3.460736367643282e-12	1.4133714250815035e-11	3.0164645889714264e-12	2.0678294838185852e-12	8.671971675298767e-13
FJ898449.1	0.0	0.0	1.0	0.0	0.0	0.0	0.0	0.0	0.0	0.0
AF100469	0.0	0.0	1.0	0.0	0.0	0.0	0.0	0.0	0.0	0.0
JX966379	0.0	0.0	1.0	0.0	0.0	0.0	0.0	0.0	0.0	0.0
n125	2.850352250635589e-10	0.9999999957365704	3.032320456931555e-10	9.293390661827445e-10	1.3603166483652418e-10	5.40676128202238e-10	1.1451218748727625e-09	4.746163664468954e-10	3.126598836180975e-10	1.3671730630537668e-10
n142	3.2522747316237763e-10	0.9999999951354008	3.4599019114440234e-10	1.060383312757571e-09	1.5521321834869864e-10	6.169157897415237e-10	1.306585122138088e-09	5.415410721659871e-10	3.5674742967432494e-10	1.5599554075239647e-10
EU482576	0.0	1.0	0.0	0.0	0.0	0.0	0.0	0.0	0.0	0.0
EU482576.1	0.0	1.0	0.0	0.0	0.0	0.0	0.0	0.0	0.0	0.0
n146	3.1209184679217207e-09	0.9999999518816037	3.32015978466829e-09	1.0175554456366262e-08	1.4894430501198141e-09	5.919991514383091e-09	1.3975303812166464e-08	5.196687492619304e-09	3.4233874243193326e-09	1.4969503016254361e-09
FJ898450	0.0	1.0	0.0	0.0	0.0	0.0	0.0	0.0	0.0	0.0
n167	0.0	0.0	0.0	0.0	0.0	0.0	1.0	0.0	0.0	0.0
n162	5.590756687161069e-05	0.026634813422188743	5.947673965006608e-05	0.00018228303528940366	2.6681612410569797e-05	0.00010604965328963356	0.9727535534176135	9.309251588897415e-05	6.132594084647046e-05	2.6816095951196314e-05
EU569708	0.0	1.0	0.0	0.0	0.0	0.0	0.0	0.0	0.0	0.0
n24	1.3904612601057502e-08	2.8487753473704924e-06	1.4792448847440082e-08	4.5335097398625044e-08	6.635908248207311e-09	2.6375308888967836e-08	0.9999969991069443	2.3152775956267428e-08	1.5252201045067266e-08	6.6693552686781625e-09
n28	1.0878184614647646e-06	0.00015926937325998463	1.157274226760285e-06	3.546762309564231e-06	5.191560317500225e-07	2.0634553985393377e-06	0.9998288297987955	1.8113425981182186e-06	1.1932461803018818e-06	5.217727379750067e-07
n62	1.7044993141860732e-06	0.000993440974723057	0.0003872091746665684	5.5574106695085035e-06	8.134639477270533e-07	3.2332217518420567e-06	0.9986025158101965	2.8381869999436584e-06	1.8696936741082023e-06	8.175640564528299e-07
n80	1.4773529200738615e-07	7.760191245149766e-06	0.9999568281537269	4.816814423048034e-07	7.050594438773793e-08	2.8023534867833505e-07	3.3952586165039144e-05	2.4599621813630417e-07	1.6205330128893901e-07	7.086131605308464e-08
n34	3.1537624909844537e-08	0.9999961785467556	3.3598044372153105e-08	1.0282640286578308e-07	1.5051176992316416e-08	5.982292513192179e-08	3.4763821193363885e-06	5.25137653642168e-08	3.4594145799654386e-08	1.5127039557943117e-08
n37	3.069701366195535e-08	0.9999995341816535	3.266435969199834e-08	1.000856438176067e-07	1.4649999392232114e-08	5.822839086081091e-08	1.2998298274947105e-07	5.1114051129961565e-08	3.367206532737949e-08	1.472383989924972e-08
EU677142.1	0.0	1.0	0.0	0.0	0.0	0.0	0.0	0.0	0.0	0.0
EU677142	0.0	1.0	0.0	0.0	0.0	0.0	0.0	0.0	0.0	0.0
FM210237	0.0	0.0	0.0	0.0	0.0	0.0	0.0	1.0	0.0	0.0
FM210237.1	0.0	0.0	0.0	0.0	0.0	0.0	0.0	1.0	0.0	0.0
n176	6.669309753530695e-13	8.031926513891325e-13	7.095082509444111e-13	2.1744856612183364e-12	3.182895408386755e-13	1.265084543328e-12	2.6793618088520413e-12	0.9999999999903321	7.315676898829853e-13	3.198938181116418e-13
FM210235.1	0.0	0.0	0.0	0.0	0.0	0.0	0.0	1.0	0.0	0.0
n181	8.833571325290497e-14	1.063837163869008e-13	9.397511844883483e-14	2.8801292628544713e-13	4.2157786412667845e-14	1.6756178613664726e-13	3.548843061641629e-13	0.9999999999987192	9.689691447342126e-14	4.2370274634687976e-14
FM210213.1	0.0	0.0	0.0	0.0	0.0	0.0	0.0	1.0	0.0	0.0
n186	2.503100543863992e-11	3.0145128006178444e-11	2.6628999918243298e-11	8.161198748246061e-11	1.1945924724186048e-11	4.748068279119673e-11	1.0056081137026206e-10	0.9999999996371323	2.745692657995107e-11	1.2006135862412838e-11
FM210202	0.0	0.0	0.0	0.0	0.0	0.0	0.0	1.0	0.0	0.0
FM210221	0.0	0.0	0.0	0.0	0.0	0.0	0.0	1.0	0.0	0.0
FM210241	0.0	0.0	0.0	0.0	0.0	0.0	0.0	1.0	0.0	0.0
n285	6.500261470402063e-10	7.828339719497847e-10	6.915242081993831e-10	2.119368552987525e-09	3.102217943394386e-10	1.2330182009371917e-09	2.611447507312005e-09	0.9999999905767496	7.130245022748696e-10	3.117854076863498e-10
n286	0.0	0.0	0.0	0.0	0.0	0.0	0.0	1.0	0.0	0.0
GQ868542	0.0	0.0	0.0	0.0	0.0	0.0	0.0	1.0	0.0	0.0
n202	3.874103491886273e-08	4.665627433768673e-08	4.1214285946922433e-08	1.263126590982497e-07	1.8488969131195773e-08	7.348689186673232e-08	1.556401685227812e-07	0.999999438381871	4.2495686160335884e-08	1.858215922754515e-08
n204	1.7205628553923006e-07	2.0720936537845116e-07	1.8304046254909142e-07	5.609784815199724e-07	8.211301940759827e-08	3.2636922779413863e-07	6.912275145156483e-07	0.9999975057473449	1.8873140398809604e-07	8.252689430434527e-08
n278	1.811881730979735e-07	2.1820700269224273e-07	1.927553353155545e-07	1.2328865099918174e-05	8.647116800985275e-08	3.43691274952452e-07	7.279144156667744e-07	0.9999856352521976	1.9874832348015313e-07	8.690700931723453e-08
n281	3.405045836288261e-07	4.1007358993632093e-07	3.6224260155433553e-07	1.1114189761240923e-06	1.6250414447959826e-07	6.458945552090985e-07	1.3679601200577745e-06	0.999995062573067	3.7350514647716133e-07	1.6332321539554644e-07
DQ181804	0.0	0.0	0.0	0.0	0.0	0.0	0.0	1.0	0.0	0.0
DQ181804.2	0.0	0.0	0.0	0.0	0.0	0.0	0.0	1.0	0.0	0.0
n302	2.089696995527373e-07	2.516206117770453e-07	2.222708187288403e-07	1.4757426299786913e-05	9.97119745233842e-08	4.0459077867579175e-07	8.393755804437708e-07	0.9999828865488268	2.292708561377389e-07	1.0021455357184716e-07
n308	2.69313767851331e-13	3.2433664642291085e-13	2.8650599840702495e-13	8.802881226106388e-13	1.2852826217082474e-13	5.110454472687161e-13	1.0819510951659867e-12	0.9999999999960935	2.9541588502295017e-13	1.2917608418027944e-13
GU370051	0.0	0.0	0.0	0.0	0.0	0.0	0.0	1.0	0.0	0.0
n310	3.0259537622678137e-06	3.643028572960255e-06	3.218085550519436e-06	0.00021954039142598863	1.4436516481279488e-06	0.0003171507075955551	1.2152662601774614e-05	0.9994350540901554	3.320500590346554e-06	1.4509280968703986e-06
n314	6.339469909465975e-11	7.634657436486204e-11	6.744150224792424e-11	2.3025049924576727e-10	3.025465127782282e-11	1.4837109123894267e-10	2.5468369794419953e-10	0.9999999990293111	6.953913251649591e-11	3.040714403431944e-11
AY037116.2	0.0	0.0	0.0	0.0	0.0	1.0	0.0	0.0	0.0	0.0
AY037116	0.0	0.0	0.0	0.0	0.0	1.0	0.0	0.0	0.0	0.0
n332	2.55226150888064e-06	3.0737179164911754e-06	2.715199422334929e-06	8.321484920826623e-06	1.2180543020746815e-06	4.841320473286599e-06	1.0253582852542187e-05	4.249808375052367e-06	0.9995643531638682	0.00039842140636038044
n334	3.137298697355063e-08	3.778284937200492e-08	3.3375857373951346e-08	1.0228961143170046e-07	1.4972604341822595e-08	5.951062757668541e-08	1.2603940470940263e-07	5.22396247275776e-08	0.999999284848551	2.575678823585033e-07
FJ898454	0.0	0.0	0.0	0.0	0.0	0.0	0.0	0.0	1.0	0.0
FJ898454.1	0.0	0.0	0.0	0.0	0.0	0.0	0.0	0.0	1.0	0.0
FJ898449	0.0	0.0	1.0	0.0	0.0	0.0	0.0	0.0	0.0	0.0
FJ898449.2	0.0	0.0	1.0	0.0	0.0	0.0	0.0	0.0	0.0	0.0
n126	2.4270764399353397e-08	0.9999996369693555	2.5820224632623233e-08	7.913327034366298e-08	1.1583103412440883e-08	4.603860074140128e-08	9.750658117483633e-08	4.041360850378202e-08	2.6623005527510813e-08	1.1641485819559995e-08
n130	3.267575703722133e-09	0.999999951125144	3.476179706826833e-09	1.0653720965538155e-08	1.5594344974648222e-09	6.19818192541041e-09	1.3127321858302966e-08	5.440888596415597e-09	3.584258187767339e-09	1.5672945274123052e-09
EU482575	0.0	1.0	0.0	0.0	0.0	0.0	0.0	0.0	0.0	0.0
EU482575.1	0.0	1.0	0.0	0.0	0.0	0.0	0.0	0.0	0.0	0.0
n147	2.8621436384735715e-10	0.999999995702416	3.044864614078485e-10	9.331835725447358e-10	1.365944030447592e-10	5.429128068163006e-10	1.1663763106155162e-09	4.765797675713035e-10	3.139533005798272e-10	1.372828808874232e-10
GQ398270	0.0	1.0	0.0	0.0	0.0	0.0	0.0	0.0	0.0	0.0
AF100466.1	0.0	0.0	0.0	0.0	0.0	0.0	1.0	0.0	0.0	0.0
AF100466	0.0	0.0	0.0	0.0	0.0	0.0	1.0	0.0	0.0	0.0
n163	2.3770530198086008e-05	0.0064439398740044574	2.5288055178332002e-05	7.750228882068464e-05	1.1344369090423464e-05	4.508971910379499e-05	0.9932960086639494	3.9580661147520605e-05	2.6074290304287165e-05	1.1401548203063966e-05
JX669488	0.0	0.0	0.0	0.0	0.0	0.0	1.0	0.0	0.0	0.0
JN819419	0.0	0.0	0.0	0.0	0.0	0.0	1.0	0.0	0.0	0.0
FJ850085	0.0	0.0	0.0	0.0	0.0	0.0	1.0	0.0	0.0	0.0
n26	5.066280472591775e-07	7.049064076693143e-07	5.389714925335943e-07	1.6518282476719452e-06	2.417857536947777e-07	9.610099627839679e-07	0.9999937525430718	8.435938490474777e-07	5.557287393442145e-07	2.4300442832843836e-07
n29	2.4239268552645863e-10	1.0791430744057028e-09	2.5786722447198544e-10	7.903058015594616e-10	1.1568072173890943e-10	4.597885706428787e-10	0.9999999962690619	4.0361164304359036e-10	2.658845720891745e-10	1.1626378818940316e-10
EU920835	0.0	0.0	0.0	0.0	0.0	0.0	1.0	0.0	0.0	0.0
n77	7.329251162912663e-07	4.1243186391047804e-05	1.6469609134731663e-05	2.3896553241925635e-06	3.497849213106427e-07	1.3902671645223673e-06	0.9999350486617979	1.2204044432122539e-06	8.039577617421411e-07	3.515479449972093e-07
n64	4.592359267148776e-07	5.179379561375263e-06	2.2870048801120157e-06	1.497309278863061e-06	2.1916809632861268e-07	8.711130448242916e-07	0.9999879980923788	7.646805287147212e-07	5.037435333387184e-07	2.202727710061809e-07
EU482607	0.0	0.0	0.0	0.0	0.0	0.0	1.0	0.0	0.0	0.0
n81	8.800692067592864e-08	4.812186665451606e-07	0.9999966451695967	2.869409191804072e-07	4.200087176598858e-08	1.6693810779141348e-07	2.004434467595743e-06	1.465416242893941e-07	9.653625642202202e-08	4.221256908988243e-08
n82	1.981496300219293e-09	9.31889965870071e-08	0.9999994797841008	6.46054157298813e-09	9.456594023639602e-10	3.758650347196803e-09	4.0745717403352434e-07	3.299418774489029e-09	2.1735362795120006e-09	9.50425816878185e-10
n35	1.624374340563248e-06	0.9997211273375396	1.72810644825549e-06	5.29616833306353e-06	7.752246965802536e-07	3.081234710587076e-06	0.00026110184888549236	2.704769721437445e-06	1.7818032566256878e-06	7.791320677080919e-07
FJ898460	0.0	1.0	0.0	0.0	0.0	0.0	0.0	0.0	0.0	0.0
n38	4.600596716728857e-09	0.9999996987863945	4.894329526093457e-09	1.4999950464550355e-08	2.195612245744763e-09	8.726755858555676e-09	2.508826891682226e-07	7.66052158616585e-09	5.0464711289679864e-09	2.206678807394303e-09
n59	0.0	1.0	0.0	0.0	0.0	0.0	0.0	0.0	0.0	0.0
FM210235.2	0.0	0.0	0.0	0.0	0.0	0.0	0.0	1.0	0.0	0.0
FM210235	0.0	0.0	0.0	0.0	0.0	0.0	0.0	1.0	0.0	0.0
FM210213.2	0.0	0.0	0.0	0.0	0.0	0.0	0.0	1.0	0.0	0.0
FM210213.3	0.0	0.0	0.0	0.0	0.0	0.0	0.0	1.0	0.0	0.0
EU482664	0.0	0.0	0.0	0.0	0.0	0.0	0.0	1.0	0.0	0.0
EU482664.1	0.0	0.0	0.0	0.0	0.0	0.0	0.0	1.0	0.0	0.0
AF100462	0.0	0.0	0.0	0.0	0.0	0.0	0.0	1.0	0.0	0.0
AF100462.1	0.0	0.0	0.0	0.0	0.0	0.0	0.0	1.0	0.0	0.0
EU726767	0.0	0.0	0.0	0.0	0.0	0.0	0.0	1.0	0.0	0.0
EU726767.1	0.0	0.0	0.0	0.0	0.0	0.0	0.0	1.0	0.0	0.0
n203	0.0	0.0	0.0	0.0	0.0	0.0	0.0	1.0	0.0	0.0
AF169680	0.0	0.0	0.0	0.0	0.0	0.0	0.0	1.0	0.0	0.0
n205	1.3269937316374724e-07	1.598113827297982e-07	1.411709811573767e-07	4.3265779347612987e-07	6.333012577727944e-08	2.517140935158495e-07	5.331130891399364e-07	0.9999980762936803	1.455601515924972e-07	6.364932910771527e-08
n276	1.5299174740983376e-10	1.842497226391805e-10	1.6275883281058508e-10	4.98819777940511e-10	7.301456197833433e-11	2.902061863333112e-10	6.146366868962392e-10	0.9999999977821206	1.6781919472894936e-10	7.3382577848629e-11
n279	4.570370653033209e-05	5.5041499913315093e-05	4.862145871219868e-05	0.0045964968788332755	2.181187004916868e-05	8.669420800806335e-05	0.00018361235319072966	0.9948899630596089	5.0133156564991e-05	2.1921808589117486e-05
EU687246	0.0	0.0	0.0	0.0	0.0	0.0	0.0	1.0	0.0	0.0
n282	0.0	0.0	0.0	0.0	0.0	0.0	0.0	1.0	0.0	0.0
FJ639828	0.0	0.0	0.0	0.0	0.0	0.0	0.0	1.0	0.0	0.0
n303	6.980763435428155e-07	8.406979336941459e-07	7.426388571447324e-07	3.3774289756061184e-06	3.3315212316964197e-07	1.3248051341504604e-06	2.8044750509853165e-06	0.9999887781589106	7.657353587566875e-07	3.348313124330819e-07
n305	3.69863271932815e-06	4.454262930956886e-06	3.934716904899599e-06	0.0002448456263086307	1.7651369484594824e-06	7.023863435322541e-06	1.4858925386124757e-05	0.9997135876623371	4.057139246940609e-06	1.7740337820865793e-06
JN851129	0.0	0.0	0.0	0.0	0.0	0.0	0.0	1.0	0.0	0.0
JN851129.1	0.0	0.0	0.0	0.0	0.0	0.0	0.0	1.0	0.0	0.0
n311	3.3153947102174726e-07	3.9927175301770003e-07	3.527006036051113e-07	1.991650475684529e-06	1.5822354720412343e-07	1.981451796025368e-06	1.3319260502918632e-06	0.9999929305385293	3.636767313388837e-07	1.5902104259199847e-07
n312	0.0007031902625612794	0.0008468591343107493	0.0007480814576542343	0.05295399204263927	0.00033559370615449666	0.08466532043578233	0.002825028297994787	0.8558133072596161	0.0007713422015388676	0.00033728520174783474
n315	3.901705590098869e-14	4.698868308204146e-14	4.150792241882125e-14	1.2760377250692248e-13	1.8620696163938784e-14	7.447740755694794e-14	1.567490468777502e-13	0.9999999999994336	4.279846533928035e-14	1.8714550205086062e-14
AY858036.1	0.0	0.0	0.0	0.0	0.0	0.0	0.0	1.0	0.0	0.0
n333	0.0	0.0	0.0	0.0	0.0	0.0	0.0	0.0	0.0	1.0
KF041233	0.0	0.0	0.0	0.0	0.0	0.0	0.0	0.0	1.0	0.0
n335	0.0	0.0	0.0	0.0	0.0	0.0	0.0	0.0	1.0	0.0
n337	0.0	0.0	0.0	0.0	0.0	0.0	0.0	0.0	1.0	0.0
n127	1.5180176071664954e-13	0.9999999999977295	1.614928766494076e-13	4.949399026655578e-13	7.244664665849593e-14	2.8794893059329224e-13	6.098559749245237e-13	2.527673552774183e-13	1.6651387851438665e-13	7.281180006074284e-14
n129	2.3842135940817238e-11	0.9999999996433807	2.5364232274853335e-11	7.773575475131378e-11	1.137854258036129e-11	4.5225546230869485e-11	9.578458767429437e-11	3.969989292267854e-11	2.615283583556815e-11	1.1435893937911576e-11
n131	1.005122741453915e-08	0.9999998496584818	1.0692903833053387e-08	3.2771382194355315e-08	4.796899044830638e-09	1.9065919733097607e-08	4.038030300395859e-08	1.67364473170192e-08	1.1025358683085926e-08	4.821076892767641e-09
n141	0.0	1.0	0.0	0.0	0.0	0.0	0.0	0.0	0.0	0.0
n148	1.0604267768350992e-09	0.9999999841386238	1.1281250616507297e-09	3.4574534790171933e-09	5.060834844463967e-10	2.011496802939705e-09	4.260224206821016e-09	1.7657322983645911e-09	1.163199785415635e-09	5.086343010085171e-10
n158	2.1551226589168015e-08	0.999999677646714	2.2927069888895026e-08	7.026639177312452e-08	1.0285217314949057e-08	4.087997807158519e-08	8.658117920000093e-08	3.588526590345065e-08	2.3639899228857555e-08	1.0337057976575624e-08
n164	0.0	0.0	0.0	0.0	0.0	0.0	1.0	0.0	0.0	0.0
n166	0.0	0.0	0.0	0.0	0.0	0.0	1.0	0.0	0.0	0.0
n27	0.0	0.0	0.0	0.0	0.0	0.0	1.0	0.0	0.0	0.0
EU920840	0.0	0.0	0.0	0.0	0.0	0.0	1.0	0.0	0.0	0.0
n30	6.41516303251012e-13	8.16050245604471e-13	6.824710932673121e-13	2.091622753191162e-12	3.0616051307890503e-13	1.2168760929202493e-12	0.9999999999921657	1.068198277639312e-12	7.036899129511965e-13	3.07703656317976e-13
EU920834	0.0	0.0	0.0	0.0	0.0	0.0	1.0	0.0	0.0	0.0
n78	6.536567146020671e-09	9.553760010796815e-09	7.60761451198884e-09	2.131205785588441e-08	3.119544649229841e-09	1.2399049329613357e-08	0.9999999182819345	1.0884134560053802e-08	7.170069322748238e-09	3.135268114630484e-09
n79	7.763450942710724e-07	1.7194596131573012e-06	1.1308761427555344e-06	2.5312233769846153e-06	3.7050689309655896e-07	1.4726294254516212e-06	0.9999894822955437	1.292703690228446e-06	8.515858584406725e-07	3.723743619002966e-07
n65	1.2687086708093995e-11	1.848026193919808e-11	1.4741428636240117e-11	4.136543232943424e-11	6.054849980183235e-12	2.406581473556883e-11	0.9999999998414777	2.1125455582603457e-11	1.3916676623773486e-11	6.085368288101347e-12
n74	2.704115331168748e-07	3.6910510432368377e-07	3.045638840013897e-07	8.816594567063616e-07	1.2905257949324782e-07	5.129368158412708e-07	0.9999966556824298	4.5026624025825795e-07	2.966189124667628e-07	1.297030442234214e-07
FJ898439	0.0	0.0	1.0	0.0	0.0	0.0	0.0	0.0	0.0	0.0
GU131959	0.0	0.0	1.0	0.0	0.0	0.0	0.0	0.0	0.0	0.0
n83	1.77268704533473e-08	2.169472922549093e-08	0.999999730491161	5.7797323926443575e-08	8.460062083810384e-09	3.3625653389719434e-08	7.273932328692875e-08	2.9517273980779304e-08	1.944489931588253e-08	8.5027034011882e-09
n96	1.450498869180861e-10	2.0908086251615048e-10	0.9999999976243138	4.729258512810764e-10	6.92243479640801e-11	2.751414715057379e-10	7.340580720009391e-10	2.4152471042818374e-10	1.5910763574005533e-10	6.957325998890528e-11
n36	4.351674986984247e-08	0.9999975707731328	4.629510245991842e-08	1.4188357133158725e-07	2.076815569637095e-08	8.254582508635288e-08	1.953149998245772e-06	7.246038335101366e-08	4.773424739580885e-08	2.0872833594668597e-08
EU920833	0.0	0.0	0.0	0.0	0.0	0.0	1.0	0.0	0.0	0.0
n39	3.028839693272615e-08	0.9999901349267835	3.222203099646519e-08	9.875337518489714e-08	1.4454989059931339e-08	5.7453296094786865e-08	9.53371577749921e-06	5.0433657370869624e-08	3.322384683446114e-08	1.4527846654839178e-08
n58	0.0	1.0	0.0	0.0	0.0	0.0	0.0	0.0	0.0	0.0
EU482726.1	0.0	1.0	0.0	0.0	0.0	0.0	0.0	0.0	0.0	0.0
EU482726	0.0	1.0	0.0	0.0	0.0	0.0	0.0	0.0	0.0	0.0
AF169679.1	0.0	0.0	0.0	0.0	0.0	0.0	0.0	1.0	0.0	0.0
AF169679	0.0	0.0	0.0	0.0	0.0	0.0	0.0	1.0	0.0	0.0
n206	2.6351228513390367e-08	3.173508785273058e-08	2.8033506830112534e-08	8.591649012477412e-08	1.2575994719127724e-08	4.9984980638093485e-08	1.0586474148653927e-07	0.9999996179934869	2.890510124960803e-08	1.2639381604099443e-08
FJ906957	0.0	0.0	0.0	0.0	0.0	0.0	0.0	1.0	0.0	0.0
AF100461.1	0.0	0.0	0.0	0.0	0.0	0.0	0.0	1.0	0.0	0.0
AF100461	0.0	0.0	0.0	0.0	0.0	0.0	0.0	1.0	0.0	0.0
n280	6.458432585421748e-09	7.77796471178365e-09	6.870742815775747e-09	1.1320243117853578e-07	3.0822553129480767e-09	1.2250837852614626e-08	2.5946429621544304e-08	0.9999998142287531	7.084362222449016e-09	3.0977908286141376e-09
FJ196851	0.0	0.0	0.0	1.0	0.0	0.0	0.0	0.0	0.0	0.0
FJ687434.2	0.0	0.0	0.0	0.0	0.0	0.0	0.0	1.0	0.0	0.0
FJ687434.1	0.0	0.0	0.0	0.0	0.0	0.0	0.0	1.0	0.0	0.0
FJ687434	0.0	0.0	0.0	0.0	0.0	0.0	0.0	1.0	0.0	0.0
n304	4.849752703901914e-09	5.840612915699157e-09	5.1593637544509565e-09	1.5842929275514932e-08	2.314520681359563e-09	9.199391407195308e-09	1.9483638397661228e-08	0.9999999296638299	5.319774584767055e-09	2.3261865781312e-09
JN851130	0.0	0.0	0.0	0.0	0.0	0.0	0.0	1.0	0.0	0.0
n306	2.0351906510277899e-07	2.451003524566387e-07	2.1651184443668568e-07	0.9999846392762314	9.712847660341748e-08	3.8605028284576214e-07	8.176276546115718e-07	1.3073924607440638e-05	2.2324345128568495e-07	9.761803402702032e-08
EU179859	0.0	0.0	0.0	0.0	0.0	0.0	0.0	1.0	0.0	0.0
JN851126	0.0	0.0	0.0	0.0	0.0	0.0	0.0	1.0	0.0	0.0
JN851127	0.0	0.0	0.0	0.0	0.0	0.0	0.0	1.0	0.0	0.0
n313	0.0	0.0	0.0	1.0	0.0	0.0	0.0	0.0	0.0	0.0
HM488257	0.0	0.0	0.0	0.0	0.0	1.0	0.0	0.0	0.0	0.0
AY858036.2	0.0	0.0	0.0	0.0	0.0	0.0	0.0	1.0	0.0	0.0
AY858036	0.0	0.0	0.0	0.0	0.0	0.0	0.0	1.0	0.0	0.0
KJ830750.1	0.0	0.0	0.0	0.0	0.0	0.0	0.0	0.0	0.0	1.0
KJ830750	0.0	0.0	0.0	0.0	0.0	0.0	0.0	0.0	0.0	1.0
KJ010185.1	0.0	0.0	0.0	0.0	0.0	0.0	0.0	0.0	1.0	0.0
KJ010185.2	0.0	0.0	0.0	0.0	0.0	0.0	0.0	0.0	1.0	0.0
KJ010185	0.0	0.0	0.0	0.0	0.0	0.0	0.0	0.0	1.0	0.0
KJ010186	0.0	0.0	0.0	0.0	0.0	0.0	0.0	0.0	1.0	0.0
KJ010186.1	0.0	0.0	0.0	0.0	0.0	0.0	0.0	0.0	1.0	0.0
n128	3.839481728962337e-17	0.9999999999999996	4.084596557548112e-17	1.251838387280565e-16	1.8323738463685507e-17	7.283016037941982e-17	1.5424925652796347e-16	6.393177771352e-17	4.211591427901802e-17	1.8416095746603487e-17
EU482590.2	0.0	1.0	0.0	0.0	0.0	0.0	0.0	0.0	0.0	0.0
EU482744	0.0	1.0	0.0	0.0	0.0	0.0	0.0	0.0	0.0	0.0
EU482744.1	0.0	1.0	0.0	0.0	0.0	0.0	0.0	0.0	0.0	0.0
n132	1.8281548776787586e-12	0.9999999999726553	1.9448653873525685e-12	5.9605817017157214e-12	8.724779596424832e-13	3.467780870928808e-12	7.344520708948333e-12	3.044087705483966e-12	2.005333520310718e-12	8.768755171560928e-13
n139	2.151848757001595e-11	0.9999999996781365	2.2892240791020362e-11	7.015964830140202e-11	1.0269592778440009e-11	4.0817876252021275e-11	8.64494466595163e-11	3.583075167880029e-11	2.3603987253712927e-11	1.0321354687592475e-11
GQ398285.1	0.0	1.0	0.0	0.0	0.0	0.0	0.0	0.0	0.0	0.0
GQ398285	0.0	1.0	0.0	0.0	0.0	0.0	0.0	0.0	0.0	0.0
n149	1.9576339740065154e-10	0.9999999970718634	2.0826105072590854e-10	6.382739989150236e-10	9.34271224075216e-11	3.7133865025482986e-10	7.86469708657153e-10	3.2596852623763963e-10	2.1473612966308913e-10	9.389802386649543e-11
n156	1.2073044379131257e-10	0.999999998194171	1.2843794811716073e-10	3.936338670694224e-10	5.761801286744438e-11	2.2901053331424978e-10	4.850285146091062e-10	2.0103004625592613e-10	1.3243123370603757e-10	5.790842539031011e-11
n159	0.0	1.0	0.0	0.0	0.0	0.0	0.0	0.0	0.0	0.0
EU569714	0.0	1.0	0.0	0.0	0.0	0.0	0.0	0.0	0.0	0.0
KC294201.2	0.0	0.0	0.0	0.0	0.0	0.0	1.0	0.0	0.0	0.0
KC294201	0.0	0.0	0.0	0.0	0.0	0.0	1.0	0.0	0.0	0.0
KC294201.1	0.0	0.0	0.0	0.0	0.0	0.0	1.0	0.0	0.0	0.0
FJ850072	0.0	0.0	0.0	0.0	0.0	0.0	1.0	0.0	0.0	0.0
FJ850072.1	0.0	0.0	0.0	0.0	0.0	0.0	1.0	0.0	0.0	0.0
FJ850088	0.0	0.0	0.0	0.0	0.0	0.0	1.0	0.0	0.0	0.0
FJ850088.1	0.0	0.0	0.0	0.0	0.0	0.0	1.0	0.0	0.0	0.0
EU920834.1	0.0	0.0	0.0	0.0	0.0	0.0	1.0	0.0	0.0	0.0
EU920834.2	0.0	0.0	0.0	0.0	0.0	0.0	1.0	0.0	0.0	0.0
GQ868553	0.0	0.0	0.0	0.0	0.0	0.0	1.0	0.0	0.0	0.0
GQ868553.1	0.0	0.0	0.0	0.0	0.0	0.0	1.0	0.0	0.0	0.0
FJ898466	0.0	0.0	0.0	0.0	0.0	0.0	1.0	0.0	0.0	0.0
JN819408	0.0	0.0	0.0	0.0	0.0	0.0	1.0	0.0	0.0	0.0
n66	6.152287342698481e-08	7.409275929405577e-08	6.545055197837754e-08	2.005913820887425e-07	2.9361489955967834e-08	1.1670118664429782e-07	0.999999252842166	1.024426458019382e-07	6.748546409022865e-08	2.9509480904437813e-08
FJ639732	0.0	0.0	0.0	0.0	0.0	0.0	1.0	0.0	0.0	0.0
n71	5.109298226633602e-08	6.153188448139375e-08	5.435479596400385e-08	1.6658539104164593e-07	2.4383875493296982e-08	9.691698920327395e-08	0.9999993795068811	8.507567988492583e-08	5.604474284006949e-08	2.4506777732489837e-08
FJ024473	0.0	0.0	0.0	0.0	0.0	0.0	1.0	0.0	0.0	0.0
n75	1.7775429177105114e-07	2.1463594848719436e-07	1.8932164318632034e-07	5.7955646530192e-07	8.483236496845266e-08	3.3717763207886416e-07	0.9999978404987677	2.959812982936717e-07	1.949816418837446e-07	8.525994620399146e-08
GQ868555	0.0	0.0	0.0	0.0	0.0	0.0	1.0	0.0	0.0	0.0
n84	8.144935051098997e-11	9.809265619176973e-11	0.9999999987702656	2.655603823286935e-10	3.887130352886932e-11	1.5449921836503076e-10	3.2722865689841174e-10	1.356225172918453e-10	8.934314853816552e-11	3.9067226865393754e-11
n86	5.362064888199616e-09	6.457954398962891e-09	0.9999999190416162	1.748266858910581e-08	2.5590192003136535e-09	1.0171165624428594e-08	2.1543402016261705e-08	8.92845349235444e-09	5.881738243119079e-09	2.571917444890998e-09
n97	6.657222166325296e-11	8.017564419449528e-11	0.999999998994882	2.1705445809513938e-10	3.177126666607747e-11	1.2627916794018322e-10	2.6745915295088315e-10	1.1085039017546056e-10	7.30241782317608e-11	3.193140363102907e-11
n111	5.286968968923059e-13	6.371290605097323e-13	0.9999999999920155	1.7237823161741518e-12	2.5231800407173516e-13	1.0028718069502225e-12	2.125831684048101e-12	8.803410167309662e-13	5.799364279073408e-13	2.535897644897053e-13
AF208496	0.0	1.0	0.0	0.0	0.0	0.0	0.0	0.0	0.0	0.0
AY702039	0.0	1.0	0.0	0.0	0.0	0.0	0.0	0.0	0.0	0.0
n40	7.885214584570146e-06	0.9938552140839108	8.388611439871795e-06	2.570923631293652e-05	3.763180032549628e-06	1.4957264635182668e-05	0.006058521050973385	1.3129787341907402e-05	8.649423150274263e-06	3.782147618428801e-06
n56	1.1304160226568876e-10	0.9999999982774883	1.2025824632785693e-10	3.6856489251776034e-10	5.394855091528834e-11	2.144257637809287e-10	4.858276063034561e-10	1.882272425967063e-10	1.2399721543332545e-10	5.422046822025169e-11
EU920849	0.0	1.0	0.0	0.0	0.0	0.0	0.0	0.0	0.0	0.0
EU920849.1	0.0	1.0	0.0	0.0	0.0	0.0	0.0	0.0	0.0	0.0
n207	5.601586877746612e-11	6.746055562064567e-11	5.959195561489005e-11	1.8263614670580663e-10	2.6733298964592743e-11	1.0625508844283424e-10	2.2504094882168305e-10	0.9999999991879531	6.144473900997242e-11	2.6868043021363524e-11
n272	6.763010083791176e-08	8.144770899351212e-08	7.194764725285553e-08	2.2050360528069052e-07	3.227613431986536e-08	1.282858322608198e-07	2.717005447497805e-07	0.9999990195850269	7.418458350993698e-08	3.2438815973218265e-08
FJ639831.1	0.0	0.0	0.0	0.0	0.0	0.0	0.0	1.0	0.0	0.0
FJ639831	0.0	0.0	0.0	0.0	0.0	0.0	0.0	1.0	0.0	0.0
AY858035	0.0	0.0	0.0	0.0	0.0	0.0	0.0	1.0	0.0	0.0
AY858035.1	0.0	0.0	0.0	0.0	0.0	0.0	0.0	1.0	0.0	0.0
JX470186.1	0.0	0.0	0.0	1.0	0.0	0.0	0.0	0.0	0.0	0.0
JX470186	0.0	0.0	0.0	1.0	0.0	0.0	0.0	0.0	0.0	0.0
KC131142	0.0	0.0	0.0	1.0	0.0	0.0	0.0	0.0	0.0	0.0
KC131142.1	0.0	0.0	0.0	1.0	0.0	0.0	0.0	0.0	0.0	0.0
EU482590	0.0	1.0	0.0	0.0	0.0	0.0	0.0	0.0	0.0	0.0
EU482590.1	0.0	1.0	0.0	0.0	0.0	0.0	0.0	0.0	0.0	0.0
n133	1.8088766764879733e-09	0.9999999729436758	1.924356454174006e-09	5.897726363438427e-09	8.632775325638595e-10	3.431212537396692e-09	7.267071500674851e-09	3.0119872877648577e-09	1.9841869404825027e-09	8.676287170925924e-10
n137	8.830906043533407e-09	0.9999998679114732	9.394676409931994e-09	2.8792602648354716e-08	4.214506648604843e-09	1.6751122907933357e-08	3.547772298037345e-08	1.4704472166787495e-08	9.686767855411337e-09	4.235749059572249e-09
n138	0.0	1.0	0.0	0.0	0.0	0.0	0.0	0.0	0.0	0.0
n140	2.6654716689727616e-14	0.9999999999996013	2.8356369874614818e-14	8.690599385481875e-14	1.2720832964562677e-14	5.056065970407703e-14	1.0708399004323703e-13	4.4383162695374124e-14	2.923800248268067e-14	1.2784949878880613e-14
GQ398286.2	0.0	1.0	0.0	0.0	0.0	0.0	0.0	0.0	0.0	0.0
n150	1.3127603866316484e-09	0.9999999803643495	1.3965678012408007e-09	4.2801710264445275e-09	6.265084635947997e-10	2.4901420620634495e-09	5.273949142083254e-09	2.185896721324713e-09	1.439988722832425e-09	6.296662591253029e-10
EU482565	0.0	1.0	0.0	0.0	0.0	0.0	0.0	0.0	0.0	0.0
n157	6.642270572798158e-13	0.9999999999900648	7.066317131111063e-13	2.1656697097970135e-12	3.1699910918414974e-13	1.2599555493421544e-12	2.6684989533466895e-12	1.1060142898191472e-12	7.286017171323159e-13	3.18596882284311e-13
EU482728.2	0.0	1.0	0.0	0.0	0.0	0.0	0.0	0.0	0.0	0.0
EU482554	0.0	1.0	0.0	0.0	0.0	0.0	0.0	0.0	0.0	0.0
EU482554.1	0.0	1.0	0.0	0.0	0.0	0.0	0.0	0.0	0.0	0.0
n67	1.4315482709622146e-07	1.7240300804096425e-07	1.522939182640335e-07	4.6674713030082474e-07	6.831993994757754e-08	2.7154678033390874e-07	0.9999982614719711	2.383692183113081e-07	1.5702891307263863e-07	6.866429347757268e-08
HQ332189	0.0	0.0	0.0	0.0	0.0	0.0	1.0	0.0	0.0	0.0
n72	6.621577512214978e-09	7.974442094330924e-09	7.044303039923173e-09	2.1589228701407796e-08	3.1601154300489386e-09	1.256030334879885e-08	0.9999999195849815	1.1025686577187596e-08	7.263318608672951e-09	3.176043384674841e-09
JN819407	0.0	0.0	0.0	0.0	0.0	0.0	1.0	0.0	0.0	0.0
n76	0.0	0.0	0.0	0.0	0.0	0.0	1.0	0.0	0.0	0.0
GQ868558	0.0	0.0	0.0	0.0	0.0	0.0	1.0	0.0	0.0	0.0
EU482634	0.0	0.0	1.0	0.0	0.0	0.0	0.0	0.0	0.0	0.0
EU482603	0.0	0.0	1.0	0.0	0.0	0.0	0.0	0.0	0.0	0.0
EU482693	0.0	0.0	1.0	0.0	0.0	0.0	0.0	0.0	0.0	0.0
n87	0.0	0.0	1.0	0.0	0.0	0.0	0.0	0.0	0.0	0.0
n88	1.7393007993658656e-12	2.094661377930838e-12	0.99999999997374	5.670878679405539e-12	8.300727860442929e-13	3.299235811186007e-12	6.987560067599825e-12	2.896135466493242e-12	1.907868002573294e-12	8.342566084283083e-13
n98	9.499884006299337e-10	1.1440822254390161e-09	0.9999999856570747	3.097376238071649e-09	4.533773104158596e-10	1.8020090330047062e-09	3.816531982466822e-09	1.5818397259546137e-09	1.0420580919864089e-09	4.5566247163498845e-10
n110	8.248645191805993e-09	9.93393840031446e-09	0.9999998754619613	2.6894178493592435e-08	3.936625509486117e-09	1.564664698624624e-08	3.313851932124994e-08	1.373494101722835e-08	9.048076233716676e-09	3.9564673139651696e-09
n112	7.505737708644557e-09	9.039246350379098e-09	0.9999998866783781	2.447197630259304e-08	3.5820765524881103e-09	1.4237444521820366e-08	3.015392562658957e-08	1.2497914787440205e-08	8.233168647569e-09	3.6001313210740983e-09
n116	5.584569461047958e-09	6.725561292984392e-09	0.9999999156841751	1.8208130475109613e-08	2.665208417704433e-09	1.0593228935824492e-08	2.243572827013947e-08	9.298949145043122e-09	6.125807213315817e-09	2.678641888628346e-09
GQ199898	0.0	0.0	1.0	0.0	0.0	0.0	0.0	0.0	0.0	0.0
n41	4.7986122994103976e-06	0.004749383733957738	5.104958601926488e-06	1.5645567569095004e-05	2.290114212544628e-06	9.102366622256795e-06	0.9951981190716662	7.990240259384705e-06	5.263677718159871e-06	2.3016570931997753e-06
n55	8.880917593549469e-10	0.9999998981491621	9.447880727726779e-10	2.895566209891871e-09	4.238374415854397e-10	1.6845988555581003e-09	9.213504441310536e-08	1.4787747137849793e-09	9.74162635721248e-10	4.2597371277165617e-10
n57	3.5268621467346035e-13	0.9999999999947236	3.7520191527020116e-13	1.1499107779638626e-12	1.683177682205119e-13	6.690015838471144e-13	1.417828695083587e-12	5.872630284718213e-13	3.8686738036889124e-13	1.6916614158986952e-13
FJ898451	0.0	1.0	0.0	0.0	0.0	0.0	0.0	0.0	0.0	0.0
n268	2.5681449712313656e-07	3.0928465532133076e-07	2.732096894653312e-07	8.373271931047394e-07	1.2256346067413283e-07	4.871449412598979e-07	1.0317393868039615e-06	0.9999962770308606	2.817040973227988e-07	1.231812182477481e-07
n209	4.056749819743618e-09	4.885590509022865e-09	4.315735174246287e-09	1.3226772544952484e-08	1.936063978345203e-09	7.695146398598957e-09	1.629778933170002e-08	0.9999999411904135	4.4499164137426215e-09	1.945822336823725e-09
n267	5.502789900517963e-10	6.627073225042134e-10	5.854091325664614e-10	1.7941493464197082e-09	2.6261795230616206e-10	1.0438103350404205e-09	2.210718297164211e-09	0.9999999920227569	6.036101851910494e-10	2.6394162763412794e-10
n273	2.8730673534220923e-08	3.4600680883371584e-08	3.056485705575514e-08	9.367451797272593e-08	1.3711573198939929e-08	5.4498489874871026e-08	1.1542404274961539e-07	0.9999995834993269	3.151515410577878e-08	1.3780683749043814e-08
GQ868623	0.0	0.0	0.0	0.0	0.0	0.0	0.0	1.0	0.0	0.0
n134	1.5908728212392513e-12	0.9999999999762046	1.692435101361161e-12	5.1869387784451214e-12	7.592362605994705e-13	3.0176865236816262e-12	6.391251924853278e-12	2.648985846468289e-12	1.7450548823483962e-12	7.630630450878402e-13
GQ398308	0.0	1.0	0.0	0.0	0.0	0.0	0.0	0.0	0.0	0.0
GQ398302	0.0	1.0	0.0	0.0	0.0	0.0	0.0	0.0	0.0	0.0
EU482561	0.0	1.0	0.0	0.0	0.0	0.0	0.0	0.0	0.0	0.0
GQ398296.1	0.0	1.0	0.0	0.0	0.0	0.0	0.0	0.0	0.0	0.0
GQ398296	0.0	1.0	0.0	0.0	0.0	0.0	0.0	0.0	0.0	0.0
GQ398286.1	0.0	1.0	0.0	0.0	0.0	0.0	0.0	0.0	0.0	0.0
GQ398286	0.0	1.0	0.0	0.0	0.0	0.0	0.0	0.0	0.0	0.0
n151	3.6960752843342403e-10	0.999999994471585	3.9320349590282913e-10	1.2050816359683519e-09	1.7639338231865047e-10	7.010991970659095e-10	1.484879744001635e-09	6.154389580969662e-10	4.0542865113695396e-10	1.7728245926918374e-10
n155	2.383618876833911e-10	0.9999999964346953	2.535790543129837e-10	7.771636437696263e-10	1.1375704321429998e-10	4.5214265189417486e-10	9.57606952063873e-10	3.968999019789075e-10	2.6146312283068804e-10	1.1433041373281492e-10
EU482728.1	0.0	1.0	0.0	0.0	0.0	0.0	0.0	0.0	0.0	0.0
EU482728	0.0	1.0	0.0	0.0	0.0	0.0	0.0	0.0	0.0	0.0
n68	1.8313037876948755e-09	2.205460233486457e-09	1.9482153257161112e-09	5.970848520819281e-09	8.739807615218558e-10	3.4737539589048288e-09	0.9999999777599327	3.049331002090164e-09	2.0087876121302146e-09	8.783858936195833e-10
EU482605	0.0	0.0	0.0	0.0	0.0	0.0	1.0	0.0	0.0	0.0
n73	1.8103311046565342e-08	2.1802025905938113e-08	1.9259037342297488e-08	5.902468433179799e-08	8.639716512823808e-09	3.4339714055006243e-08	0.9999997801463336	3.0144090776036086e-08	1.9857823269538075e-08	8.683263343831429e-09
FJ850108	0.0	0.0	0.0	0.0	0.0	0.0	1.0	0.0	0.0	0.0
GU131947.1	0.0	0.0	0.0	0.0	0.0	0.0	1.0	0.0	0.0	0.0
GU131947	0.0	0.0	0.0	0.0	0.0	0.0	1.0	0.0	0.0	0.0
GQ868604.1	0.0	0.0	1.0	0.0	0.0	0.0	0.0	0.0	0.0	0.0
GQ868604	0.0	0.0	1.0	0.0	0.0	0.0	0.0	0.0	0.0	0.0
EU482687	0.0	0.0	1.0	0.0	0.0	0.0	0.0	0.0	0.0	0.0
n90	8.023681847624108e-10	9.663012417594237e-10	0.9999999878858459	2.6160699941386896e-09	3.8292628555213855e-10	1.521991969353204e-09	3.2234740181783886e-09	1.3360351228053512e-09	8.801310196310737e-10	3.848563519172288e-10
n95	0.0	0.0	1.0	0.0	0.0	0.0	0.0	0.0	0.0	0.0
n99	9.392414403606801e-13	1.1311392791512798e-12	0.9999999999858195	3.0623364635360724e-12	4.482483762743594e-13	1.78162339516987e-12	3.7733554710517646e-12	1.5639448035788372e-12	1.030269572352479e-12	4.50507686086445e-13
n108	1.7872456380638047e-10	2.1524004966399183e-10	0.9999999973016166	5.827199750297248e-10	8.529542254416372e-11	3.390181166268607e-10	7.18016988674786e-10	2.975969125995397e-10	1.9604594943231325e-10	8.57253377324389e-11
FJ850120	0.0	0.0	1.0	0.0	0.0	0.0	0.0	0.0	0.0	0.0
FJ744744	0.0	0.0	1.0	0.0	0.0	0.0	0.0	0.0	0.0	0.0
n113	1.161456361949164e-11	1.3987552673255436e-11	0.9999999998246436	3.786853960188375e-11	5.542993590203096e-12	2.203137274397611e-11	4.666092795002506e-11	1.9339581536739222e-11	1.2740208192601863e-11	5.570931984337977e-12
FJ850061	0.0	0.0	1.0	0.0	0.0	0.0	0.0	0.0	0.0	0.0
n117	5.04193644490203e-08	6.072062103130171e-08	0.9999992387684773	1.6438910336117335e-07	2.4062394689888977e-08	9.563922055810848e-08	2.025572728272985e-07	8.395402890178302e-08	5.530584024191714e-08	2.4183676566863068e-08
n120	0.0	0.0	1.0	0.0	0.0	0.0	0.0	0.0	0.0	0.0
n42	9.12914393754275e-09	0.0010905292243968197	9.711953990926292e-09	2.976498816967743e-08	4.356839222518784e-09	1.7316842845811305e-08	0.9989093709020535	1.5201072491819038e-08	1.0013909966392212e-08	4.378799033476562e-09
EU920842	0.0	0.0	0.0	0.0	0.0	0.0	1.0	0.0	0.0	0.0
FJ898453.1	0.0	1.0	0.0	0.0	0.0	0.0	0.0	0.0	0.0	0.0
FJ898453	0.0	1.0	0.0	0.0	0.0	0.0	0.0	0.0	0.0	0.0
FJ898451.2	0.0	1.0	0.0	0.0	0.0	0.0	0.0	0.0	0.0	0.0
FJ898451.1	0.0	1.0	0.0	0.0	0.0	0.0	0.0	0.0	0.0	0.0
n269	0.0	0.0	0.0	0.0	0.0	0.0	0.0	1.0	0.0	0.0
n270	5.3933970603794535e-11	6.495330168338297e-11	5.7377147806534386e-11	1.7584825126525257e-10	2.5739723259970428e-11	1.0230598831459633e-10	2.1667702712273666e-10	0.9999999992181341	5.916107024398788e-11	2.586945938931231e-11
n210	6.385255881150476e-09	7.689837164423102e-09	6.792894466582032e-09	2.0818717183460684e-08	3.0473320893112345e-09	1.2112030808218092e-08	2.5652445875147877e-08	0.9999999074347014	7.004093477293564e-09	3.0626915811788634e-09
n264	1.8976481185299087e-08	2.2853594747779493e-08	2.0187951186004848e-08	6.187159955488309e-08	9.056432684065524e-09	3.5996008464816744e-08	7.623706325437624e-08	0.9999997249031711	2.0815618131185912e-08	9.10207989286451e-09
FJ810411.1	0.0	0.0	0.0	0.0	0.0	0.0	0.0	1.0	0.0	0.0
FJ810411	0.0	0.0	0.0	0.0	0.0	0.0	0.0	1.0	0.0	0.0
n274	3.497044297609158e-08	4.211530705413722e-08	3.720297714105294e-08	1.1401888595393514e-07	1.668947259781102e-08	6.633455112642076e-08	1.404920041375854e-07	0.9999994930431051	3.8359661085779015e-08	1.677359267764749e-08
GQ868638	0.0	0.0	0.0	0.0	0.0	0.0	0.0	1.0	0.0	0.0
n135	1.5785090847565375e-15	0.999999999999976	1.6792820564866975e-15	5.146627608782477e-15	7.533357279303282e-16	2.994234063831836e-15	6.341581232426734e-15	2.628398806124825e-15	1.7314928939699523e-15	7.571327719175347e-16
GQ398314.1	0.0	1.0	0.0	0.0	0.0	0.0	0.0	0.0	0.0	0.0
n154	1.2086624594842757e-10	0.9999999981921397	1.2858241996586762e-10	3.9407664129092647e-10	5.768282378166254e-11	2.2926813300037275e-10	4.855740928843885e-10	2.0125617243478513e-10	1.3258019735300114e-10	5.7973562971488296e-11
n153	0.0	1.0	0.0	0.0	0.0	0.0	0.0	0.0	0.0	0.0
EU482721	0.0	1.0	0.0	0.0	0.0	0.0	0.0	0.0	0.0	0.0
EU677143	0.0	1.0	0.0	0.0	0.0	0.0	0.0	0.0	0.0	0.0
EU677143.1	0.0	1.0	0.0	0.0	0.0	0.0	0.0	0.0	0.0	0.0
FJ850106.1	0.0	0.0	0.0	0.0	0.0	0.0	1.0	0.0	0.0	0.0
FJ850106	0.0	0.0	0.0	0.0	0.0	0.0	1.0	0.0	0.0	0.0
HQ332186	0.0	0.0	0.0	0.0	0.0	0.0	1.0	0.0	0.0	0.0
HQ332188	0.0	0.0	0.0	0.0	0.0	0.0	1.0	0.0	0.0	0.0
n91	2.9039749245974028e-11	3.4972904321100385e-11	0.9999999995615578	9.468223950355131e-11	1.3859078068279988e-11	5.5084767795835266e-11	1.1666573895015079e-10	4.835451565364601e-11	3.185418439946997e-11	1.3928932088335512e-11
n92	2.0700029176727433e-11	2.492928343525743e-11	0.999999999687471	6.749111721455805e-11	9.878987519691187e-12	3.926536317200215e-11	8.316133103413275e-11	3.446792451197776e-11	2.2706206616480988e-11	9.92878065808964e-12
EU596500.1	0.0	0.0	1.0	0.0	0.0	0.0	0.0	0.0	0.0	0.0
EU596500	0.0	0.0	1.0	0.0	0.0	0.0	0.0	0.0	0.0	0.0
FJ906956	0.0	0.0	1.0	0.0	0.0	0.0	0.0	0.0	0.0	0.0
n101	1.5372300633261984e-11	1.8513038617810874e-11	0.999999999767909	5.0120400074766066e-11	7.336355171695694e-12	2.915932929374045e-11	6.175744830138331e-11	2.5596644974703776e-11	1.686213248152969e-11	7.373332660297262e-12
n103	1.8845559961593847e-11	2.2695924810912913e-11	0.9999999997154698	6.14447393036474e-11	8.993951171406551e-12	3.5747667298153604e-11	7.571109379167847e-11	3.138002041429297e-11	2.067200846133695e-11	9.039283454146471e-12
n109	1.3896118457763092e-12	1.673525543012202e-12	0.9999999999790197	4.530740278930099e-12	6.631854459931498e-13	2.6359196562808532e-12	5.582696030471776e-12	2.3138632217493416e-12	1.5242883677855145e-12	6.665281048061459e-13
FJ850066.2	0.0	0.0	1.0	0.0	0.0	0.0	0.0	0.0	0.0	0.0
n114	1.8803197795616803e-14	2.2644907566755352e-14	0.999999999999716	6.130662017903122e-14	8.973734035216968e-15	3.5667311574128296e-14	7.554090591039176e-14	3.1309482545645805e-14	2.0625540696234582e-14	9.018964417366536e-15
FJ873808	0.0	0.0	1.0	0.0	0.0	0.0	0.0	0.0	0.0	0.0
n118	0.0	0.0	1.0	0.0	0.0	0.0	0.0	0.0	0.0	0.0
n119	0.0	0.0	1.0	0.0	0.0	0.0	0.0	0.0	0.0	0.0
GU369819	0.0	0.0	1.0	0.0	0.0	0.0	0.0	0.0	0.0	0.0
GU369819.1	0.0	0.0	1.0	0.0	0.0	0.0	0.0	0.0	0.0	0.0
n54	5.59922137329478e-09	0.9999984678184118	5.956679041806692e-09	1.8255902095063636e-08	2.6722009710477247e-09	1.062102177856032e-08	1.4709256676927247e-06	9.323346260668809e-09	6.1418791397832905e-09	2.6856696865931834e-09
n44	1.1599903588466983e-13	2.394986859525883e-09	1.2340448427698435e-13	3.7820741511175425e-13	5.5359971622128535e-14	2.2003564500935408e-13	0.9999999976037441	1.9315170902416578e-13	1.272412736051182e-13	5.5639002921967766e-14
EU920846	0.0	0.0	0.0	0.0	0.0	0.0	1.0	0.0	0.0	0.0
GU131927.1	0.0	0.0	0.0	0.0	0.0	0.0	0.0	1.0	0.0	0.0
GU131927	0.0	0.0	0.0	0.0	0.0	0.0	0.0	1.0	0.0	0.0
n271	9.675399760861187e-14	1.1652195314734227e-13	1.0293083115359994e-13	3.1546020239050973e-13	4.617537138210061e-14	1.8353021737362528e-13	3.887043421683373e-13	0.9999999999985973	1.0613107073016064e-13	4.640810946920174e-14
FJ639710.1	0.0	0.0	0.0	0.0	0.0	0.0	0.0	1.0	0.0	0.0
n211	4.2093952537862543e-10	5.069423162487186e-10	4.4781255848355037e-10	1.3724463190375397e-09	2.0089132639655547e-10	7.984695671842036e-10	1.6911034721978987e-09	0.9999999938977552	4.617355731573693e-10	2.019038805270646e-10
n213	5.750411754594428e-15	6.9252870745170995e-15	6.117521508208484e-15	1.874884863436032e-14	2.7443558398744696e-15	1.090781099895999e-14	2.310199137516308e-14	0.9999999999999166	6.307722386036968e-15	2.7581882381720774e-15
n265	6.257250038367698e-09	7.535678254362795e-09	6.656716653615101e-09	2.0401362344699695e-08	2.9862419279156963e-09	1.1869219754084173e-08	2.5138188809368976e-08	0.999999909290367	6.863681737313491e-09	3.0012935065629593e-09
GU131924	0.0	0.0	0.0	0.0	0.0	0.0	0.0	1.0	0.0	0.0
n275	2.47799710745026e-11	2.984280443083921e-11	2.6361939368939237e-11	8.079350604215018e-11	1.1826119803664045e-11	4.7004502038382066e-11	9.9552293378394e-11	0.9999999996407716	2.7181562806716384e-11	1.1885727088208819e-11
JN368476	0.0	0.0	0.0	0.0	0.0	0.0	0.0	1.0	0.0	0.0
GQ398314.2	0.0	1.0	0.0	0.0	0.0	0.0	0.0	0.0	0.0	0.0
GQ398314	0.0	1.0	0.0	0.0	0.0	0.0	0.0	0.0	0.0	0.0
EU677146.1	0.0	1.0	0.0	0.0	0.0	0.0	0.0	0.0	0.0	0.0
EU677146	0.0	1.0	0.0	0.0	0.0	0.0	0.0	0.0	0.0	0.0
EU596490	0.0	1.0	0.0	0.0	0.0	0.0	0.0	0.0	0.0	0.0
EU596490.1	0.0	1.0	0.0	0.0	0.0	0.0	0.0	0.0	0.0	0.0
JF357906.1	0.0	0.0	1.0	0.0	0.0	0.0	0.0	0.0	0.0	0.0
JF357906	0.0	0.0	1.0	0.0	0.0	0.0	0.0	0.0	0.0	0.0
HQ705625	0.0	0.0	1.0	0.0	0.0	0.0	0.0	0.0	0.0	0.0
n94	0.0	0.0	1.0	0.0	0.0	0.0	0.0	0.0	0.0	0.0
FJ850050	0.0	0.0	1.0	0.0	0.0	0.0	0.0	0.0	0.0	0.0
n102	5.6622033794545376e-14	6.819056712885627e-14	0.999999999999145	1.8461250885823564e-13	2.702258824952437e-14	1.0740490757277727e-13	2.2747618643493784e-13	9.428218529948895e-14	6.210965150859628e-14	2.7158790413350465e-14
EU482762	0.0	0.0	1.0	0.0	0.0	0.0	0.0	0.0	0.0	0.0
n104	5.1147878043294595e-12	6.159797833941153e-12	0.999999999922777	1.6676437520083066e-11	2.44100742339281e-12	9.702111961780067e-12	2.054840397246343e-11	8.516708765445506e-12	5.6104958931716136e-12	2.4533108522839162e-12
EU482444	0.0	0.0	1.0	0.0	0.0	0.0	0.0	0.0	0.0	0.0
FJ850066	0.0	0.0	1.0	0.0	0.0	0.0	0.0	0.0	0.0	0.0
FJ850066.1	0.0	0.0	1.0	0.0	0.0	0.0	0.0	0.0	0.0	0.0
FJ873808.2	0.0	0.0	1.0	0.0	0.0	0.0	0.0	0.0	0.0	0.0
FJ873808.1	0.0	0.0	1.0	0.0	0.0	0.0	0.0	0.0	0.0	0.0
KJ189309.1	0.0	0.0	1.0	0.0	0.0	0.0	0.0	0.0	0.0	0.0
KJ189309	0.0	0.0	1.0	0.0	0.0	0.0	0.0	0.0	0.0	0.0
KJ189308	0.0	0.0	1.0	0.0	0.0	0.0	0.0	0.0	0.0	0.0
KJ189308.1	0.0	0.0	1.0	0.0	0.0	0.0	0.0	0.0	0.0	0.0
GQ199892	0.0	1.0	0.0	0.0	0.0	0.0	0.0	0.0	0.0	0.0
GQ199892.1	0.0	1.0	0.0	0.0	0.0	0.0	0.0	0.0	0.0	0.0
n53	0.0	0.0	0.0	0.0	0.0	0.0	1.0	0.0	0.0	0.0
HM181971	0.0	0.0	0.0	0.0	0.0	0.0	1.0	0.0	0.0	0.0
n47	5.390243663371272e-08	6.49944578183089e-08	5.73436006887892e-08	1.7574543677871917e-07	2.5724673827226877e-08	1.0224617232221552e-07	0.9999993453086639	8.975374387352429e-08	5.912648010722997e-08	2.5854334102794686e-08
n50	2.6363163305485004e-09	3.1750099324706963e-09	2.804620354653055e-09	8.595540274877617e-09	1.258169054018896e-09	5.000761944415395e-09	0.999999967983483	4.389769284634686e-09	2.891819272174615e-09	1.264510613385232e-09
n52	0.0	0.0	0.0	0.0	0.0	0.0	1.0	0.0	0.0	0.0
FJ639710	0.0	0.0	0.0	0.0	0.0	0.0	0.0	1.0	0.0	0.0
FJ639710.2	0.0	0.0	0.0	0.0	0.0	0.0	0.0	1.0	0.0	0.0
n212	1.2872704368238377e-12	1.5502746060612926e-12	1.3694505576681387e-12	4.19706268028788e-12	6.143435099186945e-13	2.441790819275586e-12	5.1715445429184145e-12	0.9999999999813387	1.4120283725334703e-12	6.174399903376238e-13
FJ639707.2	0.0	0.0	0.0	0.0	0.0	0.0	0.0	1.0	0.0	0.0
n214	2.4561679137894157e-08	2.9579912938615555e-08	2.6129711543478968e-08	8.008177918636405e-08	1.1721941046281975e-08	4.6590429570402796e-08	9.867531645013026e-08	0.999999643936092	2.6942114747342844e-08	1.1781023237817557e-08
n228	5.02885809725868e-10	6.056311698497225e-10	5.349903430328902e-10	1.6396269222608064e-09	2.399997891644065e-10	9.539114068077034e-10	2.0203185675698264e-09	0.9999999927098027	5.516238166934373e-10	2.412094619870153e-10
n220	6.236529901539322e-11	7.510724755051179e-11	6.63467373075843e-11	2.033380566777685e-10	2.976353344117759e-11	1.182991624921499e-10	2.5054946696850873e-10	0.9999999990959074	6.840953474279166e-11	2.991355081258426e-11
EU482784	0.0	0.0	0.0	0.0	0.0	0.0	0.0	1.0	0.0	0.0
n266	4.325821855497158e-12	5.209637059224975e-12	4.601984930998848e-12	1.4104064656435049e-11	2.064477289283702e-12	8.205542355681513e-12	1.7378772766374825e-11	0.9999999999372895	4.745066009251691e-12	2.0748828903820796e-12
GQ868631	0.0	0.0	0.0	0.0	0.0	0.0	0.0	1.0	0.0	0.0
JF730047.1	0.0	0.0	0.0	0.0	0.0	0.0	0.0	1.0	0.0	0.0
JF730047	0.0	0.0	0.0	0.0	0.0	0.0	0.0	1.0	0.0	0.0
FJ744708.1	0.0	0.0	1.0	0.0	0.0	0.0	0.0	0.0	0.0	0.0
FJ744708	0.0	0.0	1.0	0.0	0.0	0.0	0.0	0.0	0.0	0.0
EU482762.2	0.0	0.0	1.0	0.0	0.0	0.0	0.0	0.0	0.0	0.0
EU482762.1	0.0	0.0	1.0	0.0	0.0	0.0	0.0	0.0	0.0	0.0
EU482639	0.0	0.0	1.0	0.0	0.0	0.0	0.0	0.0	0.0	0.0
n106	0.0	0.0	1.0	0.0	0.0	0.0	0.0	0.0	0.0	0.0
FJ410291	0.0	0.0	1.0	0.0	0.0	0.0	0.0	0.0	0.0	0.0
JX669476.1	0.0	0.0	0.0	0.0	0.0	0.0	1.0	0.0	0.0	0.0
JX669476	0.0	0.0	0.0	0.0	0.0	0.0	1.0	0.0	0.0	0.0
n48	2.3204517948611904e-07	2.7945802087577e-07	2.4685908365574965e-07	7.565684219120864e-07	1.1074242517131967e-07	4.4016064745834044e-07	0.9999971819495422	3.863818578037551e-07	2.5453422044901746e-07	1.1130060108683171e-07
JX669478	0.0	0.0	0.0	0.0	0.0	0.0	1.0	0.0	0.0	0.0
n51	1.3433369711677594e-11	1.6177971098382465e-11	1.4290964133697956e-11	4.3798640188228965e-11	6.411009887766787e-12	2.5481420139533544e-11	0.9999999998368599	2.2368102441331575e-11	1.4735286874467644e-11	6.443323351264854e-12
JX669477.1	0.0	0.0	0.0	0.0	0.0	0.0	1.0	0.0	0.0	0.0
JX567950	0.0	0.0	0.0	0.0	0.0	0.0	1.0	0.0	0.0	0.0
JX567950.1	0.0	0.0	0.0	0.0	0.0	0.0	1.0	0.0	0.0	0.0
FJ639707	0.0	0.0	0.0	0.0	0.0	0.0	0.0	1.0	0.0	0.0
FJ639707.1	0.0	0.0	0.0	0.0	0.0	0.0	0.0	1.0	0.0	0.0
n215	7.160952484891432e-10	8.624017514089719e-10	7.618112009210726e-10	2.334782619867281e-09	3.4175294934791077e-10	1.3583430128341777e-09	2.8768768151556887e-09	0.9999999896189641	7.854967995675728e-10	3.4347548942309964e-10
n216	3.7753180876957707e-08	4.5466590342892994e-08	4.0163366707357325e-08	1.2309182436582395e-07	1.801752062897685e-08	7.161305645398077e-08	1.5167151435853356e-07	0.9999994527025191	4.141209261605033e-08	1.8108334479737097e-08
n229	8.425104101935458e-08	1.0146449859347461e-07	8.962967827704857e-08	2.7469511450151275e-07	4.0208396599119135e-08	1.5981367441566126e-07	3.384743399327091e-07	0.9999987786358278	9.24163694991235e-08	4.041105929634889e-08
n232	6.866478348464474e-09	8.269378921618871e-09	7.304838466361605e-09	2.2387712167500728e-08	3.2769931544335384e-09	1.3024849567278329e-08	2.758573304898205e-08	0.9999999004585517	7.531954413045726e-09	3.2935102087717725e-09
n221	2.3068165255112474e-10	2.778125697632277e-10	2.4540850833908907e-10	7.521227298114025e-10	1.1009168862121297e-10	4.375742076113112e-10	9.267519918702441e-10	0.9999999966558714	2.5303854505412834e-10	1.1064658462417972e-10
n222	3.9882985102103226e-11	4.8031538089437854e-11	4.242913891839788e-11	1.3003591441401396e-10	1.9033959261983867e-11	7.565302836279451e-11	1.602278962212386e-10	0.9999999994218274	4.374831032743298e-11	1.9129896276370543e-11
GU131932	0.0	0.0	0.0	0.0	0.0	0.0	0.0	1.0	0.0	0.0
GU131932.1	0.0	0.0	0.0	0.0	0.0	0.0	0.0	1.0	0.0	0.0
EU482635.2	0.0	0.0	1.0	0.0	0.0	0.0	0.0	0.0	0.0	0.0
EU482635	0.0	0.0	1.0	0.0	0.0	0.0	0.0	0.0	0.0	0.0
EU482635.1	0.0	0.0	1.0	0.0	0.0	0.0	0.0	0.0	0.0	0.0
KC294211	0.0	0.0	0.0	0.0	0.0	0.0	1.0	0.0	0.0	0.0
JX286525	0.0	0.0	0.0	0.0	0.0	0.0	1.0	0.0	0.0	0.0
JX669477	0.0	0.0	0.0	0.0	0.0	0.0	1.0	0.0	0.0	0.0
JX669477.2	0.0	0.0	0.0	0.0	0.0	0.0	1.0	0.0	0.0	0.0
EU482661	0.0	0.0	0.0	0.0	0.0	0.0	0.0	1.0	0.0	0.0
EU482661.1	0.0	0.0	0.0	0.0	0.0	0.0	0.0	1.0	0.0	0.0
n217	9.104464477369755e-11	1.0964611380246416e-10	9.685698979126035e-11	2.968452237298183e-10	4.3450610710504835e-11	1.7270029000366527e-10	3.657673029476987e-10	0.999999998680151	9.986838655666659e-11	4.366961516498895e-11
FJ410224	0.0	0.0	0.0	0.0	0.0	0.0	0.0	1.0	0.0	0.0
n230	4.6738086341102426e-11	5.628721542715497e-11	4.972187395376613e-11	1.5238653224594984e-10	2.2305522746659063e-11	8.865629697812402e-11	1.8776792230244897e-10	0.999999999322451	5.1267784999700976e-11	2.2417949448176835e-11
n231	1.215757795526176e-12	1.4641511088964878e-12	1.2933725062316118e-12	3.963900300904888e-12	5.802144521841275e-13	2.306140293956582e-12	4.8842460862202935e-12	0.9999999999823758	1.3335849657569919e-12	5.831389116452615e-13
n233	5.860776615388036e-10	7.058200746885725e-10	6.234932128259458e-10	1.9108686183022532e-09	2.7970269290349775e-10	1.111715931936529e-09	2.3545376678856844e-09	0.9999999915037933	6.428783439187379e-10	2.8111248058370316e-10
n263	1.0327495556886864e-10	1.243752178878288e-10	1.0986809100183979e-10	3.3672136749754725e-10	4.9287466623890614e-11	1.9589965803251625e-10	4.149019643534426e-10	0.9999999985028514	1.1328401807718393e-10	4.953589062908555e-11
EU660413.1	0.0	0.0	0.0	0.0	0.0	0.0	0.0	1.0	0.0	0.0
EU660413	0.0	0.0	0.0	0.0	0.0	0.0	0.0	1.0	0.0	0.0
n223	7.643692336641029e-09	9.205386674829334e-09	8.131670264163171e-09	2.492176851732423e-08	3.6479147228899676e-09	1.4499127175660773e-08	3.0708151341405223e-08	0.9999998891914943	8.384493375676601e-09	3.666301336123414e-09
EU482776	0.0	0.0	0.0	0.0	0.0	0.0	0.0	1.0	0.0	0.0
FJ410215.1	0.0	0.0	0.0	0.0	0.0	0.0	0.0	1.0	0.0	0.0
FJ410215	0.0	0.0	0.0	0.0	0.0	0.0	0.0	1.0	0.0	0.0
FM210214	0.0	0.0	0.0	0.0	0.0	0.0	0.0	1.0	0.0	0.0
FM210214.1	0.0	0.0	0.0	0.0	0.0	0.0	0.0	1.0	0.0	0.0
EU482649	0.0	0.0	0.0	0.0	0.0	0.0	0.0	1.0	0.0	0.0
EU482649.1	0.0	0.0	0.0	0.0	0.0	0.0	0.0	1.0	0.0	0.0
n234	2.1267936185815938e-10	2.5613220384019897e-10	2.26256940553835e-10	6.934274158620162e-10	1.015001835772682e-10	4.034261165167366e-10	8.544286901536706e-10	0.9999999969168456	2.3329153269223334e-10	1.0201177574987265e-10
EU482676	0.0	0.0	0.0	0.0	0.0	0.0	0.0	1.0	0.0	0.0
EU482464	0.0	0.0	0.0	0.0	0.0	0.0	0.0	1.0	0.0	0.0
EU482464.1	0.0	0.0	0.0	0.0	0.0	0.0	0.0	1.0	0.0	0.0
n224	7.096839212800626e-09	8.546805162441907e-09	7.549905707172656e-09	2.3138788987915915e-08	3.3869317484506255e-09	1.3461815279816772e-08	2.8511196290256363e-08	0.9999998971190736	7.78464108016639e-09	3.404002927147891e-09
FM210211	0.0	0.0	0.0	0.0	0.0	0.0	0.0	1.0	0.0	0.0
n235	3.141703677289288e-12	3.7835899056986516e-12	3.342271934332195e-12	1.0243323298100847e-11	1.4993626894691916e-12	5.959418453683604e-12	1.2621637258943429e-11	0.9999999999544557	3.4461870664651183e-12	1.5069199390109492e-12
n239	1.9121923364869436e-12	2.302875243895933e-12	2.034267848201308e-12	6.234580445119111e-12	9.125844251776143e-13	3.627189406635869e-12	7.682136993038681e-12	0.9999999999722795	2.0975156079267095e-12	9.17184131624511e-13
n225	4.1357902590948296e-11	4.980779820043201e-11	4.399821602902975e-11	1.3484478826977448e-10	1.9737856408237948e-11	7.845076214151541e-11	1.661533034025856e-10	0.9999999994004459	4.536617187526254e-11	1.9837341280940246e-11
n226	7.027057511159431e-09	8.46276625583188e-09	7.475669099623933e-09	2.291127022624228e-08	3.3536287731876143e-09	1.3329448130267907e-08	2.8230851796982282e-08	0.9999998981306796	7.708096369915644e-09	3.3705320946370558e-09
EU482474	0.0	0.0	0.0	0.0	0.0	0.0	0.0	1.0	0.0	0.0
n238	8.199135062127023e-13	9.874312743361622e-13	8.722572788147414e-13	2.6732753891871195e-12	3.912997042636093e-13	1.5552732470187332e-12	3.293961468719471e-12	0.9999999999881138	8.993767748230901e-13	3.932719752368072e-13
EU482699	0.0	0.0	0.0	0.0	0.0	0.0	0.0	1.0	0.0	0.0
EU482701	0.0	0.0	0.0	0.0	0.0	0.0	0.0	1.0	0.0	0.0
n240	5.712814192689019e-13	6.880007897893121e-13	6.077523695281651e-13	1.8626264195668205e-12	2.726412587637322e-13	1.083649313220754e-12	2.295094505223292e-12	0.9999999999917182	6.266480994461543e-13	2.740154546419729e-13
n257	6.318556595275046e-10	7.609510446604403e-10	6.721937058080097e-10	2.060124844065297e-09	3.015500181872355e-10	1.1985510615379115e-09	2.538448483291597e-09	0.9999999908401626	6.930929920212111e-10	3.0306992311268703e-10
EU482541	0.0	0.0	0.0	0.0	0.0	0.0	0.0	1.0	0.0	0.0
EU482541.1	0.0	0.0	0.0	0.0	0.0	0.0	0.0	1.0	0.0	0.0
n227	1.0457133058937672e-11	1.2593645724883252e-11	1.1124722738530412e-11	3.4094811508887446e-11	4.990615525177125e-12	1.9835871910691265e-11	4.2011008610556336e-11	0.9999999998484058	1.1470603341913306e-11	5.015769763811731e-12
EU482469	0.0	0.0	0.0	0.0	0.0	0.0	0.0	1.0	0.0	0.0
FJ410217.1	0.0	0.0	0.0	0.0	0.0	0.0	0.0	1.0	0.0	0.0
FJ410217	0.0	0.0	0.0	0.0	0.0	0.0	0.0	1.0	0.0	0.0
n241	4.239564639627217e-09	5.105756501163951e-09	4.5102210024591315e-09	1.3822828537530212e-08	2.023311455564951e-09	8.041923218798997e-09	1.703223871940317e-08	0.9999999385401973	4.65044903316031e-09	2.033509568188264e-09
n243	3.3242182022836767e-15	4.0033942492476844e-15	3.5364382966490406e-15	1.083840019845636e-14	1.5864668524241446e-15	6.305625652083465e-15	1.3354880226961071e-14	0.9999999999999517	3.6463902874195465e-15	1.5944631337626773e-15
n258	3.086700469470061e-10	3.7173489093277165e-10	3.2837572885617006e-10	1.0063988867486725e-09	1.4731126779861152e-10	5.855084256267344e-10	1.2400664624830603e-09	0.9999999955252951	3.385853132118943e-10	1.4805376193887914e-10
n259	2.3060243759018986e-09	2.7771717027385497e-09	2.453242362472856e-09	7.518644545129494e-09	1.1005388366916351e-09	4.374239467501689e-09	9.264337497299592e-09	0.9999999665701986	2.5295165284471415e-09	1.1060858912353353e-09
FJ432726	0.0	0.0	0.0	0.0	0.0	0.0	0.0	1.0	0.0	0.0
FJ432726.1	0.0	0.0	0.0	0.0	0.0	0.0	0.0	1.0	0.0	0.0
n242	1.699930328184788e-08	2.047245663747783e-08	1.8084549053061345e-08	5.542513783753029e-08	8.112834215404253e-09	3.2245549575514685e-08	6.829384999904747e-08	0.999999753565775	1.8646818772981274e-08	8.153725397429344e-09
FJ410202	0.0	0.0	0.0	0.0	0.0	0.0	0.0	1.0	0.0	0.0
n245	3.623593573263641e-09	4.363935454913491e-09	3.854925971820223e-09	1.1814494390472126e-08	1.7293422816500634e-09	6.873503241333295e-09	1.4557605794011036e-08	0.9999999474697605	3.974780115826128e-09	1.7380586991368621e-09
n249	0.0	0.0	0.0	0.0	0.0	0.0	0.0	1.0	0.0	0.0
n251	2.5046453824475242e-11	3.016373267436765e-11	2.664543453834544e-11	8.166235595344798e-11	1.1953297390647956e-11	4.750998644458347e-11	1.0062287448705616e-10	0.9999999996369082	2.7473872171546153e-11	1.2013545689383428e-11
n256	0.0	0.0	0.0	0.0	0.0	0.0	0.0	1.0	0.0	0.0
FM210207	0.0	0.0	0.0	0.0	0.0	0.0	0.0	1.0	0.0	0.0
FM210207.1	0.0	0.0	0.0	0.0	0.0	0.0	0.0	1.0	0.0	0.0
n260	2.2647842062013417e-10	2.7275056916133514e-10	2.409369395472927e-10	7.384183617396225e-10	1.0808571677285889e-10	4.296012029910058e-10	9.098657179890788e-10	0.9999999967168045	2.484279499739357e-10	1.0863050206016074e-10
EU482642	0.0	0.0	0.0	0.0	0.0	0.0	0.0	1.0	0.0	0.0
FJ390385	0.0	0.0	0.0	0.0	0.0	0.0	0.0	1.0	0.0	0.0
GU131899	0.0	0.0	0.0	0.0	0.0	0.0	0.0	1.0	0.0	0.0
n246	1.2131866769308447e-08	1.461054681173539e-08	1.2906372458749032e-08	3.955517333663223e-08	5.789873984298517e-09	2.30126320395144e-08	4.873916745966284e-08	0.999999824127664	1.3307646629659845e-08	5.8190567316230906e-09
FJ461309	0.0	0.0	0.0	0.0	0.0	0.0	0.0	1.0	0.0	0.0
FJ547067.1	0.0	0.0	0.0	0.0	0.0	0.0	0.0	1.0	0.0	0.0
FJ547067	0.0	0.0	0.0	0.0	0.0	0.0	0.0	1.0	0.0	0.0
EU677148	0.0	0.0	0.0	0.0	0.0	0.0	0.0	1.0	0.0	0.0
n253	7.58306818557382e-13	9.132376311796833e-13	8.067175830738605e-13	2.4724107361836095e-12	3.618982143777559e-13	1.4384130752789807e-12	3.046459684916173e-12	0.9999999999890069	8.317993735104671e-13	3.637222927905229e-13
FJ859028	0.0	0.0	0.0	0.0	0.0	0.0	0.0	1.0	0.0	0.0
FJ410223	0.0	0.0	0.0	0.0	0.0	0.0	0.0	1.0	0.0	0.0
FJ410223.1	0.0	0.0	0.0	0.0	0.0	0.0	0.0	1.0	0.0	0.0
n261	4.315528970183164e-10	5.197241218950139e-10	4.591034941680331e-10	1.4070505364161982e-09	2.0595650601901855e-10	8.186018041174935e-10	1.7337421614857814e-09	0.9999999937438963	4.733775571995589e-10	2.0699459021416758e-10
FJ410195	0.0	0.0	0.0	0.0	0.0	0.0	0.0	1.0	0.0	0.0
n247	3.7957635572304477e-10	4.5712817486171566e-10	4.0380873913730635e-10	1.237584357841416e-09	1.8115095630752393e-10	7.200088140806526e-10	1.5249290086268065e-09	0.9999999944973856	4.1636362375122587e-10	1.8206401289560577e-10
n248	0.0	0.0	0.0	0.0	0.0	0.0	0.0	1.0	0.0	0.0
FJ461311	0.0	0.0	0.0	0.0	0.0	0.0	0.0	1.0	0.0	0.0
EU482652	0.0	0.0	0.0	0.0	0.0	0.0	0.0	1.0	0.0	0.0
FJ390387	0.0	0.0	0.0	0.0	0.0	0.0	0.0	1.0	0.0	0.0
FJ547064	0.0	0.0	0.0	0.0	0.0	0.0	0.0	1.0	0.0	0.0
n262	0.0	0.0	0.0	0.0	0.0	0.0	0.0	1.0	0.0	0.0
FM210206	0.0	0.0	0.0	0.0	0.0	0.0	0.0	1.0	0.0	0.0
FJ410241	0.0	0.0	0.0	0.0	0.0	0.0	0.0	1.0	0.0	0.0
FJ410241.1	0.0	0.0	0.0	0.0	0.0	0.0	0.0	1.0	0.0	0.0
JF730049	0.0	0.0	0.0	0.0	0.0	0.0	0.0	1.0	0.0	0.0
JF730049.1	0.0	0.0	0.0	0.0	0.0	0.0	0.0	1.0	0.0	0.0
FJ024452	0.0	0.0	0.0	0.0	0.0	0.0	0.0	1.0	0.0	0.0
FJ024452.1	0.0	0.0	0.0	0.0	0.0	0.0	0.0	1.0	0.0	0.0
