node	Africa	Caribbean	Central America	Eastern Asia	Europe	Oceania	South America	South-eastern Asia	Southern Asia	Western Asia
root	0.058847923418155486	0.14444319394363223	0.061387928976720935	0.21047248255345874	0.025862477966990854	0.05123566521491656	0.20270866981677357	0.16298478445111994	0.05612526930864848	0.02593160434958334
n0	0.16079374595529933	0.11330676238058109	0.048105017095677945	0.16541908867262428	0.020327685428092244	0.0401868640624181	0.15920522645687235	0.22844232059329325	0.0438313796874486	0.0203819096676927
n13	0.014646699713803875	0.059884963057289464	0.030326134469158692	0.05641994949166347	0.006817890643072592	0.0216658634590877	0.06525061752547137	0.6958357144111985	0.04231605242292821	0.006836114806326115
n1	0.9945770317215126	0.0008281055623882296	0.00035156536404314104	0.0012090424473712343	0.0001495131444941853	0.00029370579470104516	0.0011635999290133098	0.0009581670465869998	0.00032029804057248033	0.00014897094931662014
n10	0.006358278827781697	0.01258000696095324	0.005340738274554677	0.018366934010660148	0.0022570317575312995	0.004461775333575474	0.01767660373245142	0.9258298198736308	0.004865747934718003	0.002263063294143335
n14	0.00202938108423201	0.01339741084331263	0.0026039923135049423	0.008281834713830516	0.0007755673933476109	0.018728806380945942	0.006716189340194549	0.9343288161419651	0.012360361294829593	0.0007776404938369267
n343	0.0084551166411319	0.09985415146800565	0.07179209686122852	0.03249001440769818	0.0039772488860644875	0.008949098581439953	0.08325010276885217	0.5819511749716675	0.10529311537287801	0.00398788004103374
n2	0.9998946570515269	1.5929421911071655e-05	6.762688318826462e-06	2.3257216987068668e-05	4.891829000346189e-06	5.649717362247866e-06	2.238304622363493e-05	1.7442229311260013e-05	6.1611843797269395e-06	2.8656149790541597e-06
n8	0.9999993389506325	1.0203412212040477e-07	4.331762833441563e-08	1.4897156468539135e-07	1.8352710832550867e-08	3.618862870016069e-08	1.4337213293959348e-07	1.1099246760728437e-07	3.946472815943655e-08	1.835538421992136e-08
n11	0.0	0.0	0.0	0.0	0.0	0.0	0.0	1.0	0.0	0.0
n12	1.8238353403374332e-08	4.517024096238311e-08	1.9176584105835847e-08	6.594943561125914e-08	8.10423344381333e-09	1.602061045124706e-08	6.347053846959837e-08	0.9999997382732442	1.7470864339438108e-08	8.125894990473269e-09
n15	0.0028483539666035195	0.002927084021402875	0.0009614853578631027	0.003565154249886278	0.00037670947234316537	0.0023301795219467063	0.003008851963367923	0.9485726901045144	0.035031774845554545	0.00037771649651744684
n55	0.001174729624880626	0.014218291034301623	0.001454936894562782	0.006675745695953324	0.00047716051781456615	0.02589676612762484	0.004009175437863751	0.9400558366194603	0.00555892207704751	0.0004784359704907698
n344	0.006248898129158115	0.2109299728794248	0.16572218064492114	0.02400165014608287	0.0029450030602043106	0.0061379475838190195	0.15565713123382519	0.17970370544350683	0.24570063584848356	0.0029528750305741766
n353	2.463397845863709e-05	0.00013074053432322194	8.048657336657029e-05	9.461059779654889e-05	1.1613270930008123e-05	2.388079863136798e-05	0.00013522429321400693	0.9993799453524504	0.00010722028771568712	1.1644313113499445e-05
n3	0.999802542523427	9.629241757622141e-06	4.087997126910431e-06	1.4058902262943949e-05	0.00013724072569318142	3.4152201732990595e-06	1.3530451051851725e-05	1.003831672334886e-05	3.7243678599673098e-06	1.732253923737007e-06
n6	0.9999883315470198	1.8092400295795063e-06	7.680946670803454e-07	2.641528980159526e-06	3.465893255487097e-07	6.416863660903139e-07	2.5422384913735974e-06	1.8938290490533245e-06	6.997726583340284e-07	3.254734127653962e-07
n9	0.9999999414365588	9.084836483638362e-09	3.856877311031047e-09	1.3264046501611153e-08	1.6312103075249068e-09	3.2221351618114016e-09	1.2765476940528937e-08	9.590729996820847e-09	3.5138120515595826e-09	1.6343165011339254e-09
EF105388	1.0	0.0	0.0	0.0	0.0	0.0	0.0	0.0	0.0	0.0
EF105379	0.0	0.0	0.0	0.0	0.0	0.0	0.0	1.0	0.0	0.0
EF105379.1	0.0	0.0	0.0	0.0	0.0	0.0	0.0	1.0	0.0	0.0
FJ467493	0.0	0.0	0.0	0.0	0.0	0.0	0.0	1.0	0.0	0.0
FJ467493.1	0.0	0.0	0.0	0.0	0.0	0.0	0.0	1.0	0.0	0.0
n16	9.679905712156714e-05	0.00023891695774336616	0.00010046481397409152	0.0006952926836674661	4.235595262775116e-05	8.917112158680102e-05	0.0003319230898999132	0.0034937599225850187	0.9948688445212522	4.247187954187665e-05
n31	0.002890748013061198	0.0006087911420370045	0.00021098093043740804	0.0011278073409540428	8.41609449214242e-05	0.00045169872974587863	0.0006690149956986572	0.9879132086203235	0.005959203362385355	8.43859204357212e-05
n56	0.0012460444960210196	0.012619335257619053	0.001466337278739844	0.010289568734812923	0.0005475379809373204	0.0557174581249273	0.0044307900280933085	0.9095799666970042	0.0035539598527963593	0.0005490015490485594
n167	0.0008540797977004646	0.08147200932413694	0.0009629628077198814	0.004616068562629508	0.00039797066201477605	0.002415488434739088	0.0031345821261852575	0.9045941731124773	0.0011536307374435074	0.00039903443495338374
n345	0.004540104781683255	0.3005807801292086	0.24132340594668766	0.017436628747526436	0.0021405349348888217	0.0043858844371808346	0.2140894655461954	0.09184372031076733	0.12151321859761412	0.0021462565682475185
JQ922553	0.0	0.0	0.0	0.0	0.0	0.0	0.0	0.0	1.0	0.0
GQ398257	0.0	0.0	0.0	0.0	0.0	0.0	0.0	1.0	0.0	0.0
GQ398257.1	0.0	0.0	0.0	0.0	0.0	0.0	0.0	1.0	0.0	0.0
n4	0.998171128175589	7.032891732320887e-05	2.9857429206115563e-05	0.00010268175309890853	0.0013891185436014483	2.4943681192138007e-05	9.882211161111466e-05	7.32659619584487e-05	2.7201594388589976e-05	1.2651832031121572e-05
EF457904	1.0	0.0	0.0	0.0	0.0	0.0	0.0	0.0	0.0	0.0
n7	1.0	0.0	0.0	0.0	0.0	0.0	0.0	0.0	0.0	0.0
EF105380	1.0	0.0	0.0	0.0	0.0	0.0	0.0	0.0	0.0	0.0
EF105387	1.0	0.0	0.0	0.0	0.0	0.0	0.0	0.0	0.0	0.0
EU003591	1.0	0.0	0.0	0.0	0.0	0.0	0.0	0.0	0.0	0.0
n17	4.584363075194862e-06	1.1518521583667372e-05	4.856909487238956e-06	0.000507255588059436	2.049093567772108e-06	4.237675519763236e-06	1.6054938643970363e-05	0.00012351345351544775	0.9993238710711803	2.0583853673068835e-06
n30	5.422269663476918e-10	1.4132432044995732e-09	5.991891808992721e-10	2.346620327499206e-09	2.531413409597356e-10	5.048624820610365e-10	1.9827095031530577e-09	4.124996150335378e-09	0.9999999879791907	2.538202011940218e-10
n32	0.0002787736774165194	0.0001348778268512213	5.319971416912481e-05	0.0014069594193259756	2.2054922249376127e-05	0.00010361544922281299	0.0001735747971577104	0.9972630212599096	0.0005418090576164934	2.2113876081180975e-05
n54	0.0234674470250498	0.0011438973076384484	0.0004724672206368361	0.0017363678924032634	0.00019828339287776813	0.00047107891047339865	0.0015556511625520748	0.9687266190295901	0.0020293746520425936	0.0001988134067359395
n57	0.004309596733797027	0.03445897442071279	0.0048517003394376425	0.05588637530507492	0.002012052413699106	0.3817969338512993	0.015833694679098752	0.49323469485355187	0.005598546787203558	0.0020174306161250613
n59	0.00010189631696834536	0.00044840268125506184	0.0001152207030030591	0.0004975764460468536	4.7300213008853555e-05	0.001148612195014155	0.0003731983087778465	0.9970725598446979	0.00014780664504883672	4.7426646179137294e-05
n168	2.3762041921893224e-05	0.9977072701858881	2.6551042831270208e-05	9.409034625202715e-05	1.1201631602600292e-05	2.5614319885069163e-05	8.779255912384533e-05	0.0019877081688344836	2.4778130181811886e-05	1.1231573478893484e-05
n320	0.00011114640973938933	0.0064787361779595435	0.0001248291026020306	0.0024143917933923476	5.205235743404823e-05	0.00023008232260042247	0.00040904951785617275	0.9899922183131165	0.00013530251228127056	5.219149301847827e-05
n346	0.0015011821814690832	0.050182113122813024	0.48957921692014184	0.005764832310025048	0.0007080662426751232	0.0014244551128604146	0.4130473354159217	0.016831736306665436	0.02025110348913215	0.0007099588982962958
EU056812	0.0	1.0	0.0	0.0	0.0	0.0	0.0	0.0	0.0	0.0
n5	1.0	0.0	0.0	0.0	0.0	0.0	0.0	0.0	0.0	0.0
JF260983	0.0	0.0	0.0	0.0	1.0	0.0	0.0	0.0	0.0	0.0
EF105378	1.0	0.0	0.0	0.0	0.0	0.0	0.0	0.0	0.0	0.0
EF105378.1	1.0	0.0	0.0	0.0	0.0	0.0	0.0	0.0	0.0	0.0
n18	3.847227981156341e-05	0.0001007553589958262	4.274841332063321e-05	0.005591965477711559	1.8063220864197174e-05	3.585571561253105e-05	0.00014147249162595613	0.00019323739286939304	0.9938193151256008	1.8114523587504373e-05
n22	6.652295135681804e-07	1.736353273655445e-06	7.363385848908558e-07	1.4552757242207426e-05	3.1109981006710404e-07	6.195694090477869e-07	2.43663194614308e-06	4.541275386205366e-06	0.9999740651787257	3.355661085334305e-07
FJ882602.1	0.0	0.0	0.0	0.0	0.0	0.0	0.0	0.0	1.0	0.0
FJ882602	0.0	0.0	0.0	0.0	0.0	0.0	0.0	0.0	1.0	0.0
n33	1.643039766552124e-09	3.0735093553384788e-09	1.296357947241868e-09	7.010757483203472e-09	5.469639123101096e-10	1.2064047798983942e-09	4.285460127764838e-09	0.9999999781792366	2.2098442492081185e-09	5.484259451448605e-10
n35	3.52824201796351e-05	7.746670161602966e-05	3.278367120042241e-05	0.02970662183360255	1.3843807596239331e-05	0.0006438690672828633	0.00010844320522074131	0.9693253037880826	4.250469320050906e-05	1.3880812018417438e-05
GQ398262	0.0	0.0	0.0	0.0	0.0	0.0	0.0	1.0	0.0	0.0
GU131843	1.0	0.0	0.0	0.0	0.0	0.0	0.0	0.0	0.0	0.0
n58	0.0014987247334161135	0.04793188103223914	0.0016795947318148366	0.011887224010133686	0.0007038408926046683	0.8492000854386171	0.005524131268382016	0.07915490185319173	0.0017138937854125254	0.0007057222541881996
KJ734727	0.0	0.0	0.0	1.0	0.0	0.0	0.0	0.0	0.0	0.0
n60	3.641958454415664e-06	9.993363403133634e-06	4.06970375184058e-06	1.422909965029176e-05	1.7166993932291644e-06	5.820994723467009e-06	1.3451133504504652e-05	0.9999415495112463	3.8062477551719026e-06	1.7212881176959226e-06
n63	1.0955316564551078e-05	3.485352877498556e-05	1.2280530628979415e-05	4.5626419206316754e-05	5.143239582874499e-06	4.5497282044938445e-05	4.0372890414384076e-05	0.9997874913192832	1.2622486074754027e-05	5.156987424984309e-06
n169	2.4408134003797775e-09	0.9999999294881102	2.7255922888871165e-09	9.421325625369054e-09	1.1515380736778458e-09	2.336100532305556e-09	9.019683622621994e-09	3.9768939124913035e-08	2.493281023025835e-09	1.1546161261380712e-09
n170	1.8612075635278837e-10	0.999999950265489	2.0793754869315428e-10	7.308763311224233e-10	8.776192960927364e-11	1.9323547269093527e-10	3.65995503849676e-08	1.1448253544089963e-08	1.9277848879921998e-10	8.799651657944746e-11
n321	3.8843815242907884e-05	0.0008086484550819075	4.3453827455904867e-05	0.006105819782529779	1.828394596751869e-05	5.066847216947871e-05	0.00014335412670172292	0.9927305420731002	4.2052682932017324e-05	1.833281881860548e-05
DQ181801	0.0	0.0	0.0	0.0	0.0	0.0	0.0	1.0	0.0	0.0
n347	0.00012982500860920558	0.0029694135994979163	0.7425804323032542	0.0004985373155899012	6.124323234693363e-05	0.00012247277109651053	0.2513016867109497	0.0010786318085786249	0.0011963503150404268	6.140693503654975e-05
n350	0.00011691780563928858	0.0011164409217569035	0.008667300110050177	0.00044895450809350016	5.516392748618944e-05	0.00010948181695342668	0.9884410340103844	0.0005428527781746144	0.0004465427412202295	5.531138024124107e-05
EF105389.1	1.0	0.0	0.0	0.0	0.0	0.0	0.0	0.0	0.0	0.0
EF105389	1.0	0.0	0.0	0.0	0.0	0.0	0.0	0.0	0.0	0.0
n19	0.0	0.0	0.0	1.0	0.0	0.0	0.0	0.0	0.0	0.0
n20	3.71934184243512e-12	9.780037119690105e-12	4.151906349456331e-12	3.6946808397201685e-11	1.7546333983520114e-12	3.469205239216006e-12	1.3741911241095153e-11	1.055522844479067e-11	0.9999999999141216	1.7593360921428608e-12
n23	3.075529260765225e-08	8.086857414924379e-08	3.433086367297442e-08	1.3389330955976514e-07	1.4508517827552928e-08	2.868671626771114e-08	1.1362762451554925e-07	8.783730096819642e-08	0.9999986238148237	8.51676976654431e-07
JQ955623	0.0	0.0	0.0	0.0	0.0	0.0	0.0	0.0	1.0	0.0
n34	1.1354040995707732e-12	2.9162593301312198e-12	1.2375942885558155e-12	4.399043740416449e-12	5.229720911814441e-13	1.040825547576776e-12	4.095896821721793e-12	0.9999999999829426	1.1850949390852708e-12	5.243699917122942e-13
GQ398263	0.0	0.0	0.0	0.0	0.0	0.0	0.0	1.0	0.0	0.0
n36	1.9774541423013282e-05	4.945926360294379e-05	2.0980136499955967e-05	0.03654672550810128	8.864632764079898e-06	0.002353851289785108	6.942938228946728e-05	0.9609008123751612	2.1214542508528054e-05	8.888327864599707e-06
n53	0.0003001448932286131	0.0007829354797949002	0.0003323436015204277	0.053829889379225414	0.00014044774488258598	0.0005367396301026111	0.0010999638010152034	0.9425286197885584	0.00030809252103092467	0.00014082316064107557
KF704355	0.0	1.0	0.0	0.0	0.0	0.0	0.0	0.0	0.0	0.0
M29095	0.0	0.0	0.0	0.0	0.0	1.0	0.0	0.0	0.0	0.0
n61	1.1027825756323597e-09	2.908495929844557e-09	1.2313592717393177e-09	4.23933165113613e-09	5.203237545633615e-10	1.0765099752650562e-09	4.07518202633782e-09	0.9999999832005254	1.123774821989527e-09	5.217145759742797e-10
M84728	0.0	0.0	0.0	0.0	0.0	0.0	0.0	1.0	0.0	0.0
n64	2.729066689425042e-07	7.220131390643467e-07	3.0474371072307907e-07	1.050532158436698e-06	1.287553093311301e-07	2.7951397564791473e-07	1.0084474285272306e-06	0.9999958253370858	2.786510523503581e-07	1.290994712876567e-07
AJ487271	0.0	0.0	0.0	0.0	0.0	0.0	0.0	1.0	0.0	0.0
M20558.1	0.0	1.0	0.0	0.0	0.0	0.0	0.0	0.0	0.0	0.0
M20558	0.0	1.0	0.0	0.0	0.0	0.0	0.0	0.0	0.0	0.0
n270	1.1866690937108369e-07	0.9999745785921884	1.3249556617269873e-07	4.5566346453466224e-07	5.5994183966601554e-08	1.106928710893341e-07	2.4044486938721965e-05	3.26553567458376e-07	1.20710454352286e-07	5.6143855991189385e-08
n172	5.266968612104397e-10	0.9999999919485226	5.8807455527925e-10	2.022428919281679e-09	2.485272882278022e-10	4.912930043348162e-10	1.9465219768279573e-09	1.4429781839828995e-09	5.357650040360853e-10	2.4919159976445043e-10
n173	8.58713423964517e-09	0.9999996398257461	9.588619865281943e-09	3.298842773871955e-08	4.051869450965012e-09	8.02839073831492e-09	2.5030740922726026e-07	3.3821473410526414e-08	8.738229325082901e-09	4.062700066957418e-09
n322	2.390306981047612e-06	4.065368171208251e-05	2.672915000621015e-06	0.0002989405168669348	1.1257063537509455e-06	2.9318579283195712e-06	8.823982330454754e-06	0.9996387772936702	2.5550237982263393e-06	1.1287153583842918e-06
AF119661	0.0	0.0	0.0	1.0	0.0	0.0	0.0	0.0	0.0	0.0
n348	0.00013251281898748378	0.0028488622287885248	0.7423905216478757	0.0005088565699504257	6.251228119850906e-05	0.00012491316429385482	0.2516708550321242	0.0010508867410978016	0.001147400139637558	6.267937604603065e-05
FJ898449	0.0	0.0	1.0	0.0	0.0	0.0	0.0	0.0	0.0	0.0
n351	1.2243935224107996e-06	5.018962185234629e-06	2.034991093425672e-05	4.701489742916875e-06	5.777316099570323e-07	1.1430320804087364e-06	0.9999605820116314	3.849221338919427e-06	1.9739710722076943e-06	5.792758821218194e-07
GQ868592	0.0	0.0	0.0	0.0	0.0	0.0	1.0	0.0	0.0	0.0
AF276619	0.0	0.0	0.0	1.0	0.0	0.0	0.0	0.0	0.0	0.0
AF276619.1	0.0	0.0	0.0	1.0	0.0	0.0	0.0	0.0	0.0	0.0
n21	2.149448766808317e-16	5.652964586099981e-16	2.399905608039565e-16	8.920915559015765e-16	1.0142282621720305e-16	2.0049617110885615e-16	7.943205038476277e-16	5.899418245758883e-16	0.9999999999999962	1.016939656737703e-16
KF041236.2	0.0	0.0	0.0	0.0	0.0	0.0	0.0	0.0	1.0	0.0
n24	4.593495094694346e-08	1.207916531301798e-07	5.1279852389561264e-08	1.9144054575501488e-07	2.1671366956379233e-08	4.284607478967693e-08	1.6972541435792546e-07	1.29255924270389e-07	0.9999978934427859	1.3336114316230163e-06
DQ448231	0.0	0.0	0.0	0.0	0.0	0.0	0.0	0.0	1.0	0.0
GQ398263.1	0.0	0.0	0.0	0.0	0.0	0.0	0.0	1.0	0.0	0.0
GQ398263.2	0.0	0.0	0.0	0.0	0.0	0.0	0.0	1.0	0.0	0.0
n52	1.7658639333965096e-07	4.6436383686003856e-07	1.9714058331551996e-07	1.4745022308343102e-06	8.331391114281609e-08	0.9999752219146895	6.524956238827554e-07	2.1466495432288514e-05	1.7965069016148465e-07	8.353660858887001e-08
n38	4.3156737976901186e-07	1.1208122316528982e-06	4.757330604277422e-07	0.001840707620508051	2.0104028076030928e-07	1.342345827682484e-05	1.5745216906856184e-06	0.9981414185408136	4.4512809816109974e-07	2.0157765991828823e-07
n49	0.0002641439556446705	0.0006942456737323413	0.0002947319184396667	0.8265867815790017	0.00012455688673927205	0.0006578471606226469	0.0009755017555551697	0.17000841580503917	0.00026888543888173533	0.0001248898263437817
DQ645550	0.0	0.0	0.0	1.0	0.0	0.0	0.0	0.0	0.0	0.0
JN851131	0.0	0.0	0.0	0.0	0.0	0.0	0.0	1.0	0.0	0.0
n62	5.680526879700392e-12	1.49404850330517e-11	6.342503433725331e-12	2.1812748208494095e-11	2.680411164661493e-12	5.3032886346762075e-12	2.099238076906616e-11	0.9999999999137814	5.778521209003513e-12	2.687575883161466e-12
M84727	0.0	0.0	0.0	0.0	0.0	0.0	0.0	1.0	0.0	0.0
n65	1.9201417743741126e-08	5.054854198243867e-08	2.14394159675314e-08	7.435715577594871e-08	9.06017240411828e-09	1.819751684733988e-08	7.09579529570495e-08	0.999999707609408	1.9544028129089428e-08	9.08439017553198e-09
n163	2.6383209361272755e-06	6.938978919653142e-06	2.9457749286191094e-06	1.0130860606208167e-05	1.2449176347214058e-06	2.462353756962188e-06	9.749914506426472e-06	0.9999599568308195	2.6838026016475813e-06	1.2482452900176913e-06
n271	1.7070030683833103e-05	0.9905399307167613	1.9059256735211427e-05	6.554609643308949e-05	8.05466815916103e-06	1.5922605067146568e-05	0.009262210747039023	4.676575558057507e-05	1.7363925315310762e-05	8.076198225417168e-06
n304	5.221876651921515e-08	0.9999991666202068	5.830398878735681e-08	2.0051143331411393e-07	2.463995781457102e-08	4.870868880216943e-08	2.2811212431410382e-07	1.4306119647843307e-07	5.3117816922205196e-08	2.4705820232961634e-08
EU482572.1	0.0	1.0	0.0	0.0	0.0	0.0	0.0	0.0	0.0	0.0
EU482572	0.0	1.0	0.0	0.0	0.0	0.0	0.0	0.0	0.0	0.0
n174	1.357805922320497e-06	0.9979722388571557	1.5234746852838688e-06	5.213750480235577e-06	6.406945787636189e-07	1.2665361412977086e-06	0.0020120152809471746	3.7200096442111723e-06	1.3811832943597209e-06	6.424071504621863e-07
GQ398284	0.0	1.0	0.0	0.0	0.0	0.0	0.0	0.0	0.0	0.0
n323	7.777818300591078e-07	7.511882011467408e-06	8.690646879906599e-07	4.907510029545667e-05	3.666568522787213e-07	8.371936416492592e-07	2.872798665078956e-06	0.999936511058718	8.108263748276768e-07	3.676369232629323e-07
FJ639701	0.0	0.0	0.0	0.0	0.0	0.0	0.0	1.0	0.0	0.0
n349	7.19829130625403e-08	2.1086120978637852e-07	6.476781364281597e-06	2.764027373297845e-07	3.396574067485335e-08	6.715557901466754e-08	0.9999925437125872	2.0313278113644448e-07	8.194855651152536e-08	3.4056530839345304e-08
JX966379	0.0	0.0	1.0	0.0	0.0	0.0	0.0	0.0	0.0	0.0
n352	0.0	0.0	0.0	0.0	0.0	0.0	1.0	0.0	0.0	0.0
AF100468	0.0	0.0	0.0	0.0	0.0	0.0	1.0	0.0	0.0	0.0
KF041236.1	0.0	0.0	0.0	0.0	0.0	0.0	0.0	0.0	1.0	0.0
KF041236	0.0	0.0	0.0	0.0	0.0	0.0	0.0	0.0	1.0	0.0
n25	8.902851437859256e-05	0.00023414360405624648	9.940329397759831e-05	0.00034185844483366297	4.200901210897562e-05	8.304412627873286e-05	0.0003290049991620944	0.00024390420445049487	0.9880577837436112	0.010479820057142453
n27	0.0	0.0	0.0	0.0	0.0	0.0	0.0	0.0	1.0	0.0
AY037116.1	0.0	0.0	0.0	0.0	0.0	1.0	0.0	0.0	0.0	0.0
AY037116	0.0	0.0	0.0	0.0	0.0	1.0	0.0	0.0	0.0	0.0
n39	5.3791312865478236e-08	1.4047404460331784e-07	5.963006919203274e-08	0.0001398709492107772	2.5199662609802635e-08	9.635115249611192e-07	1.973594168491318e-07	0.999858608670288	5.514744896665258e-08	2.5267021116808865e-08
n47	0.00012546590537232695	0.00032996482517035135	0.00014008316450211236	0.00889907573945844	5.9200802245505455e-05	0.00012487460838181638	0.0004636471895017897	0.9896706989775464	0.00012762974228513216	5.935904553619277e-05
n50	1.529117073241441e-06	4.021336816850112e-06	1.7072163171740233e-06	0.9998963153166631	7.214897280223783e-07	1.625544443131773e-06	5.650543259945707e-06	8.615047978269088e-05	1.5555376512295396e-06	7.234182645361107e-07
FJ196854	0.0	0.0	0.0	1.0	0.0	0.0	0.0	0.0	0.0	0.0
M84727.2	0.0	0.0	0.0	0.0	0.0	0.0	0.0	1.0	0.0	0.0
M84727.1	0.0	0.0	0.0	0.0	0.0	0.0	0.0	1.0	0.0	0.0
n66	1.1876404968488613e-07	3.1234809548561853e-07	1.3260401358075783e-07	4.5604059614721384e-07	5.604002659295851e-08	1.1078374889230857e-07	4.3889271109338075e-07	0.9999981975280084	1.20808928971779e-07	5.618982115453476e-08
n156	5.860903027652865e-09	1.5414133688224726e-08	6.543893469240577e-09	2.021213212039211e-07	2.7655266828964376e-09	5.467231602846948e-09	2.1658974828360318e-08	0.9999997314332743	5.961822316150253e-09	2.772918914524045e-09
n164	2.846788253771662e-09	7.487011392121892e-09	3.1785337436244402e-09	1.0931197804227774e-08	1.3432860753125142e-09	2.655445596757422e-09	1.0520310130361117e-08	0.9999999567947484	2.8958019917193353e-09	1.3468766686964937e-09
n166	0.0	0.0	0.0	0.0	0.0	0.0	0.0	1.0	0.0	0.0
n272	1.4606623094915834e-06	0.9998013548889622	1.630878026442873e-06	5.6087017925251e-06	6.89228415393486e-07	1.3624783945683397e-06	0.00018171462610991923	4.0016547579679726e-06	1.4858105138190742e-06	6.910707176653878e-07
n288	5.650225197391881e-07	0.005571799392671354	6.308664267129189e-07	2.1695930609344927e-06	2.6661164147383124e-07	5.270423975551449e-07	0.9944216514551996	1.5479412862505546e-06	5.747505040434812e-07	2.6732429234810237e-07
n305	2.3705173916988685e-08	0.999999636692039	2.646761472597169e-08	9.102394875327253e-08	1.1185528201933733e-08	2.2111741233048334e-08	8.854224156846226e-08	6.494297998270097e-08	2.411330555922682e-08	1.1215427033088391e-08
EU482575	0.0	1.0	0.0	0.0	0.0	0.0	0.0	0.0	0.0	0.0
n175	6.895976600118177e-05	0.9695976718275013	7.699795167226028e-05	0.00026479410039727486	3.253936925848997e-05	6.432437497808416e-05	0.02960301633849569	0.00018892287968063986	7.014704527207577e-05	3.262634674312682e-05
n188	3.0338651868174716e-07	0.9978183218651426	3.857667650150485e-07	1.164954080812883e-06	1.43156024590842e-07	2.829932576937544e-07	0.002178114563633825	8.311659756563243e-07	3.0860992151664286e-07	1.4353867954738432e-07
n324	1.8005466174171906e-06	4.808246055821596e-06	2.010378755045303e-06	7.527911296401858e-06	8.496016648543164e-07	1.68100434243073e-06	6.6539027490986654e-06	0.9999719847273997	1.8318084757562222e-06	8.518726435932562e-07
n335	2.627893181190237e-06	6.989097190008966e-06	2.9341392811079493e-06	1.0746457619860151e-05	1.2399932691336315e-06	2.4528386732402313e-06	9.711361840198597e-06	0.9999593814939605	2.6734172231887948e-06	1.2433077616387616e-06
AF100465.1	0.0	0.0	0.0	0.0	0.0	0.0	1.0	0.0	0.0	0.0
AF100465	0.0	0.0	0.0	0.0	0.0	0.0	1.0	0.0	0.0	0.0
AF100467	0.0	0.0	0.0	0.0	0.0	0.0	1.0	0.0	0.0	0.0
AF100467.1	0.0	0.0	0.0	0.0	0.0	0.0	1.0	0.0	0.0	0.0
n26	0.0	0.0	0.0	0.0	0.0	0.0	0.0	0.0	0.0	1.0
KJ010186	0.0	0.0	0.0	0.0	0.0	0.0	0.0	0.0	1.0	0.0
JQ955624.3	0.0	0.0	0.0	0.0	0.0	0.0	0.0	0.0	1.0	0.0
JQ955624.1	0.0	0.0	0.0	0.0	0.0	0.0	0.0	0.0	1.0	0.0
JQ955624.2	0.0	0.0	0.0	0.0	0.0	0.0	0.0	0.0	1.0	0.0
JQ955624	0.0	0.0	0.0	0.0	0.0	0.0	0.0	0.0	1.0	0.0
n40	3.650791817153237e-07	9.592784910928118e-07	4.0724602842371673e-07	0.00012393634902281716	1.7210638121741313e-07	1.1418539806912676e-06	1.3478991496975065e-06	0.9998711258793288	3.717420152608502e-07	1.725664202570783e-07
n41	4.332565462659303e-07	1.1394481090538088e-06	4.837410802252943e-07	2.9388356208305355e-05	2.044347163426133e-07	4.13180893889199e-07	1.6010860736251698e-06	0.9999656907950262	4.407201773394447e-07	2.0498116877257023e-07
n48	7.628485033672089e-11	2.006268656941729e-10	8.517409512702075e-11	1.3793903156752232e-09	3.599558298437193e-11	7.216933443416783e-11	2.8190919564101766e-10	0.9999999977547591	7.759872204742053e-11	3.6091798901810843e-11
KC131142	0.0	0.0	0.0	1.0	0.0	0.0	0.0	0.0	0.0	0.0
n51	4.685427519397719e-09	1.2322438394774805e-08	5.23136523432078e-09	0.9999998723765209	2.2108369373110217e-09	4.5200062739865805e-09	1.7314770754220953e-08	7.435572065083624e-08	4.766166854466683e-09	2.2167464875002876e-09
FJ196853	0.0	0.0	0.0	1.0	0.0	0.0	0.0	0.0	0.0	0.0
n67	7.421530812792976e-10	1.9518510617353796e-09	8.286385871503422e-10	2.849745147695305e-09	3.501925043868141e-10	6.922664663379708e-10	2.74262780319958e-09	0.9999999887364661	7.54930720054977e-10	3.5112856626706376e-10
n68	2.9679820755727184e-07	7.805747824945735e-07	3.3138506630712065e-07	1.1396574890372706e-06	1.400472623003229e-07	2.7684845470758554e-07	1.0968182103739697e-06	0.9999954955407143	3.0190820548940355e-07	1.4042160755908914e-07
n157	1.0407007791566085e-07	2.7370269316592015e-07	1.1619770171983766e-07	4.245525447841163e-07	4.910652817408623e-08	9.707465505603263e-08	3.8459112584600643e-07	0.9999983956050312	1.0586185258236982e-07	4.9237789547528975e-08
n160	6.096315300024082e-07	1.6033214652834456e-06	6.806738698254063e-07	4.212265760421442e-05	2.8766085806005703e-07	5.686529812415001e-07	2.2528942151661446e-06	0.9999509659501504	6.201275526497189e-07	2.8842977332893584e-07
n165	7.881976467242686e-12	2.0729475784629705e-11	8.80048875367136e-12	3.026548667324911e-11	3.719191023230105e-12	7.352161229303706e-12	2.912785562031233e-11	0.9999999998803764	8.017680404006702e-12	3.729132392330248e-12
AF100462.2	0.0	0.0	0.0	0.0	0.0	0.0	0.0	1.0	0.0	0.0
EU726767	0.0	0.0	0.0	0.0	0.0	0.0	0.0	1.0	0.0	0.0
EU726767.1	0.0	0.0	0.0	0.0	0.0	0.0	0.0	1.0	0.0	0.0
n273	2.070432849392405e-07	0.9999956740426751	2.3117071051409577e-07	7.950119838247963e-07	9.76954866847459e-08	1.931260887619905e-07	1.926127358269135e-06	5.672178397141524e-07	2.1060794609374793e-07	9.79566259718879e-08
n287	0.0	1.0	0.0	0.0	0.0	0.0	0.0	0.0	0.0	0.0
n289	3.287483187035889e-07	0.005412727173990237	3.670584266340452e-07	1.2623391920100319e-06	1.551232487544964e-07	3.066502590724328e-07	0.9945834623181736	9.006421253617968e-07	3.344083736019664e-07	1.5553789200950792e-07
n298	1.4777981248456258e-06	0.002699224282450643	1.6500107338242937e-06	5.674500475334112e-06	6.973141247803932e-07	1.3784623431049953e-06	0.9972836466223375	4.048590016803083e-06	1.503241353033582e-06	6.991780400915149e-07
n306	1.1141126893521202e-08	0.9999998296891824	1.2439438548564332e-08	4.278008531014128e-08	5.25705440967337e-09	1.0392233975049483e-08	4.117449005558893e-08	3.052233840093762e-08	1.1332943508286072e-08	5.271106475818847e-09
EU482744	0.0	1.0	0.0	0.0	0.0	0.0	0.0	0.0	0.0	0.0
n176	1.5647619426710687e-05	0.006148128840487518	1.747110038034919e-05	6.008427157988005e-05	7.3834888960750235e-06	1.4595805594009676e-05	0.9936705002557266	4.286836874767435e-05	1.5917024255902917e-05	7.403224905305047e-06
n187	4.729831498119822e-10	0.9999999535557462	5.281041902942463e-10	1.8161770971131925e-09	2.2318192559705138e-10	4.41189801272671e-10	4.096192324531779e-08	1.295789236958421e-09	4.811264936300319e-10	2.2377848917364176e-10
n189	1.1099128450736678e-09	0.9999972473624434	1.240742955748827e-09	4.261881823573464e-09	5.237237015881338e-10	1.0353058618975914e-09	2.7397711152858354e-06	3.0407280608438604e-09	1.1290221979429385e-09	5.251236110285098e-10
n218	1.920168221305929e-06	0.9953978377914818	2.491241368946246e-06	7.373128515425827e-06	9.060509687505122e-07	1.7910968710071766e-06	0.004579558306114601	5.260515891790613e-06	1.953227730237123e-06	9.084728360457464e-07
n325	7.7802572974364e-08	2.0482900179881003e-07	8.686918389845898e-08	3.0051492208841954e-07	3.671192464938336e-08	7.25770587944913e-08	2.875194655468803e-07	0.999998817222963	7.914285173983095e-08	3.681005534260148e-08
FM210237	0.0	0.0	0.0	0.0	0.0	0.0	0.0	1.0	0.0	0.0
n336	9.207857770186879e-08	2.4228243296353577e-07	1.0280880687267031e-07	3.545547184288151e-07	4.3448209016313084e-08	8.58915632287719e-08	3.402764872412485e-07	0.9999986014305442	9.366431459233316e-08	4.3564345746014706e-08
FM210227	0.0	0.0	0.0	0.0	0.0	0.0	0.0	1.0	0.0	0.0
KJ830750.1	0.0	0.0	0.0	0.0	0.0	0.0	0.0	0.0	0.0	1.0
KJ830750	0.0	0.0	0.0	0.0	0.0	0.0	0.0	0.0	0.0	1.0
JN851121	0.0	0.0	0.0	0.0	0.0	0.0	0.0	1.0	0.0	0.0
JN851128	0.0	0.0	0.0	0.0	0.0	0.0	0.0	1.0	0.0	0.0
n42	1.3170621185211972e-06	3.4638473207188916e-06	1.4705412386436828e-06	9.809433893790015e-05	6.214681815036585e-07	1.233633237725538e-06	4.867197026742969e-06	0.9998869690422174	1.3397403595678475e-06	6.231293611897175e-07
AY858035	0.0	0.0	0.0	0.0	0.0	0.0	0.0	1.0	0.0	0.0
AY858036	0.0	0.0	0.0	0.0	0.0	0.0	0.0	1.0	0.0	0.0
AY858036.1	0.0	0.0	0.0	0.0	0.0	0.0	0.0	1.0	0.0	0.0
FJ196853.1	0.0	0.0	0.0	1.0	0.0	0.0	0.0	0.0	0.0	0.0
FJ196853.2	0.0	0.0	0.0	1.0	0.0	0.0	0.0	0.0	0.0	0.0
GQ868542	0.0	0.0	0.0	0.0	0.0	0.0	0.0	1.0	0.0	0.0
GQ868542.1	0.0	0.0	0.0	0.0	0.0	0.0	0.0	1.0	0.0	0.0
n69	6.55998816417078e-07	1.7252666851003607e-06	7.324444863471713e-07	2.518927013625111e-06	3.0953973538673634e-07	6.119033853512865e-07	2.424244590710507e-06	0.999990044015016	6.672931384893448e-07	3.103671327270232e-07
DQ181799	0.0	0.0	0.0	0.0	0.0	0.0	0.0	1.0	0.0	0.0
n158	1.0515286669750237e-06	2.7655040399491e-06	1.1740667133577494e-06	4.041328312660039e-06	4.961745313919618e-07	9.80846202404864e-07	3.885925735086791e-06	0.9999840374921756	1.0696328205185368e-06	4.975008021115479e-07
FJ639828	0.0	0.0	0.0	0.0	0.0	0.0	0.0	1.0	0.0	0.0
n161	3.897555987685859e-05	0.00010250511628033289	4.3517508293324474e-05	0.003138444723876279	1.8391015637596883e-05	3.63556705445085e-05	0.0001440342388391016	0.9964196893904588	3.96466015118844e-05	1.8440174681442135e-05
EU687246	0.0	0.0	0.0	0.0	0.0	0.0	0.0	1.0	0.0	0.0
AF100462	0.0	0.0	0.0	0.0	0.0	0.0	0.0	1.0	0.0	0.0
AF100462.1	0.0	0.0	0.0	0.0	0.0	0.0	0.0	1.0	0.0	0.0
n274	1.7117179951059054e-09	0.9999999737747898	1.9111900453239897e-09	6.572714103076426e-09	8.076916025005378e-10	1.5966584057484723e-09	6.384760106270782e-09	4.689439064318848e-09	1.7411886181696508e-09	8.098505559636406e-10
n275	1.0653496055049371e-09	0.9999999836329354	1.1894982506770655e-09	4.090766351020686e-09	5.026960822716216e-10	9.937381084744947e-10	4.0186426853662185e-09	2.918642016947716e-09	1.08369171369456e-09	5.040397850467262e-10
GQ398282	0.0	1.0	0.0	0.0	0.0	0.0	0.0	0.0	0.0	0.0
GQ398282.1	0.0	1.0	0.0	0.0	0.0	0.0	0.0	0.0	0.0	0.0
n290	7.961227517950588e-13	2.5888783864528892e-11	8.888975184212476e-13	3.0569797440123356e-12	3.7565864413589754e-13	7.426083544670684e-13	0.9999999999648833	2.181065538103017e-12	8.098295852787384e-13	3.766627768125166e-13
n291	1.8292954286714692e-06	0.005570746764841409	2.042469158606142e-06	7.024192009005998e-06	8.631717142977767e-07	1.7063324282068662e-06	0.9944080499496745	5.011555398929884e-06	1.8607903806679465e-06	8.65478965674498e-07
n299	1.2026539478057738e-06	1.8872779966223516e-05	1.342803113356148e-06	4.6179923249387355e-06	5.674845372509874e-07	1.1218130208684659e-06	0.99996718730934	3.294802307667604e-06	1.2233600227972099e-06	5.690014190696943e-07
n303	0.0	0.0	0.0	0.0	0.0	0.0	1.0	0.0	0.0	0.0
n307	1.3014439311970161e-08	0.9999998010553075	1.4531054139540744e-08	4.997329528224064e-08	6.1409959897518424e-09	1.213962462443745e-08	4.8094880548322996e-08	3.565448294612364e-08	1.3238508718514682e-08	6.1574108249660864e-09
n315	3.5895346119059315e-10	0.9999999945128702	4.0078347234971746e-10	1.37832194523848e-09	1.6937585345313398e-10	3.34825048705107e-10	1.3265156384090141e-09	9.833923502765126e-10	3.6513355755116007e-10	1.6982859381126884e-10
n177	1.162974824991273e-06	0.0001516396458567354	1.2985003725226143e-06	4.465631053484707e-06	5.487615382619305e-07	1.084801080153423e-06	0.9998348803621474	3.1860970077081023e-06	1.1829977451219153e-06	5.502283736478381e-07
n180	1.4597377639753337e-08	2.2056236764922257e-06	1.6298462056270288e-08	5.605151675406022e-08	6.887921592147425e-09	1.361615977470384e-08	0.9999976251787361	3.999111608810301e-08	1.4848700471788549e-08	6.906332953772223e-09
EU482545.1	0.0	1.0	0.0	0.0	0.0	0.0	0.0	0.0	0.0	0.0
EU482545	0.0	1.0	0.0	0.0	0.0	0.0	0.0	0.0	0.0	0.0
n190	3.359550868863506e-07	0.9999948177189211	3.7510504830571935e-07	1.2900119902284831e-06	1.5852383586039352e-07	3.133725969830662e-07	1.2882399481450458e-06	9.203857829706187e-07	3.417392205812235e-07	1.5894756885867605e-07
EU920833	0.0	0.0	0.0	0.0	0.0	0.0	1.0	0.0	0.0	0.0
n197	1.4175030194601837e-07	0.9999977896694932	1.582689480734296e-07	5.44297723911921e-07	6.688632640485491e-08	1.322220200790869e-07	5.673087697913821e-07	3.883404887616329e-07	1.441908147697515e-07	6.7065113042699e-08
n199	1.8471517574578342e-07	0.9999969613353513	2.0624064650942863e-07	7.092757359254712e-07	8.715974052434564e-08	1.7229884762906175e-07	8.976389005344986e-07	5.060474697106808e-07	1.8789541415767253e-07	8.739271784274986e-08
n219	1.7509186891664275e-05	0.025929416765406815	0.00014134118998630085	6.723238287235259e-05	8.261888500000232e-06	1.633224077131084e-05	0.973745843394099	4.796833670791604e-05	1.781064229994866e-05	8.283972464639236e-06
n269	5.232574406033774e-07	0.9999737438310764	5.856209974066204e-07	2.009222061852833e-06	2.4690436271014286e-07	4.880847156783926e-07	2.0189727524473197e-05	1.4335211286195857e-06	5.32266356120271e-07	2.47564336179321e-07
n326	2.851825671509654e-07	7.500313809811965e-07	3.1841581740809183e-07	1.0951016725319755e-06	1.3456630397625505e-07	2.660130596581163e-07	1.0538925947249533e-06	0.9999956717780334	2.900925715025399e-07	1.3492599867542872e-07
n330	2.864581333683802e-07	7.533890254158171e-07	3.198400298397119e-07	1.100024298662737e-06	1.3516819272600247e-07	2.672029436440021e-07	1.0586064507570383e-06	0.9999956523913195	2.9139010964130526e-07	1.3552949626919117e-07
n337	7.514739487836875e-08	1.976374997287374e-07	8.390456467733302e-08	2.885621723872125e-07	3.5459065018663376e-08	7.009609977870437e-08	2.77707308000136e-07	0.9999988594908386	7.644121011686974e-08	3.555384682768977e-08
n341	4.7389353853024016e-08	1.2463422397498806e-07	5.29117890863423e-08	1.819753815878493e-07	2.2361150119331126e-08	4.420391909166327e-08	1.7512742658837867e-07	0.9999992807705752	4.820525910101292e-08	2.2420921302217806e-08
n43	9.840080635045317e-07	2.587923359162658e-06	1.0986766181404805e-06	4.628466558391333e-05	4.643137803229339e-07	9.201954118265083e-07	3.6363996048463717e-06	0.9999425573118778	1.0009508131304283e-06	4.655548874991076e-07
JX470186	0.0	0.0	0.0	1.0	0.0	0.0	0.0	0.0	0.0	0.0
n70	3.3440039598105974e-09	8.794678402571301e-09	3.733691588093051e-09	1.284042234238833e-08	1.5779023909252255e-09	3.1192241052106315e-09	1.2357771550921337e-08	0.9999999492486079	3.4015776258687545e-09	1.58212011192267e-09
n71	1.0934967699003582e-07	2.875879496920631e-07	1.2209254954399255e-07	4.198846809332385e-07	5.1597760900737985e-08	1.0199932551864844e-07	4.0410189211804146e-07	0.9999983404181342	1.1123234874075957e-07	5.1735681320165545e-08
n159	0.0	0.0	0.0	0.0	0.0	0.0	0.0	1.0	0.0	0.0
AF100460	0.0	0.0	0.0	0.0	0.0	0.0	0.0	1.0	0.0	0.0
n162	0.0	0.0	0.0	1.0	0.0	0.0	0.0	0.0	0.0	0.0
DQ181798	0.0	0.0	0.0	0.0	0.0	0.0	0.0	1.0	0.0	0.0
GQ398270.1	0.0	1.0	0.0	0.0	0.0	0.0	0.0	0.0	0.0	0.0
GQ398270	0.0	1.0	0.0	0.0	0.0	0.0	0.0	0.0	0.0	0.0
EU482729	0.0	1.0	0.0	0.0	0.0	0.0	0.0	0.0	0.0	0.0
n277	9.489404944432018e-08	0.9999985494042497	1.0595236083105062e-07	3.6437746104412596e-07	4.477672553691179e-08	8.851538754245857e-08	3.506828644102197e-07	2.5997264933919227e-07	9.652783887111765e-08	4.489641338109025e-08
EU569719	0.0	1.0	0.0	0.0	0.0	0.0	0.0	0.0	0.0	0.0
GQ868595.1	0.0	0.0	0.0	0.0	0.0	0.0	1.0	0.0	0.0	0.0
GQ868595	0.0	0.0	0.0	0.0	0.0	0.0	1.0	0.0	0.0	0.0
n292	2.613034278317326e-07	1.3622979518872364e-05	2.917539638590629e-07	1.0033619616090272e-06	1.23298688783862e-07	2.4373893111494134e-07	0.9999833482635767	7.158693809401855e-07	2.658022850317607e-07	1.2362826523398458e-07
EU569708	0.0	1.0	0.0	0.0	0.0	0.0	0.0	0.0	0.0	0.0
n300	3.928883627122835e-10	1.1276117880705428e-09	4.386729180193515e-10	1.5086263566282508e-09	1.8538838301064346e-10	3.6647888766519217e-10	0.9999999943184359	1.0763607322817913e-09	3.9965271576360734e-10	1.8588392473756102e-10
n302	0.0	0.0	0.0	0.0	0.0	0.0	1.0	0.0	0.0	0.0
GQ868552.1	0.0	0.0	0.0	0.0	0.0	0.0	1.0	0.0	0.0	0.0
GQ868552	0.0	0.0	0.0	0.0	0.0	0.0	1.0	0.0	0.0	0.0
n308	2.3146738905968471e-10	0.9999999964616832	2.5844103471064157e-10	8.887965055129071e-10	1.0922024943990242e-10	2.1590843436479918e-10	8.553880794049496e-10	6.341302823711022e-10	2.3545255962737155e-10	1.0951219432955984e-10
n313	0.0	1.0	0.0	0.0	0.0	0.0	0.0	0.0	0.0	0.0
n316	1.149083858324776e-10	0.9999999982434575	1.2829903275842308e-10	4.412292038067692e-10	5.422069438958247e-11	1.0718438472592344e-10	4.246441777183641e-10	3.148041175551059e-10	1.168867617888514e-10	5.4365625890122785e-11
EU482587	0.0	1.0	0.0	0.0	0.0	0.0	0.0	0.0	0.0	0.0
n178	4.563962145386527e-10	2.2011376789532783e-09	5.095815479654203e-10	1.7524860078958767e-09	2.1535521093420812e-10	4.2571781939299756e-10	0.9999999925087932	1.2503474531953118e-09	4.642539813228857e-10	2.1593085376249097e-10
EU920834	0.0	0.0	0.0	0.0	0.0	0.0	1.0	0.0	0.0	0.0
n186	8.204936209863943e-10	2.2122438169429417e-09	9.161084041671616e-10	3.150559852473643e-09	3.8715828744616513e-10	7.65341043648265e-10	0.9999999882774496	2.24783220510618e-09	8.346200473595141e-10	3.881931585812161e-10
n182	7.347613856172891e-07	2.0063087412820662e-06	8.203855133653456e-07	2.8213622427566976e-06	3.4670465736854055e-07	6.853716242482621e-07	0.9999894771033281	2.012959349609953e-06	7.474117613792068e-07	3.4763139626044223e-07
FJ850085	0.0	0.0	0.0	0.0	0.0	0.0	1.0	0.0	0.0	0.0
n191	5.292085276834739e-10	0.9999999919095167	5.908789144050825e-10	2.032073252320734e-09	2.497124438743659e-10	4.936357779331788e-10	1.9564496599904117e-09	1.4498247656239187e-09	5.383199029716328e-10	2.5037992332297407e-10
n193	1.5566481506811256e-11	0.9999999997620332	1.7380494094875487e-11	5.977271538159363e-11	7.345203140634024e-12	1.4520121665335694e-11	5.7536149128055846e-11	4.2646082256066544e-11	1.5834489385568586e-11	7.364836812333185e-12
n198	2.765840098059169e-10	0.9999999957714905	3.0881524189830466e-10	1.0620368700528232e-09	1.3050898731268478e-10	2.579923710641396e-10	1.0226357531043133e-09	7.577322099239361e-10	2.813459525566822e-10	1.3085783683551313e-10
AF208496	0.0	1.0	0.0	0.0	0.0	0.0	0.0	0.0	0.0	0.0
n200	2.7951828937992463e-08	0.9999965501066519	3.120914634464919e-08	1.0733040184929146e-07	1.3189355707130809e-08	2.6072941195524016e-08	3.12590488922878e-06	7.65770990429485e-08	2.8433075157812996e-08	1.3224610753848943e-08
EU482726	0.0	1.0	0.0	0.0	0.0	0.0	0.0	0.0	0.0	0.0
n220	1.382656300880573e-06	0.0007260973491652139	0.0003461094344850635	5.309171600982293e-06	6.524204843079863e-07	1.289715836005545e-06	0.9989133106877686	3.7879384859878343e-06	1.4064614736875226e-06	6.541643992622033e-07
EU920828	0.0	0.0	0.0	0.0	0.0	0.0	1.0	0.0	0.0	0.0
EU482546	0.0	1.0	0.0	0.0	0.0	0.0	0.0	0.0	0.0	0.0
EU677142	0.0	1.0	0.0	0.0	0.0	0.0	0.0	0.0	0.0	0.0
n327	4.240631361934348e-09	1.1152794730324185e-08	4.734805889773733e-09	1.6283325064581907e-08	2.000985179863424e-09	3.955581314360717e-09	1.567125943392717e-08	0.9999999356406409	4.313642249265717e-09	2.0063337979130717e-09
n329	0.0	0.0	0.0	0.0	0.0	0.0	0.0	1.0	0.0	0.0
n331	5.305966546969837e-08	1.395461093813065e-07	5.9242880396637555e-08	2.0374046507615587e-07	2.5036744576105302e-08	4.949305997043124e-08	1.9608207176488543e-07	0.9999991947221427	5.3973192986745756e-08	2.510366760246841e-08
FM210243	0.0	0.0	0.0	0.0	0.0	0.0	0.0	1.0	0.0	0.0
n338	6.211499311063691e-08	1.6336149010898437e-07	6.935345474123561e-08	2.385115093710557e-07	2.9309593324155196e-08	5.793969976823651e-08	2.2954604837535958e-07	0.9999990572908475	6.318442610344545e-08	2.93879376424735e-08
EU482449	0.0	0.0	0.0	0.0	0.0	0.0	0.0	1.0	0.0	0.0
n342	8.171395760746311e-08	2.1490645243832015e-07	9.123635014233365e-08	3.1376821298282356e-07	3.855756471201392e-08	7.622124565739697e-08	3.0197405049673905e-07	0.9999987598407114	8.31208256442075e-08	3.8660628786972844e-08
FM210218	0.0	0.0	0.0	0.0	0.0	0.0	0.0	1.0	0.0	0.0
n44	8.852217526624739e-08	2.3281194335721257e-07	9.883795116666916e-08	3.523151487990544e-07	4.1770091551064484e-08	8.257250325698823e-08	3.271338278079939e-07	0.9999986441083557	9.004626055113501e-08	4.1881742685642474e-08
n46	0.0	0.0	0.0	0.0	0.0	0.0	0.0	1.0	0.0	0.0
FJ906957.1	0.0	0.0	0.0	0.0	0.0	0.0	0.0	1.0	0.0	0.0
FJ906957	0.0	0.0	0.0	0.0	0.0	0.0	0.0	1.0	0.0	0.0
n72	1.7349128905504424e-07	4.5627939177631133e-07	1.9370879171712278e-07	6.661778666771818e-07	8.186363505986633e-08	1.618294168695029e-07	6.411373138262232e-07	0.9999973669515532	1.7647828597803268e-07	8.208245592895485e-08
n75	8.48618541050898e-10	2.2318535637722526e-09	9.475108122780914e-10	3.2585548956431256e-09	4.004293179675724e-10	7.915754410018208e-10	3.136071066368504e-09	0.9999999871206574	8.632291937513893e-10	4.014996624654941e-10
AF100464	0.0	0.0	0.0	0.0	0.0	0.0	0.0	1.0	0.0	0.0
AF100464.1	0.0	0.0	0.0	0.0	0.0	0.0	0.0	1.0	0.0	0.0
FJ196851	0.0	0.0	0.0	1.0	0.0	0.0	0.0	0.0	0.0	0.0
FJ196851.1	0.0	0.0	0.0	1.0	0.0	0.0	0.0	0.0	0.0	0.0
n278	6.277945491258379e-11	0.9999999990403244	7.00953484293833e-11	2.41062727544405e-10	2.962312640717376e-11	5.85594967633058e-11	2.3200157315586019e-10	1.719911976911133e-10	6.386032784673406e-11	2.970230879701996e-11
EU677143	0.0	1.0	0.0	0.0	0.0	0.0	0.0	0.0	0.0	0.0
n293	1.2496514442011963e-10	3.414897327416874e-10	1.395277380450894e-10	4.79845494100591e-10	5.89660785491451e-11	1.1656514030562608e-10	0.9999999982100447	3.423557099754545e-10	1.2711666743834226e-10	5.912369442517396e-11
n295	1.3969916889964387e-07	1.9133479990416885e-06	1.559787661895264e-07	5.364217121274543e-07	6.591847834699433e-08	1.3030876168658276e-07	0.9999964674048832	3.8272118498335177e-07	1.4210436739646996e-07	6.609467793439762e-08
n301	1.0917539309665143e-12	2.877311200725097e-12	1.218979557831543e-12	4.192154595362068e-12	5.151552326725808e-13	1.0183675674754076e-12	0.9999999999844681	2.9909795558496428e-12	1.110550642030301e-12	5.165322386612165e-13
FJ898465	0.0	0.0	0.0	0.0	0.0	0.0	1.0	0.0	0.0	0.0
EU687220	0.0	0.0	0.0	0.0	0.0	0.0	1.0	0.0	0.0	0.0
EU687220.1	0.0	0.0	0.0	0.0	0.0	0.0	1.0	0.0	0.0	0.0
n309	5.1309014076797543e-08	0.9999992156668659	5.728821991667777e-08	1.9701813114162372e-07	2.42106818534955e-08	4.786008492654777e-08	1.8961253697206605e-07	1.4056666780089745e-07	5.2192400603022856e-08	2.4275396820532255e-08
n311	1.0279721081776704e-08	0.9999998428594663	1.147765032345929e-08	3.9472429408941894e-08	4.850591287547504e-09	9.588730807780981e-09	3.7988724374628294e-08	2.816242261496556e-08	1.0456706885546074e-08	4.86355688088279e-09
GQ398308	0.0	1.0	0.0	0.0	0.0	0.0	0.0	0.0	0.0	0.0
GQ398308.1	0.0	1.0	0.0	0.0	0.0	0.0	0.0	0.0	0.0	0.0
GQ398308.2	0.0	1.0	0.0	0.0	0.0	0.0	0.0	0.0	0.0	0.0
n319	4.841105830711426e-10	0.9999999925996634	5.405255596114104e-10	1.8589046010472742e-09	2.2843251852593749e-10	4.515692619808683e-10	1.7890313716372728e-09	1.3262740033867246e-09	4.924455077229403e-10	2.2904311689718468e-10
n318	0.0	1.0	0.0	0.0	0.0	0.0	0.0	0.0	0.0	0.0
GQ398285	0.0	1.0	0.0	0.0	0.0	0.0	0.0	0.0	0.0	0.0
n179	1.3191650348582104e-12	3.5370699323359247e-12	1.4728916154515817e-12	5.065375636455057e-12	6.224614825653038e-13	1.2304923751983968e-12	0.9999999999811725	3.613997200415488e-12	1.3418770794887528e-12	6.241253173374766e-13
EU920835.2	0.0	0.0	0.0	0.0	0.0	0.0	1.0	0.0	0.0	0.0
JN819419.1	0.0	0.0	0.0	0.0	0.0	0.0	1.0	0.0	0.0	0.0
JN819419	0.0	0.0	0.0	0.0	0.0	0.0	1.0	0.0	0.0	0.0
n183	0.0	0.0	0.0	0.0	0.0	0.0	1.0	0.0	0.0	0.0
n184	0.0	0.0	0.0	0.0	0.0	0.0	1.0	0.0	0.0	0.0
n192	2.9718003919233945e-12	0.9999999999545716	3.3181139311656792e-12	1.141122217757563e-11	1.402274339422296e-12	2.7720396055421337e-12	1.0982350795346287e-11	8.141572898610371e-12	3.0229658347231123e-12	1.4060226079841375e-12
EU677145	0.0	1.0	0.0	0.0	0.0	0.0	0.0	0.0	0.0	0.0
n194	9.885282490112651e-15	0.9999999999998492	1.1037246523352693e-14	3.795785042943803e-14	4.664471413187306e-15	9.220805895657478e-15	3.653120961257088e-14	2.7081814860559925e-14	1.0055477250562075e-14	4.676939509524904e-15
FJ898460.1	0.0	1.0	0.0	0.0	0.0	0.0	0.0	0.0	0.0	0.0
AY702039	0.0	1.0	0.0	0.0	0.0	0.0	0.0	0.0	0.0	0.0
AY702039.1	0.0	1.0	0.0	0.0	0.0	0.0	0.0	0.0	0.0	0.0
n201	1.3994037214625066e-07	0.9999551885257122	1.5624807767319333e-07	5.373478927162905e-07	6.603229256016342e-08	1.3053375154602634e-07	4.318943139364312e-05	3.8338198769466537e-07	1.4234972343575163e-07	6.620879637208623e-08
n216	3.6718309172101373e-13	0.99999999999438	4.099721284203119e-13	1.409922365871209e-12	1.7325908859473412e-13	3.425014935398453e-13	1.3638139641129502e-12	1.0059383249656802e-12	3.7350487750700845e-13	1.7372220881064025e-13
n221	5.448785343730541e-07	0.00028155369388245386	0.00013420723250266386	2.0922434872902667e-06	2.571064964288615e-07	5.082524659474766e-07	0.999578531784723	1.4927544677564595e-06	5.542596999318977e-07	2.577937401232777e-07
n237	3.579673305121038e-09	1.0058974774122587e-08	0.9999990481159055	1.374535366469715e-08	1.6891053762993193e-09	3.3390520452402024e-09	9.043301032272631e-07	9.80690737038322e-09	3.6413044867551137e-09	1.6936203420243778e-09
n328	2.5625139592651542e-11	6.739371859382932e-11	2.8611320228884202e-11	9.839629970363397e-11	1.2091483597802086e-11	2.3902649061951385e-11	9.469774104704788e-11	0.9999999996110915	2.6066327237005782e-11	1.2123804040786397e-11
FM210234.1	0.0	0.0	0.0	0.0	0.0	0.0	0.0	1.0	0.0	0.0
FM210217.1	0.0	0.0	0.0	0.0	0.0	0.0	0.0	1.0	0.0	0.0
FM210217	0.0	0.0	0.0	0.0	0.0	0.0	0.0	1.0	0.0	0.0
n332	0.0	0.0	0.0	0.0	0.0	0.0	0.0	1.0	0.0	0.0
n334	3.0045448339144646e-08	7.901906251632368e-08	3.354674189170841e-08	1.1536956014313685e-07	1.4177251384982638e-08	2.802583007642429e-08	1.110329985197047e-07	0.9999995440052195	3.0562740375340214e-08	1.421514706927616e-08
n339	0.0	0.0	0.0	0.0	0.0	0.0	0.0	1.0	0.0	0.0
FM210241	0.0	0.0	0.0	0.0	0.0	0.0	0.0	1.0	0.0	0.0
FM210202	0.0	0.0	0.0	0.0	0.0	0.0	0.0	1.0	0.0	0.0
FM210220	0.0	0.0	0.0	0.0	0.0	0.0	0.0	1.0	0.0	0.0
n45	1.1587971285496507e-09	3.047618424065618e-09	1.293835516526743e-09	4.456112205665334e-09	5.467902494950235e-10	1.0809045610738977e-09	4.282336492036874e-09	0.9999999824066056	1.178748121509657e-09	5.482518156411656e-10
EU482640.2	0.0	0.0	0.0	0.0	0.0	0.0	0.0	1.0	0.0	0.0
EU179859	0.0	0.0	0.0	0.0	0.0	0.0	0.0	1.0	0.0	0.0
EU179859.1	0.0	0.0	0.0	0.0	0.0	0.0	0.0	1.0	0.0	0.0
n73	3.8460016809256357e-07	1.0114924601122585e-06	4.2941887319642713e-07	1.476801059574776e-06	1.814775138059157e-07	3.5874781534729766e-07	1.4212904867502972e-06	0.999994162987198	3.9122182342136107e-07	1.8196260180942297e-07
n74	3.303109944164252e-11	8.687127777437299e-11	3.68803206015643e-11	1.2683396082811148e-10	1.5586061323567994e-11	3.0810789350348295e-11	1.2206647655965314e-10	0.9999999994986926	3.359979538558488e-11	1.562772274602983e-11
n76	4.303505663885451e-10	1.1318152960408694e-09	4.80500713805035e-10	1.6524750251233516e-09	2.03065306082665e-10	4.014229278449087e-10	1.5903611509302093e-09	0.9999999934686409	4.377599056389945e-10	2.0360809808947298e-10
n78	1.7722618615605452e-10	4.661021130603264e-10	1.9787892849208741e-10	6.805192540546808e-10	8.362598436817233e-11	1.6531325875685868e-10	6.549396315552675e-10	0.9999999973102678	1.8027748674643864e-10	8.384951598345483e-11
n80	1.802069731179187e-08	4.7394153640764265e-08	2.0120707622730693e-08	6.919649831750813e-08	8.50324991123209e-09	1.680936808661057e-08	6.659551341561592e-08	0.9999997265028734	1.8330959387274254e-08	8.525979033073457e-09
n285	1.7783922436103162e-07	0.9999972814680086	1.9856340602758407e-07	6.828732194082581e-07	8.391525270068254e-08	1.6588508928374244e-07	6.572051151434141e-07	4.872100472503694e-07	1.8090107962100126e-07	8.413955752800081e-08
n280	5.8291602298270326e-08	0.9999991089278182	6.50845117928109e-08	2.2383011548158766e-07	2.750548735669636e-08	5.437331211089008e-08	2.1541670201278502e-07	1.5969623356197642e-07	5.929520794123401e-08	2.7579009313590832e-08
n283	2.11945284004261e-07	0.9999967601071302	2.3664395542984236e-07	8.138348496874187e-07	1.0000854496435076e-07	1.976985813261283e-07	7.832441087089315e-07	5.8064733584632e-07	2.1559434278184973e-07	1.0027586703854615e-07
n294	1.293264895314389e-13	3.40545525172755e-13	1.4439732484899508e-13	4.96592338267381e-13	6.102402374344182e-14	1.206333211346181e-13	0.9999999999981605	3.543040929340916e-13	1.3155310176306535e-13	6.118714049120233e-14
JX669483.2	0.0	0.0	0.0	0.0	0.0	0.0	1.0	0.0	0.0	0.0
n296	9.467444194130663e-07	2.541624188146997e-06	1.0570716175337664e-06	3.635342045402366e-06	4.4673101495722013e-07	8.831054178711026e-07	0.999986484701564	2.5937101051451433e-06	9.630445038901667e-07	4.479251235363256e-07
JX669484	0.0	0.0	0.0	0.0	0.0	0.0	1.0	0.0	0.0	0.0
FJ898465.2	0.0	0.0	0.0	0.0	0.0	0.0	1.0	0.0	0.0	0.0
FJ898465.1	0.0	0.0	0.0	0.0	0.0	0.0	1.0	0.0	0.0	0.0
n310	9.268852107529195e-11	0.9999999985831205	1.0348981508717327e-10	3.5590859674680405e-10	4.373602447059472e-11	8.645811209195749e-11	3.425305659345451e-10	2.5393036263463996e-10	9.428433795322124e-11	4.385293052879914e-11
GQ398302	0.0	1.0	0.0	0.0	0.0	0.0	0.0	0.0	0.0	0.0
n312	4.351313130418918e-11	0.9999999993348383	4.8583857637306084e-11	1.6708323018719198e-10	2.0532115017417492e-11	4.058823185574064e-11	1.6080284072178668e-10	1.192089924756269e-10	4.4262296233580727e-11	2.0586997203495005e-11
GQ398296	0.0	1.0	0.0	0.0	0.0	0.0	0.0	0.0	0.0	0.0
EU482588	0.0	1.0	0.0	0.0	0.0	0.0	0.0	0.0	0.0	0.0
EU482588.1	0.0	1.0	0.0	0.0	0.0	0.0	0.0	0.0	0.0	0.0
GQ398291.1	0.0	1.0	0.0	0.0	0.0	0.0	0.0	0.0	0.0	0.0
GQ398291	0.0	1.0	0.0	0.0	0.0	0.0	0.0	0.0	0.0	0.0
EU920835.1	0.0	0.0	0.0	0.0	0.0	0.0	1.0	0.0	0.0	0.0
EU920835	0.0	0.0	0.0	0.0	0.0	0.0	1.0	0.0	0.0	0.0
EU920840.1	0.0	0.0	0.0	0.0	0.0	0.0	1.0	0.0	0.0	0.0
EU920840	0.0	0.0	0.0	0.0	0.0	0.0	1.0	0.0	0.0	0.0
FJ850088.1	0.0	0.0	0.0	0.0	0.0	0.0	1.0	0.0	0.0	0.0
FJ850088.2	0.0	0.0	0.0	0.0	0.0	0.0	1.0	0.0	0.0	0.0
FJ850088	0.0	0.0	0.0	0.0	0.0	0.0	1.0	0.0	0.0	0.0
EU677145.1	0.0	1.0	0.0	0.0	0.0	0.0	0.0	0.0	0.0	0.0
EU677145.2	0.0	1.0	0.0	0.0	0.0	0.0	0.0	0.0	0.0	0.0
FJ898460	0.0	1.0	0.0	0.0	0.0	0.0	0.0	0.0	0.0	0.0
FJ898460.2	0.0	1.0	0.0	0.0	0.0	0.0	0.0	0.0	0.0	0.0
n202	2.023377719674563e-05	0.9837302729943647	2.2591684885194596e-05	7.769435918749267e-05	9.547514237394915e-06	1.8873687449375637e-05	0.016035198155815274	5.5432650358769816e-05	2.058214183543264e-05	9.57303466977657e-06
FJ898451	0.0	1.0	0.0	0.0	0.0	0.0	0.0	0.0	0.0	0.0
n217	3.9912492972233455e-17	0.9999999999999994	4.456362524124599e-17	1.5325737428559507e-16	1.8833117079277385e-17	3.7229624027119117e-17	1.4752460192228826e-16	1.0934464911635595e-16	4.0599665765438197e-17	1.8883457856887858e-17
EU920849.2	0.0	1.0	0.0	0.0	0.0	0.0	0.0	0.0	0.0	0.0
n222	1.5476701041901521e-06	7.276173162808114e-06	3.256989535365955e-06	5.94279732397342e-06	7.30283931213919e-07	1.4436376133432086e-06	0.9999732558841541	4.240011883218285e-06	1.5743163171740383e-06	7.322359745649474e-07
n233	4.734331925933956e-08	7.365949365324345e-06	3.5065424284294203e-06	1.8179051869049352e-07	2.2339428287604862e-08	4.416095926279691e-08	0.9999886316141986	1.2970221222086906e-07	4.8158428477349994e-08	2.2399141408201816e-08
n238	1.6497798036946509e-10	4.595470084080281e-10	0.9999999617274921	6.334881688286034e-10	7.784654348608068e-11	1.5388836237770416e-10	3.6084911422262187e-08	4.519752596756793e-10	1.6781840378442518e-10	7.805462670018066e-11
n263	1.4037169586030961e-09	3.727845485357987e-09	0.9999999264795004	5.390041044675778e-09	6.623581705590443e-10	1.309360822077459e-09	5.5089527127048686e-08	3.845636462846872e-09	1.4278847324372989e-09	6.641286488724448e-10
FM210234	0.0	0.0	0.0	0.0	0.0	0.0	0.0	1.0	0.0	0.0
FM210234.2	0.0	0.0	0.0	0.0	0.0	0.0	0.0	1.0	0.0	0.0
FM210235.1	0.0	0.0	0.0	0.0	0.0	0.0	0.0	1.0	0.0	0.0
FM210235	0.0	0.0	0.0	0.0	0.0	0.0	0.0	1.0	0.0	0.0
FM210235.2	0.0	0.0	0.0	0.0	0.0	0.0	0.0	1.0	0.0	0.0
FM210208	0.0	0.0	0.0	0.0	0.0	0.0	0.0	1.0	0.0	0.0
FM210236	0.0	0.0	0.0	0.0	0.0	0.0	0.0	1.0	0.0	0.0
FM210221.1	0.0	0.0	0.0	0.0	0.0	0.0	0.0	1.0	0.0	0.0
FM210221.2	0.0	0.0	0.0	0.0	0.0	0.0	0.0	1.0	0.0	0.0
FM210221	0.0	0.0	0.0	0.0	0.0	0.0	0.0	1.0	0.0	0.0
EU482640	0.0	0.0	0.0	0.0	0.0	0.0	0.0	1.0	0.0	0.0
EU482640.1	0.0	0.0	0.0	0.0	0.0	0.0	0.0	1.0	0.0	0.0
GQ868623	0.0	0.0	0.0	0.0	0.0	0.0	0.0	1.0	0.0	0.0
GQ868638	0.0	0.0	0.0	0.0	0.0	0.0	0.0	1.0	0.0	0.0
FJ687442	0.0	0.0	0.0	0.0	0.0	0.0	0.0	1.0	0.0	0.0
FJ687442.1	0.0	0.0	0.0	0.0	0.0	0.0	0.0	1.0	0.0	0.0
FJ639704.1	0.0	0.0	0.0	0.0	0.0	0.0	0.0	1.0	0.0	0.0
FJ639704	0.0	0.0	0.0	0.0	0.0	0.0	0.0	1.0	0.0	0.0
n79	3.023076561325951e-13	7.950644336139111e-13	3.3753654788800915e-13	1.1608114190598369e-12	1.426469523181101e-13	2.819869053573257e-13	1.1171783877890233e-12	0.999999999995412	3.0751248251656285e-13	1.4302824652836906e-13
FJ810411	0.0	0.0	0.0	0.0	0.0	0.0	0.0	1.0	0.0	0.0
n81	5.080662584111961e-09	1.3362063572907406e-08	5.672728675031462e-09	1.9508904337640854e-08	2.3973624838080392e-09	4.739146661340583e-09	1.8775596050827968e-08	0.9999999228916288	5.168136275662217e-09	2.403770615353181e-09
n85	3.499576768708291e-08	9.203832470194126e-08	3.907393801038135e-08	1.3437796207223164e-07	1.6513110082813838e-08	3.264339500007918e-08	1.2932691094977222e-07	0.9999994688750526	3.5598289294756145e-08	1.6557249499503965e-08
n286	2.3954504047753876e-10	0.9999999963382048	2.6746000104945394e-10	9.198133514803049e-10	1.1303177168642983e-10	2.2344311593725902e-10	8.85239049341757e-10	6.562598937831776e-10	2.436692838486007e-10	1.1333390474583958e-10
EU482556	0.0	1.0	0.0	0.0	0.0	0.0	0.0	0.0	0.0	0.0
n281	1.8789788256016692e-07	0.9999971277067436	2.0979423229363265e-07	7.214968038961573e-07	8.866153321131207e-08	1.752676167853853e-07	6.943769013096664e-07	5.147668438686856e-07	1.9113291758756922e-07	8.889852481005833e-08
EU482721	0.0	1.0	0.0	0.0	0.0	0.0	0.0	0.0	0.0	0.0
n284	3.2426032044508613e-09	0.9999999504320795	3.6204742738003397e-09	1.2451060205883869e-08	1.530055409807336e-09	3.0246393843356516e-09	1.1983044910377808e-08	8.88346688494036e-09	3.2984310552144615e-09	1.5341452361909656e-09
EU529706	0.0	1.0	0.0	0.0	0.0	0.0	0.0	0.0	0.0	0.0
JX669483.1	0.0	0.0	0.0	0.0	0.0	0.0	1.0	0.0	0.0	0.0
JX669483	0.0	0.0	0.0	0.0	0.0	0.0	1.0	0.0	0.0	0.0
n297	0.0	0.0	0.0	0.0	0.0	0.0	1.0	0.0	0.0	0.0
JX669486	0.0	0.0	0.0	0.0	0.0	0.0	1.0	0.0	0.0	0.0
EU482561	0.0	1.0	0.0	0.0	0.0	0.0	0.0	0.0	0.0	0.0
EU482561.1	0.0	1.0	0.0	0.0	0.0	0.0	0.0	0.0	0.0	0.0
GQ398297	0.0	1.0	0.0	0.0	0.0	0.0	0.0	0.0	0.0	0.0
GQ398297.1	0.0	1.0	0.0	0.0	0.0	0.0	0.0	0.0	0.0	0.0
n203	4.645772547708359e-06	0.007440026817151305	5.18715949204603e-06	1.783899849816973e-05	2.1921551824776484e-06	4.333489401101041e-06	0.9925061242310912	1.2727603095526282e-05	4.725758744020967e-06	2.1980147964791024e-06
FJ898453	0.0	1.0	0.0	0.0	0.0	0.0	0.0	0.0	0.0	0.0
EU920849.1	0.0	1.0	0.0	0.0	0.0	0.0	0.0	0.0	0.0	0.0
EU920849	0.0	1.0	0.0	0.0	0.0	0.0	0.0	0.0	0.0	0.0
n223	8.894173443507936e-10	2.464238828449862e-09	1.05272124806776e-09	3.4152155550418354e-09	4.1968064961894394e-10	8.296317986554949e-10	0.9999999871669051	2.436656299663347e-09	9.047304294358937e-10	4.2080245277882196e-10
n232	0.0	0.0	0.0	0.0	0.0	0.0	1.0	0.0	0.0	0.0
n234	6.21885630548454e-07	2.588822153966831e-06	1.1490033715812628e-06	2.387938005027718e-06	2.9344308054591254e-07	5.800832393329593e-07	0.9999897482805945	1.7037238468242613e-06	6.325926261273876e-07	2.942274516511796e-07
n236	2.088612117785408e-06	5.9243346651309945e-06	2.5377144077531823e-06	8.019925222299529e-06	9.85532940145205e-07	1.9482181666209424e-06	0.9999696609416773	5.721981819536394e-06	2.124571721308504e-06	9.881672621408048e-07
n239	4.37876867276656e-08	1.1516105980131887e-07	0.9999992641981624	1.681374776211255e-07	2.066166679557074e-08	4.084433199956639e-08	1.6198997332802205e-07	1.199611671509574e-07	4.4541578673667485e-08	2.0716895272558334e-08
n245	3.2613260421076205e-12	8.578173636391932e-12	0.9999999999439135	1.2522952807041271e-11	1.5388899718050386e-12	3.0421036957523014e-12	1.3347597304091161e-11	8.934760150822434e-12	3.3174762436864983e-12	1.5430034129051777e-12
n264	7.680690882801885e-10	2.020027209061423e-09	0.9999999870723593	2.949258314223652e-09	3.6242123674454045e-10	7.164404238897496e-10	2.8625320962017333e-09	2.1042094517509415e-09	7.812929222595619e-10	3.633899859326579e-10
n268	3.306404833115359e-14	8.695796240459592e-14	0.9999999999994446	1.2696047911639757e-13	1.560160859329695e-14	3.084152345581886e-14	1.2222911480704522e-13	9.058258439660458e-14	3.363331155563275e-14	1.5643311573491608e-14
FJ810411.1	0.0	0.0	0.0	0.0	0.0	0.0	0.0	1.0	0.0	0.0
FJ810411.2	0.0	0.0	0.0	0.0	0.0	0.0	0.0	1.0	0.0	0.0
n82	2.9990308162658363e-09	7.887404400632287e-09	3.348517605151659e-09	1.151578250504774e-08	1.415123293009745e-09	2.7974396340763887e-09	1.1082922791660703e-08	0.999999954484208	3.050665084873266e-09	1.4189059067260475e-09
GU131932	0.0	0.0	0.0	0.0	0.0	0.0	0.0	1.0	0.0	0.0
n86	9.762477720132606e-13	2.567516456090433e-12	1.0900130915116017e-12	3.748630041601286e-12	4.606524729362348e-13	9.106255912065259e-13	3.607725077071929e-12	0.9999999999851837	9.930558152698155e-13	4.618837934658201e-13
EU687249	0.0	0.0	0.0	0.0	0.0	0.0	0.0	1.0	0.0	0.0
EU482552	0.0	1.0	0.0	0.0	0.0	0.0	0.0	0.0	0.0	0.0
EU482552.1	0.0	1.0	0.0	0.0	0.0	0.0	0.0	0.0	0.0	0.0
n282	3.473776451068348e-11	0.9999999994689824	3.878586888695893e-11	1.3338727253049274e-10	1.639136865134434e-11	3.240273448153337e-11	1.2837345983198798e-10	9.516791331851336e-11	3.533584408153618e-11	1.6435182654121214e-11
EU596489	0.0	1.0	0.0	0.0	0.0	0.0	0.0	0.0	0.0	0.0
EU596490	0.0	1.0	0.0	0.0	0.0	0.0	0.0	0.0	0.0	0.0
EU596490.1	0.0	1.0	0.0	0.0	0.0	0.0	0.0	0.0	0.0	0.0
KC294222.1	0.0	0.0	0.0	0.0	0.0	0.0	1.0	0.0	0.0	0.0
KC294222	0.0	0.0	0.0	0.0	0.0	0.0	1.0	0.0	0.0	0.0
n204	9.137222985867386e-08	0.0038668301324542133	1.0202013218546914e-07	3.5085425609726297e-07	4.311491902849072e-08	8.52303003604532e-08	0.9961321107759207	2.503242385742818e-07	9.294538417045815e-08	4.3230164876608694e-08
EU920842	0.0	0.0	0.0	0.0	0.0	0.0	1.0	0.0	0.0	0.0
n227	7.99211637668599e-08	2.101936049762499e-07	8.923567943479812e-08	3.0688405550811113e-07	3.771161664545723e-08	7.454896092108242e-08	0.9999988634425461	2.189527879187521e-07	8.129716524539577e-08	3.781241950771784e-08
n225	5.017897759949721e-10	1.31970047434416e-09	5.60265523378518e-10	1.926789778975887e-09	2.367746261069709e-10	4.680600811866486e-10	0.9999999928640749	1.374708090133983e-09	5.104290830463239e-10	2.374075228678459e-10
n226	3.034020261521274e-07	7.979466284778825e-07	3.387603650635609e-07	1.1650136190027743e-06	1.4316334197886724e-07	2.830077131630943e-07	0.9999956853314902	8.312031050998358e-07	3.0862569428831665e-07	1.4354601649473165e-07
GU131947.1	0.0	0.0	0.0	0.0	0.0	0.0	1.0	0.0	0.0	0.0
GU131947	0.0	0.0	0.0	0.0	0.0	0.0	1.0	0.0	0.0	0.0
n235	0.0	0.0	0.0	0.0	0.0	0.0	1.0	0.0	0.0	0.0
GQ868553	0.0	0.0	0.0	0.0	0.0	0.0	1.0	0.0	0.0	0.0
KJ189305	0.0	0.0	0.0	0.0	0.0	0.0	1.0	0.0	0.0	0.0
EU482607	0.0	0.0	0.0	0.0	0.0	0.0	1.0	0.0	0.0	0.0
n240	6.242943354988496e-09	1.6418843971480427e-08	0.9999998951190453	2.3971870338063223e-08	2.9457965255537826e-09	5.823300340836042e-09	2.307087407239585e-08	1.710322758038192e-08	6.350428017148054e-09	2.9536706170891536e-09
n243	3.109851165919182e-08	8.178860228272242e-08	0.9999994775473613	1.1941314325801182e-07	1.4674150058135502e-08	2.9008107754134703e-08	1.1492503417920661e-07	8.519778125061953e-08	3.16339342682537e-08	1.4713373948773984e-08
n249	4.805936406869597e-10	1.2639538003542438e-09	0.9999999919260695	1.8454001237476834e-09	2.2677301337479425e-10	4.482887241608114e-10	1.776035026145914e-09	1.3166389542498929e-09	4.888680141944489e-10	2.2737917590149138e-10
n247	7.800138224074723e-08	2.0514242210654218e-07	0.9999986895837547	2.99512411845093e-07	3.6805748142753915e-08	7.275822476032429e-08	2.8825425959304207e-07	2.1369333600982503e-07	7.934433086952602e-08	3.6904129625449633e-08
GQ199898	0.0	0.0	1.0	0.0	0.0	0.0	0.0	0.0	0.0	0.0
n265	2.5731014646131363e-09	6.767231215112335e-09	0.9999999567522236	9.88028421355112e-09	1.2141441822146238e-09	2.4001407323220884e-09	9.528788970192205e-09	7.049293487746793e-09	2.6174025139579487e-09	1.2173895803081327e-09
FJ898438	0.0	0.0	1.0	0.0	0.0	0.0	0.0	0.0	0.0	0.0
FJ898461.1	0.0	0.0	1.0	0.0	0.0	0.0	0.0	0.0	0.0	0.0
FJ898461	0.0	0.0	1.0	0.0	0.0	0.0	0.0	0.0	0.0	0.0
n83	0.0	0.0	0.0	0.0	0.0	0.0	0.0	1.0	0.0	0.0
FJ639718	0.0	0.0	0.0	0.0	0.0	0.0	0.0	1.0	0.0	0.0
n87	4.910819821773333e-08	1.2915379749647052e-07	5.483093584683638e-08	1.8856736210344497e-07	2.3172204433091784e-08	4.5807205216856796e-08	1.8147941872847522e-07	0.999999254693041	4.995369333030392e-08	2.323414355794298e-08
n96	2.1686167200266122e-09	5.703428243568433e-09	2.4213326606883654e-09	8.327129667754247e-09	1.0232839280861945e-09	2.022844957384206e-09	8.014126277863822e-09	0.9999999670872646	2.205953761587206e-09	1.0260191581832263e-09
n147	7.160320538730645e-12	1.8831531647094533e-11	7.994735916826035e-12	2.7494447053770907e-11	3.378670310694017e-12	6.679012552687553e-12	2.6460975080310696e-11	0.999999999891329	7.283599670110982e-12	3.3877014705393985e-12
EU482551.1	0.0	1.0	0.0	0.0	0.0	0.0	0.0	0.0	0.0	0.0
EU482551	0.0	1.0	0.0	0.0	0.0	0.0	0.0	0.0	0.0	0.0
n205	1.0721916778530932e-05	0.007427691749688935	1.1971376519093218e-05	4.117038777631545e-05	5.059245839261891e-06	1.0001202650820774e-05	0.9924480309695304	2.937386619319532e-05	1.0906515858982696e-05	5.072769164614723e-06
n208	4.432035254044257e-09	1.1654404840779055e-05	4.9485146982579446e-09	1.7018282627661272e-08	2.09130105946949e-09	4.134119266811904e-09	0.9999882942236274	1.2142046352803154e-08	4.508341538575826e-09	2.0968910911731178e-09
n228	1.931177457400776e-09	5.078967390563556e-09	2.1562241714460685e-09	7.4154021550764725e-09	9.112457891666194e-10	1.801366071487853e-09	0.9999999725368366	5.290672311744795e-09	1.964426510736014e-09	9.136815421770114e-10
HQ332189	0.0	0.0	0.0	0.0	0.0	0.0	1.0	0.0	0.0	0.0
FJ639732	0.0	0.0	0.0	0.0	0.0	0.0	1.0	0.0	0.0	0.0
FJ639732.1	0.0	0.0	0.0	0.0	0.0	0.0	1.0	0.0	0.0	0.0
HQ332188	0.0	0.0	0.0	0.0	0.0	0.0	1.0	0.0	0.0	0.0
JN819407	0.0	0.0	0.0	0.0	0.0	0.0	1.0	0.0	0.0	0.0
FJ898466.1	0.0	0.0	0.0	0.0	0.0	0.0	1.0	0.0	0.0	0.0
FJ898466	0.0	0.0	0.0	0.0	0.0	0.0	1.0	0.0	0.0	0.0
n241	9.197200418963488e-09	2.418849405226325e-08	0.9999998454878584	3.5315729036753355e-08	4.339792866670078e-09	8.578975859470407e-09	3.398826941136733e-08	2.5196738609236735e-08	9.35554848070846e-09	4.3513930997412645e-09
EU482687	0.0	0.0	1.0	0.0	0.0	0.0	0.0	0.0	0.0	0.0
n244	2.8287346670342706e-11	7.439528177004862e-11	0.9999999995247753	1.0861873447040906e-10	1.3347673172790539e-11	2.6385905836407764e-11	1.0453593273135856e-10	7.749628664521524e-11	2.877436949393163e-11	1.3383351400880995e-11
EU482693	0.0	0.0	1.0	0.0	0.0	0.0	0.0	0.0	0.0	0.0
n250	1.2708731404623333e-09	3.3423765926349765e-09	0.9999999786494455	4.8799427460681215e-09	5.996744594201858e-10	1.1854466028592245e-09	4.696513628544828e-09	3.4816962626696832e-09	1.2927537442709686e-09	6.012773846541381e-10
n262	3.2038393102839336e-11	8.426047554361804e-11	0.9999999994617579	1.2302213261112943e-10	1.5117642707947378e-11	2.988481151707443e-11	1.1839792882581066e-10	8.777268948143605e-11	3.2589997636627434e-11	1.5158052051039757e-11
n248	0.0	0.0	1.0	0.0	0.0	0.0	0.0	0.0	0.0	0.0
KJ189308	0.0	0.0	1.0	0.0	0.0	0.0	0.0	0.0	0.0	0.0
n266	1.4921921812507245e-10	3.9244422277373804e-10	0.9999999974931305	5.729771272044488e-10	7.041061071737059e-11	1.3918888485071376e-10	5.514398701307589e-10	4.0880240326391177e-10	1.5178832316669858e-10	7.059881774017091e-11
n267	0.0	0.0	1.0	0.0	0.0	0.0	0.0	0.0	0.0	0.0
GQ868631.1	0.0	0.0	0.0	0.0	0.0	0.0	0.0	1.0	0.0	0.0
GQ868631.2	0.0	0.0	0.0	0.0	0.0	0.0	0.0	1.0	0.0	0.0
GQ868631	0.0	0.0	0.0	0.0	0.0	0.0	0.0	1.0	0.0	0.0
n88	4.799818904950226e-10	1.262344906488173e-09	5.359157370972787e-10	1.8430511041512323e-09	2.2648435280437985e-10	4.477180950683067e-10	1.7737737821498077e-09	0.9999999927153947	4.88245731508627e-10	2.270897437435846e-10
n91	1.0399414145215708e-08	2.735029745212906e-08	1.1611291607825644e-08	3.993203098370753e-08	4.907069680888967e-09	9.700378249938714e-09	3.843105026624493e-08	0.9999998421698207	1.057846070266408e-08	4.920186240536788e-09
n97	5.055919622466689e-09	1.3296989968625944e-08	5.645102335807665e-09	1.9413895455673958e-08	2.3856872648765226e-09	4.716066891304378e-09	1.8684158399682725e-08	0.9999999232671486	5.142967314817203e-09	2.392064188650943e-09
n144	3.164129327687762e-12	8.32161091777256e-12	3.532855581634675e-12	1.214973349319041e-11	1.4930267103028377e-12	2.9514404255566752e-12	1.169304458340195e-11	0.9999999999519784	3.218606094891475e-12	1.4970175592564901e-12
EU482468	0.0	0.0	0.0	0.0	0.0	0.0	0.0	1.0	0.0	0.0
EU660413	0.0	0.0	0.0	0.0	0.0	0.0	0.0	1.0	0.0	0.0
n150	2.508974388797618e-09	6.598563618601344e-09	2.8013533126092243e-09	9.634046844541453e-09	1.1838851671331667e-09	2.3403242000841443e-09	9.271918543311593e-09	0.999999961921713	2.5521713632393954e-09	1.1870496831112769e-09
n155	0.0	0.0	0.0	0.0	0.0	0.0	0.0	1.0	0.0	0.0
n206	1.7393161776301835e-09	2.1679477813987359e-07	1.9420043335771795e-09	6.678686561160278e-09	8.207140865387399e-10	1.6224014722033555e-09	0.9999997630448821	4.765047306808992e-09	1.7692619581876597e-09	8.229078490018688e-10
EU920850	0.0	1.0	0.0	0.0	0.0	0.0	0.0	0.0	0.0	0.0
n209	6.248412346835382e-08	1.9580823656362722e-07	6.976560105399947e-08	2.3992870362567493e-07	2.948377125162774e-08	5.828401713742231e-08	0.9999990799409492	1.7118210482976706e-07	6.355991168545588e-08	2.9562581146211218e-08
n215	1.45844612169577e-08	4.0351118821353184e-08	1.6284035789749476e-08	5.600191982585532e-08	6.881826846251604e-09	1.3604111577875493e-08	0.9999997906010123	3.995573003742899e-08	1.483556166710536e-08	6.900221916667332e-09
JX567950	0.0	0.0	0.0	0.0	0.0	0.0	1.0	0.0	0.0	0.0
n229	2.6230491214079447e-09	6.89857839111974e-09	2.928721543851464e-09	1.0072074957802944e-08	1.2377124937432119e-09	2.4467309687375365e-09	0.9999999626977709	7.18613056806177e-09	2.6682101188110655e-09	1.2410208897528022e-09
n231	0.0	0.0	0.0	0.0	0.0	0.0	1.0	0.0	0.0	0.0
GQ868641	0.0	0.0	0.0	0.0	0.0	0.0	1.0	0.0	0.0	0.0
n242	0.0	0.0	1.0	0.0	0.0	0.0	0.0	0.0	0.0	0.0
JF357906	0.0	0.0	1.0	0.0	0.0	0.0	0.0	0.0	0.0	0.0
EU482634	0.0	0.0	1.0	0.0	0.0	0.0	0.0	0.0	0.0	0.0
EU482634.1	0.0	0.0	1.0	0.0	0.0	0.0	0.0	0.0	0.0	0.0
n251	4.164123383702003e-11	1.0951579731442058e-10	0.999999999300431	1.598954533938511e-10	1.964884109653951e-11	3.884216104606943e-11	1.538852408794858e-10	1.1408072419452001e-10	4.235817033577954e-11	1.9701362298196183e-11
n254	3.309398315302335e-09	8.70366609572277e-09	0.9999999444024058	1.270754238832569e-08	1.5615733644453558e-09	3.0869446095587452e-09	1.2229886340766648e-08	9.066459412213055e-09	3.36637617648819e-09	1.5657474380801693e-09
FJ744704.1	0.0	0.0	1.0	0.0	0.0	0.0	0.0	0.0	0.0	0.0
FJ744704	0.0	0.0	1.0	0.0	0.0	0.0	0.0	0.0	0.0	0.0
GU369819.1	0.0	0.0	1.0	0.0	0.0	0.0	0.0	0.0	0.0	0.0
GU369819	0.0	0.0	1.0	0.0	0.0	0.0	0.0	0.0	0.0	0.0
FJ898439	0.0	0.0	1.0	0.0	0.0	0.0	0.0	0.0	0.0	0.0
FJ898439.1	0.0	0.0	1.0	0.0	0.0	0.0	0.0	0.0	0.0	0.0
GQ868515	0.0	0.0	1.0	0.0	0.0	0.0	0.0	0.0	0.0	0.0
GQ868515.1	0.0	0.0	1.0	0.0	0.0	0.0	0.0	0.0	0.0	0.0
n89	2.261711538160032e-12	5.948266167286691e-12	2.525276119947744e-12	8.684598378031217e-12	1.0672116679695553e-12	2.1096820557431444e-12	8.358158315174149e-12	0.9999999999656745	2.300651391808915e-12	1.0700643165786207e-12
n90	2.261711538160032e-12	5.948266167286691e-12	2.525276119947744e-12	8.684598378031217e-12	1.0672116679695553e-12	2.1096820557431444e-12	8.358158315174149e-12	0.9999999999656745	2.300651391808915e-12	1.0700643165786207e-12
n92	1.8346501023848588e-09	4.825101233600705e-09	2.0484478298153116e-09	7.044753070671634e-09	8.656983717293664e-10	1.7113271671759902e-09	6.779952151262405e-09	0.9999999721558204	1.8662372456957573e-09	8.680123768420374e-10
n93	5.1618845360621214e-08	1.357567604323117e-07	5.763415684499587e-08	1.9820783204713685e-07	2.4356878906311362e-08	4.8149089730547866e-08	1.907575189369872e-07	0.9999992165893669	5.250756624741569e-08	2.4421984656949794e-08
n98	2.782763542796465e-08	7.318624835172877e-08	3.10704800480523e-08	1.0685351930368308e-07	1.3130753732143494e-08	2.5957095821290904e-08	1.0283706764528176e-07	0.9999995776646041	2.830674340998473e-08	1.3165852136231634e-08
n103	1.824299973656447e-11	4.7978805560281974e-11	2.0368915670137753e-11	7.005010287540099e-11	8.60814557875309e-12	1.7016727614374377e-11	6.741703235326433e-11	0.999999999723129	1.8557089189561793e-11	8.631155085909787e-12
n145	6.057621556314899e-16	1.5931450474434866e-15	6.763535845197743e-16	2.326026527038786e-15	2.858350543810918e-16	5.650435646730182e-16	2.2385949369246694e-15	0.9999999999999908	6.161915535844716e-16	2.8659908929073026e-16
EU482649	0.0	0.0	0.0	0.0	0.0	0.0	0.0	1.0	0.0	0.0
n151	1.2604291898356422e-09	3.3149091648792883e-09	1.4073110917435721e-09	4.839839702358758e-09	5.947463747460586e-10	1.175704681815605e-09	4.657917924530467e-09	0.9999999808706758	1.282129980302895e-09	5.963361272474472e-10
n154	4.1552274944305306e-08	1.0928183681022414e-07	4.639449632543395e-08	1.5955386595338986e-07	1.960686493526828e-08	3.875918186128279e-08	1.5355649316034656e-07	0.9999993693680324	4.226767983914245e-08	1.965927393496759e-08
FM210211	0.0	0.0	0.0	0.0	0.0	0.0	0.0	1.0	0.0	0.0
FM210211.1	0.0	0.0	0.0	0.0	0.0	0.0	0.0	1.0	0.0	0.0
n207	6.0651145865944465e-12	3.9038365146141606e-11	6.771902062600685e-12	2.3289037267839503e-11	2.8618862066078142e-12	5.657425004681977e-12	0.9999999998906612	1.6616046178399133e-11	6.169537573514264e-12	2.8695360065037557e-12
EU920846.1	0.0	0.0	0.0	0.0	0.0	0.0	1.0	0.0	0.0	0.0
n210	1.0844659155713777e-09	2.8526947282333165e-09	1.2108422463624944e-09	4.164169821171475e-09	5.11716308240883e-10	1.0115694435583282e-09	0.9999999845773069	2.9710132388697127e-09	1.103137148983356e-09	5.130841220108698e-10
n212	9.734754520630153e-08	2.601663525634989e-07	1.0869177041250631e-07	3.737984791339677e-07	4.593443254787329e-08	9.08039623211434e-08	0.9999986114823964	2.666942698950631e-07	9.902357643285448e-08	4.605721493401903e-08
HM181971.1	0.0	0.0	0.0	0.0	0.0	0.0	1.0	0.0	0.0	0.0
HM181971	0.0	0.0	0.0	0.0	0.0	0.0	1.0	0.0	0.0	0.0
FJ850106	0.0	0.0	0.0	0.0	0.0	0.0	1.0	0.0	0.0	0.0
FJ850106.1	0.0	0.0	0.0	0.0	0.0	0.0	1.0	0.0	0.0	0.0
EU482605.1	0.0	0.0	0.0	0.0	0.0	0.0	1.0	0.0	0.0	0.0
EU482605	0.0	0.0	0.0	0.0	0.0	0.0	1.0	0.0	0.0	0.0
HQ705625	0.0	0.0	1.0	0.0	0.0	0.0	0.0	0.0	0.0	0.0
HQ705625.1	0.0	0.0	1.0	0.0	0.0	0.0	0.0	0.0	0.0	0.0
n252	1.7465970865720157e-13	4.59352317156668e-13	0.9999999999970657	6.706644047745093e-13	8.241496577179314e-14	1.629192967354227e-13	6.454552101841932e-13	4.784994154881014e-13	1.776668222429601e-13	8.26352603436491e-14
FJ850066.1	0.0	0.0	1.0	0.0	0.0	0.0	0.0	0.0	0.0	0.0
n255	1.4134288682348225e-12	3.7172959393518486e-12	0.9999999999762544	5.427333171992725e-12	6.669408342198915e-13	1.3184199090261507e-12	5.2233284610445176e-12	3.87224330375914e-12	1.437763851871571e-12	6.687235619581346e-13
n256	2.3478907228959676e-10	6.174916082733532e-10	0.9999999960555648	9.015512199422704e-10	1.1078761956666264e-10	2.1900683811203774e-10	8.676633619094929e-10	6.432303976532102e-10	2.3883143222766015e-10	1.1108375402465615e-10
FJ410221.1	0.0	0.0	0.0	0.0	0.0	0.0	0.0	1.0	0.0	0.0
FJ410221.2	0.0	0.0	0.0	0.0	0.0	0.0	0.0	1.0	0.0	0.0
FJ410221.3	0.0	0.0	0.0	0.0	0.0	0.0	0.0	1.0	0.0	0.0
FJ410221	0.0	0.0	0.0	0.0	0.0	0.0	0.0	1.0	0.0	0.0
EU482661	0.0	0.0	0.0	0.0	0.0	0.0	0.0	1.0	0.0	0.0
EU482661.1	0.0	0.0	0.0	0.0	0.0	0.0	0.0	1.0	0.0	0.0
n94	0.0	0.0	0.0	0.0	0.0	0.0	0.0	1.0	0.0	0.0
EU482451	0.0	0.0	0.0	0.0	0.0	0.0	0.0	1.0	0.0	0.0
n99	1.941907810464263e-11	5.107187337590987e-11	2.168204626525821e-11	7.456604936792251e-11	9.163090157530222e-12	1.811375143346877e-11	7.176323169195001e-11	0.9999999997052798	1.975341608127345e-11	9.187583027292739e-12
n100	3.550884047232349e-08	9.338769814692306e-08	3.964680083152484e-08	1.363480767412921e-07	1.6755208711966093e-08	3.312197966043456e-08	1.312229721821152e-07	0.9999994610882325	3.612019564644912e-08	1.6799995256436432e-08
n104	1.27045048136779e-08	3.34126500574027e-08	1.4185001968837241e-08	4.878319805023251e-08	5.994750234135774e-09	1.1850523543918973e-08	4.694951622124082e-08	0.9999998071858429	1.2923238082611303e-08	6.0107741555661265e-09
n114	8.745690110139775e-11	2.300102896147374e-10	9.764853746807228e-11	3.358200409901668e-10	4.1267431202036435e-11	8.157815521188117e-11	3.2319710662779e-10	0.999999998672681	8.896264525665978e-11	4.137773872935399e-11
EU482676	0.0	0.0	0.0	0.0	0.0	0.0	0.0	1.0	0.0	0.0
n146	9.070546107975006e-17	2.3855395183054535e-16	1.0127566267795862e-16	3.4829397422299963e-16	4.280029737639258e-17	8.460835096306467e-17	3.352021648048802e-16	0.9999999999999986	9.226713564346268e-17	4.2914702243245874e-17
EU482649.2	0.0	0.0	0.0	0.0	0.0	0.0	0.0	1.0	0.0	0.0
n152	2.0007093346729865e-08	5.261834431676285e-08	2.233858483083329e-08	7.682393068104648e-08	9.440551149664507e-09	1.8662241010412833e-08	7.393624288377463e-08	0.999999696355671	2.03515551729692e-08	9.465785670532456e-09
EU482541	0.0	0.0	0.0	0.0	0.0	0.0	0.0	1.0	0.0	0.0
FJ410228	0.0	0.0	0.0	0.0	0.0	0.0	0.0	1.0	0.0	0.0
FJ432726	0.0	0.0	0.0	0.0	0.0	0.0	0.0	1.0	0.0	0.0
EU920846	0.0	0.0	0.0	0.0	0.0	0.0	1.0	0.0	0.0	0.0
EU920846.2	0.0	0.0	0.0	0.0	0.0	0.0	1.0	0.0	0.0	0.0
n211	5.3113831308620215e-12	1.396891539607469e-11	5.93033583547563e-12	2.0394833092160158e-11	2.5062303280833065e-12	4.95435845522206e-12	0.9999999999244669	1.4551116242492647e-11	5.402829134607117e-12	2.512929462541802e-12
JX286525.2	0.0	0.0	0.0	0.0	0.0	0.0	1.0	0.0	0.0	0.0
n213	1.0362127596442128e-09	2.725310617859872e-09	1.1569659936578217e-09	3.978885680099773e-09	4.889475642375172e-10	9.665598057354025e-10	0.9999999852639913	2.8388184294078427e-09	1.05405321919392e-09	4.902545173292891e-10
KC294211	0.0	0.0	0.0	0.0	0.0	0.0	1.0	0.0	0.0	0.0
n253	1.1966518796151399e-14	3.1471758309750964e-14	0.9999999999997989	4.594945375407247e-14	5.646524001296466e-15	1.1162144043573144e-14	4.422228780824461e-14	3.2783589835386625e-14	1.217254617088364e-14	5.661617116675345e-15
FJ850066	0.0	0.0	1.0	0.0	0.0	0.0	0.0	0.0	0.0	0.0
FJ906956	0.0	0.0	1.0	0.0	0.0	0.0	0.0	0.0	0.0	0.0
FJ906956.1	0.0	0.0	1.0	0.0	0.0	0.0	0.0	0.0	0.0	0.0
n257	1.0678522997815668e-10	2.8084349393280305e-10	0.9999999982060177	4.1003762832657506e-10	5.038770041037721e-11	9.960725746953391e-11	3.9462497441464674e-10	2.9254984174739495e-10	1.0862374968195342e-10	5.0522386347388306e-11
n259	7.302531942665668e-12	1.920554542752438e-11	0.999999999877318	2.804051533308666e-11	3.445774212777505e-12	6.811664680044088e-12	2.6986517532678027e-11	2.0006086652799624e-11	7.42825952565577e-12	3.454984740838853e-12
FJ410224.1	0.0	0.0	0.0	0.0	0.0	0.0	0.0	1.0	0.0	0.0
FJ410224	0.0	0.0	0.0	0.0	0.0	0.0	0.0	1.0	0.0	0.0
EU482705.1	0.0	0.0	0.0	0.0	0.0	0.0	0.0	1.0	0.0	0.0
EU482705	0.0	0.0	0.0	0.0	0.0	0.0	0.0	1.0	0.0	0.0
n101	4.568229951038821e-13	1.2014373718169214e-12	5.100580605063938e-13	1.754124774706712e-12	2.1555659169881546e-13	4.261159122907149e-13	1.68819005017611e-12	0.999999999993067	4.646881097626953e-13	2.1613277281633867e-13
EU482464	0.0	0.0	0.0	0.0	0.0	0.0	0.0	1.0	0.0	0.0
n105	2.994816396792977e-09	7.876320542968655e-09	3.343812065707441e-09	1.1499599831041437e-08	1.4131346761771966e-09	2.793508502724201e-09	1.1067348398301344e-08	0.9999999545481697	3.046378105803517e-09	1.4169119743359467e-09
n112	1.0026675849141493e-10	2.637000153092858e-10	1.119511690906986e-10	3.8500777551561317e-10	4.7311893124344165e-11	9.35269496608556e-11	3.705359534498162e-10	0.999999998478268	1.0199304976933794e-10	4.743835745205356e-11
n115	1.6853477824656641e-09	4.432438454422752e-09	1.8817468262684726e-09	6.471456846316965e-09	7.952485485824617e-10	1.5720607665320804e-09	6.2282052084482e-09	0.999999974421757	1.7143643899725926e-09	7.973742418578088e-10
n122	1.0902305629283311e-10	2.867289423338325e-10	1.2172786667745676e-10	4.186305113953706e-10	5.1443641591919273e-11	1.0169465983729275e-10	4.028948648513134e-10	0.999999998345375	1.1090010461874406e-10	5.158115005161558e-11
EU482649.3	0.0	0.0	0.0	0.0	0.0	0.0	0.0	1.0	0.0	0.0
EU482649.1	0.0	0.0	0.0	0.0	0.0	0.0	0.0	1.0	0.0	0.0
n153	0.0	0.0	0.0	0.0	0.0	0.0	0.0	1.0	0.0	0.0
FJ410259	0.0	0.0	0.0	0.0	0.0	0.0	0.0	1.0	0.0	0.0
JX286525	0.0	0.0	0.0	0.0	0.0	0.0	1.0	0.0	0.0	0.0
JX286525.1	0.0	0.0	0.0	0.0	0.0	0.0	1.0	0.0	0.0	0.0
JX286520.1	0.0	0.0	0.0	0.0	0.0	0.0	1.0	0.0	0.0	0.0
JX286520	0.0	0.0	0.0	0.0	0.0	0.0	1.0	0.0	0.0	0.0
FJ850066.2	0.0	0.0	1.0	0.0	0.0	0.0	0.0	0.0	0.0	0.0
FJ850066.3	0.0	0.0	1.0	0.0	0.0	0.0	0.0	0.0	0.0	0.0
n258	1.2592151601804127e-09	3.311716285768737e-09	0.9999999788452985	4.8351780291980575e-09	5.94173522465181e-10	1.1745722577484486e-09	4.653431476154306e-09	3.449757947911473e-09	1.2808950487172903e-09	5.957617437368135e-10
FJ906961	0.0	0.0	1.0	0.0	0.0	0.0	0.0	0.0	0.0	0.0
n260	1.680999294308715e-14	4.4210019982052314e-14	0.9999999999997174	6.454759370729317e-14	7.93196670073278e-15	1.568004578428716e-14	6.212135364069634e-14	4.6052818131130304e-14	1.70994103396023e-14	7.953168786930961e-15
EU482762.2	0.0	0.0	1.0	0.0	0.0	0.0	0.0	0.0	0.0	0.0
n102	1.3295367651368824e-16	3.4966610130402626e-16	1.4844719969568368e-16	5.105201365968203e-16	6.273554893312757e-17	1.2401669304574247e-16	4.913305070680631e-16	0.999999999999998	1.3524273796921568e-16	6.29032405746025e-17
EU482659.1	0.0	0.0	0.0	0.0	0.0	0.0	0.0	1.0	0.0	0.0
n106	6.757706411353974e-09	1.777266275424952e-08	7.545203859238782e-09	2.594847536879094e-08	3.188692726383986e-09	6.303461654359353e-09	2.4973113980535995e-08	0.9999998974394135	6.874053741338552e-09	3.1972160776025507e-09
n111	1.8658158358897496e-11	4.9070666279748394e-11	2.083245407336883e-11	7.164424334703352e-11	8.804042411013322e-12	1.7403979782056012e-11	6.895125165259724e-11	0.9999999997168282	1.89793955916722e-11	8.827575548901245e-12
EU482670	0.0	0.0	0.0	0.0	0.0	0.0	0.0	1.0	0.0	0.0
EU482670.1	0.0	0.0	0.0	0.0	0.0	0.0	0.0	1.0	0.0	0.0
n116	1.0329966476651312e-08	2.7167651163975715e-08	1.1533750977178118e-08	3.966536341819515e-08	4.874300089827191e-09	9.635598768686786e-09	3.817440630494066e-08	0.9999998432238164	1.050781735463105e-08	4.887329056609259e-09
FM210246	0.0	0.0	0.0	0.0	0.0	0.0	0.0	1.0	0.0	0.0
n123	3.5173835109720423e-14	9.250663925386349e-14	3.927275620737079e-14	1.3506171153529363e-13	1.6597133013199835e-14	3.280949294843046e-14	1.299849593719818e-13	0.9999999999994662	3.577942250153995e-14	1.6641497022538902e-14
n141	1.1488886683121982e-08	3.0215593281449504e-08	1.2827723914463551e-08	4.411542540690071e-08	5.421148414966551e-09	1.0716617776804128e-08	4.245719763217435e-08	0.9999998256350772	1.1686690672924017e-08	5.435639103130515e-09
EU482469	0.0	0.0	0.0	0.0	0.0	0.0	0.0	1.0	0.0	0.0
EU482469.1	0.0	0.0	0.0	0.0	0.0	0.0	0.0	1.0	0.0	0.0
EU482639	0.0	0.0	1.0	0.0	0.0	0.0	0.0	0.0	0.0	0.0
FJ744741	0.0	0.0	1.0	0.0	0.0	0.0	0.0	0.0	0.0	0.0
n261	1.3211736733945754e-15	3.4746662118353527e-15	0.9999999999999779	5.07308847634672e-15	6.234092791549989e-16	1.2323659955098884e-15	4.882399252848797e-15	3.6195000858402376e-15	1.3439203007246874e-15	6.250756473801918e-16
EU482762.3	0.0	0.0	1.0	0.0	0.0	0.0	0.0	0.0	0.0	0.0
EU482659.2	0.0	0.0	0.0	0.0	0.0	0.0	0.0	1.0	0.0	0.0
EU482659	0.0	0.0	0.0	0.0	0.0	0.0	0.0	1.0	0.0	0.0
n107	0.0	0.0	0.0	0.0	0.0	0.0	0.0	1.0	0.0	0.0
n110	8.15166058606781e-12	2.1438740552545494e-11	9.101600035459395e-12	3.1301028937411874e-11	3.846444227744642e-12	7.603715934935932e-12	3.012447368303568e-11	0.9999999998762835	8.292007604182716e-12	3.856725743685146e-12
FJ410217.1	0.0	0.0	0.0	0.0	0.0	0.0	0.0	1.0	0.0	0.0
FJ410217	0.0	0.0	0.0	0.0	0.0	0.0	0.0	1.0	0.0	0.0
n117	1.150392357169552e-10	3.0255140064518044e-10	1.2844513100437268e-10	4.417316457297609e-10	5.4282437242776124e-11	1.0730643904125215e-10	4.251276647600999e-10	0.9999999982540687	1.1701986451382725e-10	5.4427533781489835e-11
n118	1.673288592403724e-09	4.400722972125362e-09	1.8682823396725814e-09	6.4251515502235935e-09	7.895582966987778e-10	1.5608121804718229e-09	6.183640453840958e-09	0.9999999746047773	1.7020975770161258e-09	7.916687799744511e-10
n130	2.2117160101477245e-10	5.816778706231787e-10	2.4694544508871666e-10	8.492623816218736e-10	1.0436207679185082e-10	2.0630471659548666e-10	8.173399767884984e-10	0.9999999966433152	2.249795091540264e-10	1.0464103582325442e-10
n125	9.3218448063431e-10	2.45163068511279e-09	1.0408149618614848e-09	3.579434287684912e-09	4.3986075927366293e-10	8.695241803631348e-10	3.444889118984838e-09	0.9999999858523909	9.482338868637136e-10	4.4103650371198177e-10
n128	1.1770530937920137e-07	3.0956313290947013e-07	1.314218908783436e-07	4.519689278111403e-07	5.554045130513977e-08	1.0979330249383281e-07	4.3498014389945914e-07	0.9999982136060908	1.1973183992635118e-07	5.568891050580039e-08
n142	4.710888164708612e-08	1.2389562601251937e-07	5.2598632431088414e-08	1.8089031701893382e-07	2.2228806508042773e-08	4.394228025994751e-08	1.740909414016031e-07	0.9999992850363362	4.791995455623013e-08	2.2288223937470793e-08
n143	1.3391239238776016e-10	3.5218750914121765e-10	1.4951763784031913e-10	5.142014470488733e-10	6.318792880112327e-11	1.2491096521173721e-10	4.948734429905116e-10	0.999999997967634	1.362179600401201e-10	6.335682965051818e-11
EU482762.1	0.0	0.0	1.0	0.0	0.0	0.0	0.0	0.0	0.0	0.0
EU482762	0.0	0.0	1.0	0.0	0.0	0.0	0.0	0.0	0.0	0.0
EU482701.2	0.0	0.0	0.0	0.0	0.0	0.0	0.0	1.0	0.0	0.0
EU482701.3	0.0	0.0	0.0	0.0	0.0	0.0	0.0	1.0	0.0	0.0
EU482701.1	0.0	0.0	0.0	0.0	0.0	0.0	0.0	1.0	0.0	0.0
EU482701	0.0	0.0	0.0	0.0	0.0	0.0	0.0	1.0	0.0	0.0
EU482699.1	0.0	0.0	0.0	0.0	0.0	0.0	0.0	1.0	0.0	0.0
EU482699	0.0	0.0	0.0	0.0	0.0	0.0	0.0	1.0	0.0	0.0
EU482642	0.0	0.0	0.0	0.0	0.0	0.0	0.0	1.0	0.0	0.0
EU482642.1	0.0	0.0	0.0	0.0	0.0	0.0	0.0	1.0	0.0	0.0
n119	7.203415676519459e-12	1.8944871189188525e-11	8.042853070807784e-12	2.765992525796588e-11	3.399005191205964e-12	6.7192108880406095e-12	2.6620233225381743e-11	0.9999999998906748	7.3274367762411e-12	3.4080907060311026e-12
n120	2.643529500788803e-09	6.952441470302873e-09	2.951588568253126e-09	1.015071622860672e-08	1.247376369737529e-09	2.465834682073924e-09	9.769167157541696e-09	0.9999999598795923	2.689043108576718e-09	1.2507105972135855e-09
n131	9.044430665334666e-08	2.3786711975103257e-07	1.0098407507914763e-07	3.4729118440224117e-07	4.267706899545309e-08	8.436475101768464e-08	3.3423706823807223e-07	0.9999986273417963	9.200148492521463e-08	4.2791144473788596e-08
n135	9.913350138873695e-09	2.6071956675562955e-08	1.1068584986193346e-08	3.806562556025937e-08	4.677715419659779e-09	9.24698687140925e-09	3.663480001603867e-08	0.9999998495467334	1.0084028139611097e-08	4.690218917125171e-09
n126	9.313169459769234e-11	2.4493490824572715e-10	1.0398463305764766e-10	3.5761030980299505e-10	4.394514041931807e-11	8.687149603239985e-11	3.4416831433827335e-10	0.9999999985865556	9.473514158751352e-11	4.406260544285069e-11
FJ410223	0.0	0.0	0.0	0.0	0.0	0.0	0.0	1.0	0.0	0.0
n129	1.1451501324276468e-12	3.0117270369167965e-12	1.2785981918486e-12	4.397187180985094e-12	5.40350775191205e-13	1.068174541603965e-12	4.231903998358465e-12	0.9999999999826203	1.164866165091568e-12	5.417951286718871e-13
FJ461309	0.0	0.0	0.0	0.0	0.0	0.0	0.0	1.0	0.0	0.0
FJ410202	0.0	0.0	0.0	0.0	0.0	0.0	0.0	1.0	0.0	0.0
FJ205879	0.0	0.0	0.0	0.0	0.0	0.0	0.0	1.0	0.0	0.0
GU131899	0.0	0.0	0.0	0.0	0.0	0.0	0.0	1.0	0.0	0.0
GU131899.1	0.0	0.0	0.0	0.0	0.0	0.0	0.0	1.0	0.0	0.0
FJ410195.1	0.0	0.0	0.0	0.0	0.0	0.0	0.0	1.0	0.0	0.0
FJ410195	0.0	0.0	0.0	0.0	0.0	0.0	0.0	1.0	0.0	0.0
n121	0.0	0.0	0.0	0.0	0.0	0.0	0.0	1.0	0.0	0.0
FJ024452	0.0	0.0	0.0	0.0	0.0	0.0	0.0	1.0	0.0	0.0
n132	0.0	0.0	0.0	0.0	0.0	0.0	0.0	1.0	0.0	0.0
n134	5.168618934346939e-10	1.3593387405975157e-09	5.7709348640607e-10	1.9846642180730106e-09	2.438865585180176e-10	4.821190693326358e-10	1.9100638872463365e-09	0.9999999921556729	5.257606969060706e-10	2.4453846541971946e-10
n136	8.351927257211464e-11	2.1965438782757496e-10	9.325204431390419e-11	3.2070019844538264e-10	3.940942100061199e-11	7.790520925469297e-11	3.086455946074424e-10	0.9999999987324418	8.495722263601408e-11	3.951476208090148e-11
EU677148	0.0	0.0	0.0	0.0	0.0	0.0	0.0	1.0	0.0	0.0
n127	1.7436184942776725e-13	4.585689520160808e-13	1.946808013138896e-13	6.695206745785128e-13	8.227441785500473e-14	1.626414592389636e-13	6.443544709638026e-13	0.9999999999973538	1.773638347756376e-13	8.249433674335632e-14
EU482654.1	0.0	0.0	0.0	0.0	0.0	0.0	0.0	1.0	0.0	0.0
JF730049.1	0.0	0.0	0.0	0.0	0.0	0.0	0.0	1.0	0.0	0.0
JF730049	0.0	0.0	0.0	0.0	0.0	0.0	0.0	1.0	0.0	0.0
FM210206.1	0.0	0.0	0.0	0.0	0.0	0.0	0.0	1.0	0.0	0.0
FM210206	0.0	0.0	0.0	0.0	0.0	0.0	0.0	1.0	0.0	0.0
FJ024454.1	0.0	0.0	0.0	0.0	0.0	0.0	0.0	1.0	0.0	0.0
FJ024454	0.0	0.0	0.0	0.0	0.0	0.0	0.0	1.0	0.0	0.0
FJ024454.2	0.0	0.0	0.0	0.0	0.0	0.0	0.0	1.0	0.0	0.0
FJ859028.1	0.0	0.0	0.0	0.0	0.0	0.0	0.0	1.0	0.0	0.0
FJ859028	0.0	0.0	0.0	0.0	0.0	0.0	0.0	1.0	0.0	0.0
n140	3.499640826954696e-11	9.204000942385825e-11	3.9074653241997774e-11	1.3438042180298616e-10	1.6513412348186054e-11	3.264399252337373e-11	1.293292782232101e-10	0.9999999994688652	3.5598940906118866e-11	1.6557552572829202e-11
n138	0.0	0.0	0.0	0.0	0.0	0.0	0.0	1.0	0.0	0.0
n139	1.7215039013040272e-08	4.5275284846047594e-08	1.9221163349135893e-08	6.610290364969392e-08	8.123091821963247e-09	1.605786515298727e-08	6.361820198783854e-08	0.9999997387302153	1.7511430081670065e-08	8.14480478414564e-09
EU482654.2	0.0	0.0	0.0	0.0	0.0	0.0	0.0	1.0	0.0	0.0
EU482654	0.0	0.0	0.0	0.0	0.0	0.0	0.0	1.0	0.0	0.0
FJ547064	0.0	0.0	0.0	0.0	0.0	0.0	0.0	1.0	0.0	0.0
FJ547064.1	0.0	0.0	0.0	0.0	0.0	0.0	0.0	1.0	0.0	0.0
FJ390387	0.0	0.0	0.0	0.0	0.0	0.0	0.0	1.0	0.0	0.0
FJ390387.1	0.0	0.0	0.0	0.0	0.0	0.0	0.0	1.0	0.0	0.0
FJ410237	0.0	0.0	0.0	0.0	0.0	0.0	0.0	1.0	0.0	0.0
EU482652	0.0	0.0	0.0	0.0	0.0	0.0	0.0	1.0	0.0	0.0
