node	Africa	Caribbean	Central America	Eastern Asia	Oceania	South America	South-eastern Asia	Southern Asia
root	0.08909364523168484	0.10845274583959866	0.06559443774046433	0.184869277694064	0.06267748421368195	0.21149894883770273	0.18403235811954693	0.09378110232325658
n0	0.24842680280810603	0.06977658618048826	0.042555531030121704	0.11981409178025484	0.04023855936894341	0.13720653748357617	0.29457656450064273	0.04740532684786682
n11	0.021253907976904105	0.04719995975487336	0.020341584887047532	0.060189019218837084	0.029299831497615468	0.06575271651699476	0.41472497857182383	0.3412380015759038
n1	0.005288058182110491	0.0042606799957955735	0.002600702954363892	0.00732146171154969	0.0024564974808654917	0.008385081514242543	0.966872971719739	0.002814546441333236
n4	0.9995932546474062	4.8668659440218884e-05	2.970739950724787e-05	8.363176490901162e-05	2.805988572872068e-05	9.578139400626332e-05	8.875496569022256e-05	3.214128331190055e-05
n12	0.0023611146324945863	0.010425163269585638	0.001548267301696027	0.0113475641010604	0.015651596751958454	0.004998217606573699	0.8883215133236114	0.06534656301301975
n341	0.0017229211891888448	0.03681177602902392	0.001704321377967693	0.004851467466940514	0.014417138125345884	0.006039041661448875	0.012982729560951704	0.9214706045891324
n2	0.0	0.0	0.0	0.0	0.0	0.0	1.0	0.0
FJ467493	0.0	0.0	0.0	0.0	0.0	0.0	1.0	0.0
n5	0.9999277922103947	8.745332154702628e-06	5.33834884516828e-06	1.502836341077951e-05	5.042069281683824e-06	1.7211684326604286e-05	1.507340923943594e-05	5.768582346665389e-06
n7	0.9999476239510444	6.6882314027922265e-06	4.0832593128424e-06	1.1494861052465941e-05	3.855909436565343e-06	1.3165064243587416e-05	8.699425129389872e-06	4.389298377781343e-06
n13	0.0013089577996533964	0.013963634820463925	0.0009983099668602112	0.014632935789206252	0.024099239755658586	0.003222445548655034	0.9164411158423733	0.025333360477129297
n309	0.0034692123697964094	0.002153736713139625	0.0006979921726045775	0.0028739313035573344	0.0024765688476052912	0.0022512501203562287	0.9066794641118726	0.07939784436106795
n342	0.0002715252308671573	0.005416868161208312	0.000268757675398744	0.0007644254990254636	0.002127374432950749	0.0009461023207163714	0.0019374383535017716	0.9882675083263315
n347	0.0031222016400691086	0.6386225676462929	0.0032609168100719865	0.008769515732033386	0.22664890770925475	0.020912456712353224	0.00705056344592249	0.09161287030400211
EF105379.2	0.0	0.0	0.0	0.0	0.0	0.0	1.0	0.0
EF105379	0.0	0.0	0.0	0.0	0.0	0.0	1.0	0.0
EF105379.1	0.0	0.0	0.0	0.0	0.0	0.0	1.0	0.0
n6	0.9999987928404337	1.559107676322574e-07	9.518867719354237e-08	2.679664358164247e-07	8.988518548811067e-08	3.069030679659241e-07	1.890939915247716e-07	1.0221144064682407e-07
EF105385	1.0	0.0	0.0	0.0	0.0	0.0	0.0	0.0
n8	0.9999725890920137	3.544831804223392e-06	2.1642445950851967e-06	6.09258031099391e-06	2.0436534109186714e-06	6.977860300906851e-06	4.264107474000188e-06	2.323630090154854e-06
EF105378	1.0	0.0	0.0	0.0	0.0	0.0	0.0	0.0
n14	0.00132062501328726	0.12217872631438219	0.00127994636055566	0.02318265719641648	0.004033654825130035	0.004144821193128371	0.8395255536615971	0.004334015435502998
n203	0.0011723349123651885	0.007602626016728687	0.0010216312903064137	0.02166460443136211	0.049010961991898076	0.003295696165317617	0.9034669023528493	0.012765242839172655
n310	0.00016396239269246635	0.00024374088672042397	0.0001445699509127016	0.0007237745010142543	0.00014901265855523545	0.0004661215516003918	0.00651000493980008	0.9915988131187046
n325	0.0048055266771164905	0.0006749311172095684	0.00026783160024954864	0.0009664965706194744	0.0006778236773216641	0.0008637211872187149	0.9730684762235415	0.018675192946722832
n343	0.0	0.0	0.0	0.0	0.0	0.0	0.0	1.0
n344	0.00010110373176182726	0.001528725683502685	0.00010028108837641826	0.0002844525834759995	0.0006083842169242529	0.00034514219067834735	0.0005835280731428402	0.9964483824321377
n348	0.00013391742960256424	0.9727199359557619	0.0003613396841160021	0.00037612346051803627	0.006375337212604916	0.017135530287534756	0.0002886295474701573	0.0026091864223916684
HM582107	0.0	0.0	0.0	0.0	1.0	0.0	0.0	0.0
EF105387	1.0	0.0	0.0	0.0	0.0	0.0	0.0	0.0
EF105388	1.0	0.0	0.0	0.0	0.0	0.0	0.0	0.0
n9	0.9999999999796935	2.6265973264204713e-12	1.6036309694796925e-12	4.5143926253489264e-12	1.5142760344114795e-12	5.170354990527722e-12	3.1556459897907017e-12	1.721698305007696e-12
EF457904	1.0	0.0	0.0	0.0	0.0	0.0	0.0	0.0
n15	6.430241646314839e-06	0.9992595544175115	6.392602375171334e-06	2.9670981832392307e-05	7.720879640777092e-06	0.00016990556971684234	0.0005116972066871097	8.628100589997682e-06
n180	0.00024838000758871994	0.009591108472080537	0.0002449140163398196	0.042326456368587034	0.0004474681838692889	0.0007910241126953952	0.9458611854686335	0.0004894633702055793
n204	5.986925852819344e-05	0.00018224057754369295	5.753058693353634e-05	0.0004408416540152807	0.000767495144772328	0.00018551423067100366	0.9980715435529616	0.00023496499457440314
n307	0.004078164872981679	0.009589149005076536	0.003992317548114028	0.12574794048223192	0.36185358743413737	0.012872776166946777	0.47157743389760487	0.01028863059290671
n311	4.880490002718156e-06	7.450981716686393e-06	4.457175844946508e-06	0.00045279590069392274	4.479590892379545e-06	1.4370747725455914e-05	0.0001436452417514773	0.9993679198713725
n324	7.303638976738982e-10	1.1808288106062155e-09	7.187310001189243e-10	2.1880997785227937e-09	6.85184534714151e-10	2.3173031449529356e-09	4.652790177397711e-09	0.9999999875266986
n326	1.2140347562135292e-05	6.1272110260613095e-06	3.4653571201888547e-06	1.0161315510378205e-05	4.083939545732142e-06	1.1173212893417633e-05	0.999914004074577	3.884454176506372e-05
n340	0.02640008627371117	0.0007480276816133525	0.0004174994429404761	0.0012330604819112611	0.0005097111996752901	0.0013461347513497018	0.9639002218095586	0.005445258359240207
JQ922552.1	0.0	0.0	0.0	0.0	0.0	0.0	0.0	1.0
JQ922552	0.0	0.0	0.0	0.0	0.0	0.0	0.0	1.0
n345	0.0	0.0	0.0	0.0	0.0	0.0	0.0	1.0
JQ922550	0.0	0.0	0.0	0.0	0.0	0.0	0.0	1.0
n349	0.00011531123597838232	0.9726080553153167	0.0003767783937149945	0.0003238618347657281	0.004791278378155427	0.019567914576798212	0.0002456516370379017	0.0019711486282325188
EU056812	0.0	1.0	0.0	0.0	0.0	0.0	0.0	0.0
n10	0.9999999999999966	4.418048964934482e-16	2.6973758530533937e-16	7.593401398520387e-16	2.5470770051396213e-16	8.696758149396245e-16	5.307827272269547e-16	2.895969310904952e-16
EF105389	1.0	0.0	0.0	0.0	0.0	0.0	0.0	0.0
n16	5.619631568738111e-07	0.9986538013015868	5.615873366460595e-07	1.692088449856766e-06	5.456941108615269e-07	0.0013362205010123993	5.997897142075665e-06	6.18967204533466e-07
n118	5.511764181957192e-09	0.999999452018557	5.482624291190784e-09	2.38020033200516e-08	6.384432819843703e-09	1.3113147488506243e-07	3.6851795770538624e-07	7.151185815447256e-09
n181	2.409228007175173e-07	7.464522626621339e-06	2.3813558038532328e-07	3.2722745584746675e-05	3.912990840563353e-07	7.688509470444409e-07	0.999957743480731	4.300426455885809e-07
n202	1.5718064005390618e-07	4.812650330271139e-07	1.567340180929909e-07	0.999974964355387	1.5328343247416265e-07	5.053685865547501e-07	2.3408004614442316e-05	1.7380828818864676e-07
n205	1.5507799589151414e-06	3.2687147352406657e-06	1.5279575201237292e-06	6.728848846349008e-06	7.65038918925367e-06	4.926604406766077e-06	0.9999711986974161	3.1480079272424943e-06
M84728	0.0	0.0	0.0	0.0	0.0	0.0	1.0	0.0
n308	0.0006421508933702105	0.0012365597110329894	0.000635742093756425	0.07371891601125388	0.8897106711067186	0.00204979035098591	0.03093933750327806	0.0010668323296038422
KJ734727	0.0	0.0	0.0	1.0	0.0	0.0	0.0	0.0
n312	2.9527576819119856e-07	4.750882693435394e-07	2.887616171825089e-07	7.043624118470423e-06	2.764915561656283e-07	9.310139576973365e-07	2.4709367687761925e-06	0.9999882188079443
n323	3.563140170555059e-05	5.7800161598351605e-05	3.521516557628472e-05	0.004383884466355353	3.347062786723996e-05	0.000113539253779296	0.00017771747945042238	0.9951627414436675
JX475906	0.0	0.0	0.0	0.0	0.0	0.0	0.0	1.0
JX475906.1	0.0	0.0	0.0	0.0	0.0	0.0	0.0	1.0
n327	3.6333825402400623e-06	5.316561600557174e-06	3.233483308564093e-06	9.12096965995456e-06	3.0900376781826255e-06	1.0425268213770773e-05	0.999960119511284	5.060785714642573e-06
n329	1.3514023089922849e-07	1.736701532676822e-07	1.050843088240706e-07	2.972667954604952e-07	1.0202021609614406e-07	3.3880936343535304e-07	0.9999986144004898	2.3360844226823156e-07
GU131843	1.0	0.0	0.0	0.0	0.0	0.0	0.0	0.0
GQ398262	0.0	0.0	0.0	0.0	0.0	0.0	1.0	0.0
JQ922553.2	0.0	0.0	0.0	0.0	0.0	0.0	0.0	1.0
JQ922553.1	0.0	0.0	0.0	0.0	0.0	0.0	0.0	1.0
JQ922553	0.0	0.0	0.0	0.0	0.0	0.0	0.0	1.0
n350	1.6065020510759972e-08	0.9999984687704575	2.9496676986686762e-08	4.5117762162828516e-08	2.561175716679309e-07	1.0396111829965943e-06	3.252926596432444e-08	1.1229206211247127e-07
n351	0.00023756523440191944	0.04119544918016104	0.013094076490751151	0.000667170818483522	0.00042029671358427366	0.9435862963696086	0.0004671644056440039	0.0003319807873654207
EF105389.1	1.0	0.0	0.0	0.0	0.0	0.0	0.0	0.0
EF105389.2	1.0	0.0	0.0	0.0	0.0	0.0	0.0	0.0
n17	1.6157123359479928e-07	0.9984850505757712	1.7202965802659177e-07	4.573414578808095e-07	1.5271734179997865e-07	0.0015133606880014653	4.7148684436781885e-07	1.7358969164694158e-07
n109	3.6140345489955204e-05	0.981432083998277	3.605405275452222e-05	0.00010152676152514972	3.404936618393358e-05	0.0182491328742287	7.229964556198296e-05	3.871295597870679e-05
n119	1.6165133739795366e-07	0.9999979908956195	1.6126186047973344e-07	4.5517676204580017e-07	1.5245048618519868e-07	5.36303492338493e-07	3.689432166818127e-07	1.7331722554094633e-07
n121	1.4050820821963578e-10	0.9999999610137078	1.4015979570438622e-10	4.00799834010891e-10	1.332496199548908e-10	3.747779978921951e-08	5.42353556140602e-10	1.5142152039927548e-10
n182	2.0853013313566205e-07	5.962317223566308e-06	2.062735059430754e-07	2.606344692284619e-05	3.270995900022943e-07	6.659044103559952e-07	0.9999662063340734	3.6009414078017015e-07
n198	7.544996016987036e-07	1.9215616808736724e-06	7.524771938382935e-07	5.24029635020721e-06	7.267598712221173e-07	2.426206916337324e-06	0.9999873533357296	8.248626561677051e-07
AF119661	0.0	0.0	0.0	1.0	0.0	0.0	0.0	0.0
AF119661.1	0.0	0.0	0.0	1.0	0.0	0.0	0.0	0.0
n206	2.4923098635934776e-08	4.129562482765872e-08	2.4848536993262403e-08	7.184003508872172e-08	2.829387442801962e-08	8.011571839537407e-08	0.9999997008321297	2.785098202692841e-08
AJ487271	0.0	0.0	0.0	0.0	0.0	0.0	1.0	0.0
AF204178	0.0	0.0	0.0	1.0	0.0	0.0	0.0	0.0
M29095	0.0	0.0	0.0	0.0	1.0	0.0	0.0	0.0
n313	2.594227637689985e-08	4.237933327044028e-08	2.5872348559642345e-08	2.556430018220134e-07	2.4435857054148578e-08	8.341646720314804e-08	5.346424789954744e-08	0.9999994888464678
JQ922549	0.0	0.0	0.0	0.0	0.0	0.0	0.0	1.0
KF041236	0.0	0.0	0.0	0.0	0.0	0.0	0.0	1.0
AF276619	0.0	0.0	0.0	1.0	0.0	0.0	0.0	0.0
n328	1.1164267898840508e-09	1.8206692647444709e-09	1.1115118562862316e-09	3.129129927539072e-09	1.0497883544517242e-09	3.5836867294008253e-09	0.9999999869863367	1.202450382277595e-09
JN851131	0.0	0.0	0.0	0.0	0.0	0.0	1.0	0.0
n330	2.556360684717465e-10	4.022274103161789e-10	2.45263075372658e-10	1.0250260128285924e-09	2.3251324990898034e-10	7.907666095416924e-10	0.9999999967455943	3.0297340661695887e-10
n337	8.254300601568845e-07	1.3485889876589752e-06	8.233584747911252e-07	2.317846720810433e-06	7.774894931110277e-07	2.6546354406418233e-06	0.999990368288663	8.843621598456842e-07
GQ868600	0.0	1.0	0.0	0.0	0.0	0.0	0.0	0.0
GQ868600.1	0.0	1.0	0.0	0.0	0.0	0.0	0.0	0.0
n352	0.00028103643924529294	0.02986146479999377	0.02138998188641061	0.0007892534965607052	0.00040632690973011344	0.946362790996698	0.0005522747898316395	0.0003568706815298993
n353	1.0835839035888942e-05	0.0006086871020503476	0.00019700946654475847	3.0430999668945626e-05	1.3053405680566524e-05	0.9991059714018032	2.1283131733385616e-05	1.2728653482847222e-05
n18	1.238523690833615e-05	0.02161014045098239	5.0830032301040714e-05	3.478233531720292e-05	1.1667126299167863e-05	0.9782426132510742	2.431630780110177e-05	1.326525931656103e-05
n88	1.3451881965532614e-07	0.9988970015160218	1.4205053561919534e-07	3.8037803273006074e-07	1.27091610935829e-07	0.001101694161293948	3.758170492967442e-07	1.4446663590828787e-07
n110	3.5381915729149103e-10	0.9999999626889181	3.5297220109201613e-10	9.937105481621714e-10	3.333122172670151e-10	3.4201262751573076e-08	6.970372444923846e-10	3.7896775426109276e-10
n112	2.9400321853327298e-05	0.01374477190244249	2.9329907786041965e-05	8.256725517835438e-05	2.7695693182927604e-05	0.9859970120331821	5.773351152615615e-05	3.148937484858529e-05
n120	2.506742590404403e-10	0.9999999969920594	2.5007385254706657e-10	7.039883999793969e-10	2.3614018260840456e-10	8.063280067015424e-10	4.922499311586592e-10	2.6848603057232313e-10
GQ398284	0.0	1.0	0.0	0.0	0.0	0.0	0.0	0.0
GQ868603	0.0	1.0	0.0	0.0	0.0	0.0	0.0	0.0
n123	1.851924054546968e-08	0.9999997777633393	1.847488440790599e-08	5.200878023189607e-08	1.744545734241108e-08	5.959857799163738e-08	3.635462756223454e-08	1.983509274862724e-08
n143	2.278397135971594e-06	0.9982329674792653	2.272940058126535e-06	6.3985710852288895e-06	2.1462912032825516e-06	0.0017470233266502395	4.4727097764050455e-06	2.4402848253915584e-06
n183	1.0061443051343351e-07	1.6645236150646345e-07	1.003728043213174e-07	2.918531499119548e-07	9.48282459456979e-08	3.236177990459262e-07	0.9999988144479319	1.0781327677086253e-07
n188	2.464508067543588e-07	4.146600954629836e-07	2.45856783665874e-07	7.463443639557753e-07	2.3243914320711287e-07	7.926822079823349e-07	0.9999970573136536	2.642529454625132e-07
n199	2.7118901463417823e-07	4.439110209626578e-07	2.705392318842648e-07	7.651901733653713e-07	2.554833373216012e-07	8.722605672384814e-07	0.9999968309495086	2.904771457702403e-07
JX649148	0.0	0.0	0.0	0.0	0.0	0.0	1.0	0.0
n207	2.4025110569183483e-08	3.9543028205473426e-08	2.396011913406219e-08	6.839648638024789e-08	2.5044649606916078e-08	7.725123119162285e-08	0.999999715467582	2.6311792806433474e-08
DQ181804	0.0	0.0	0.0	0.0	0.0	0.0	1.0	0.0
n314	3.423334740327668e-08	5.593533987422664e-08	3.415027025759041e-08	1.601352824969538e-06	3.224811648844889e-08	1.1010576879472079e-07	6.75550522564922e-08	0.99999806441928
n318	5.942085000783091e-08	9.709267263517505e-08	5.927852524632737e-08	1.669611714837651e-07	5.59755048009541e-08	1.9112316028892898e-07	1.1664792309889947e-07	0.9999992535001924
AB189123	0.0	0.0	0.0	0.0	0.0	0.0	1.0	0.0
AB189123.1	0.0	0.0	0.0	0.0	0.0	0.0	1.0	0.0
GU370051	0.0	0.0	0.0	0.0	0.0	0.0	1.0	0.0
n332	4.6101677632312585e-07	7.532861239492012e-07	4.599077880923405e-07	1.2948537751056894e-06	4.342819940577668e-07	1.4828140468727801e-06	0.9999946200516843	4.937878112770555e-07
n333	3.478939307167988e-07	5.684525260520647e-07	3.470604555583409e-07	2.1810581091658925e-05	3.2772213061452724e-07	1.1189767424572215e-06	0.999975106699552	3.726135708980233e-07
n338	8.846226169657782e-12	1.4454555295334548e-11	8.825018920203115e-12	2.4843372666572058e-11	8.333287192641952e-12	2.8453229878251915e-11	0.9999999998967695	9.474836635178443e-12
JN851127	0.0	0.0	0.0	0.0	0.0	0.0	1.0	0.0
AF100465	0.0	0.0	0.0	0.0	0.0	1.0	0.0	0.0
JX966379	0.0	0.0	1.0	0.0	0.0	0.0	0.0	0.0
AF100468	0.0	0.0	0.0	0.0	0.0	1.0	0.0	0.0
GQ868592	0.0	0.0	0.0	0.0	0.0	1.0	0.0	0.0
n19	1.4647303662294765e-08	1.9174516147736777e-06	1.7986580555363597e-08	4.113497209589327e-08	1.3798023583713866e-08	0.9999979505396247	2.875383800628731e-08	1.5688042543047948e-08
n20	3.582548819055768e-07	0.00022405456170178465	0.00010787842159710774	1.006111038681628e-06	3.3748263572310684e-07	0.999665278147389	7.033105958702846e-07	3.8371015970674664e-07
n89	2.4468292226718845e-08	0.9999764375234703	2.44204810497958e-08	6.871945282070828e-08	2.3050081774336868e-08	2.3347424524289798e-05	4.818631914457261e-08	2.620737853369614e-08
EU482546	0.0	1.0	0.0	0.0	0.0	0.0	0.0	0.0
n111	1.9626461527384293e-13	0.9999999999967543	1.9579454772329608e-13	5.511840946364926e-13	1.8488500743070173e-13	1.5221675724158762e-12	3.853458640094324e-13	2.1021007713918523e-13
EU482545	0.0	1.0	0.0	0.0	0.0	0.0	0.0	0.0
n113	1.6002569401734083e-09	1.0327038531179739e-07	1.5964241323275117e-09	4.494107757347257e-09	1.5074711857225966e-09	0.9999998826758536	3.141540290435389e-09	1.713960807948601e-09
n114	1.4694104135091135e-08	3.35120154880578e-06	1.4658910645417313e-08	4.126650487507952e-08	1.3842124792898834e-08	0.9999965197486155	2.8850007909909893e-08	1.5738183331619097e-08
EU482572.1	0.0	1.0	0.0	0.0	0.0	0.0	0.0	0.0
EU482572	0.0	1.0	0.0	0.0	0.0	0.0	0.0	0.0
n124	1.6497727574648201e-09	0.9999999802050217	1.6458213248649456e-09	4.633163002336717e-09	1.5541155132908953e-09	5.306506647285594e-09	3.2386048610451933e-09	1.7669944013885557e-09
EU482576	0.0	1.0	0.0	0.0	0.0	0.0	0.0	0.0
n144	5.2635492387269954e-05	0.04199123248018775	5.2509423146675605e-05	0.0001478196399308919	4.958357735075358e-05	0.9575465173073127	0.00010332666689007306	5.637541279400106e-05
n153	5.975619723750928e-08	0.9999811676362319	5.961307289380701e-08	1.678171923388345e-07	5.6291411658181214e-08	1.8307577973009485e-05	1.1730585154968798e-07	6.400206936373146e-08
n184	4.463628058674209e-08	7.294492906160988e-08	4.4529367435173324e-08	1.2540022150907615e-07	4.204840866333748e-08	1.435695892174057e-07	0.999999479063129	4.780807439837825e-08
n186	1.1553003288986861e-08	1.8888169997621232e-08	1.1525328895953806e-08	3.2493787575797514e-08	1.088338617465635e-08	3.7159449713331175e-08	0.9999998651227315	1.2374142822240752e-08
n189	1.229137482284876e-07	2.009567723782089e-07	1.2261931609507082e-07	3.4572028804787683e-07	1.1578969113706041e-07	3.9534371272466947e-07	0.9999985650064429	1.3165002843056642e-07
n195	3.529643819775126e-07	5.769294451397926e-07	3.521189238888711e-07	9.921206492969626e-07	3.3250322663049257e-07	1.135286057827698e-06	0.9999958800290237	3.7804829150372845e-07
n200	3.0265640329890976e-11	4.945644783373879e-11	3.0193149055054734e-11	8.501007290483938e-11	2.85108430387202e-11	9.734739635179114e-11	0.9999999996468004	3.2416181517544875e-11
n201	0.0	0.0	0.0	0.0	0.0	0.0	1.0	0.0
n208	7.14397763298124e-09	1.1673174367392276e-08	7.12686593670997e-09	2.0063002307169328e-08	6.7300425358514e-09	2.2978121263165412e-08	0.9999999166331668	7.651649218907766e-09
DQ181805	0.0	0.0	0.0	0.0	0.0	0.0	1.0	0.0
n315	5.421894809695976e-05	8.859285568258487e-05	5.4089085718080986e-05	0.004838069705353279	5.107522084647333e-05	0.00017439160229732695	0.00010643526048250509	0.9946331273215229
n316	1.974951117359895e-07	3.2270369113302853e-07	1.9702206366116974e-07	5.826028106031608e-07	1.8604392966260375e-07	6.352296940120281e-07	3.8770143798066926e-07	0.9999974912012611
n319	3.382211326029034e-10	5.526476863079173e-10	3.374110464366346e-10	9.498494811864805e-10	3.1861036963709885e-10	1.0878655506868648e-09	6.639486128189861e-10	0.999999995751446
n321	2.3277155000554496e-08	3.803448273034056e-08	2.322140294563386e-08	6.537234156090064e-08	2.1927497242637287e-08	7.486940504754383e-08	4.569448924775374e-08	0.9999997076032262
EU081180	0.0	0.0	0.0	0.0	0.0	0.0	1.0	0.0
JN851129	0.0	0.0	0.0	0.0	0.0	0.0	1.0	0.0
n334	8.90713828281245e-07	1.4554115025796385e-06	8.885804282730799e-07	4.189519125271979e-06	8.390683773685496e-07	2.8649211314859585e-06	0.9999879177836533	9.540019535268728e-07
n335	6.215579106967594e-06	1.0156152194685085e-05	6.200691726458055e-06	0.000402402213863322	5.855186753333907e-06	1.9991991936495523e-05	0.9995425209678597	6.6572165590121e-06
n339	6.3413742262740324e-15	1.0361699351153734e-14	6.3261855685915216e-15	1.7808888707163573e-14	5.973688027170216e-15	2.0396603549309738e-14	0.999999999999926	6.791949766554538e-15
JN851126	0.0	0.0	0.0	0.0	0.0	0.0	1.0	0.0
EU920828	0.0	0.0	0.0	0.0	0.0	1.0	0.0	0.0
EU920828.1	0.0	0.0	0.0	0.0	0.0	1.0	0.0	0.0
n42	4.444374416722939e-10	7.560111415291236e-10	0.9999998610130337	1.24814226279497e-09	4.186680367792069e-10	1.3477123347743278e-07	8.724576553401415e-10	4.760161460408916e-10
n22	7.62585500165434e-08	1.0629141330479266e-05	5.130278425541985e-06	2.1416183028411928e-07	7.183692648995699e-08	0.9999836469441855	1.4970178179505922e-07	8.167697001556332e-08
n25	2.660021271244666e-07	1.1524030181274322e-06	6.107114701048019e-07	7.470308908420639e-07	2.5057877230930864e-07	0.9999961661928725	5.221784180654092e-07	2.849024310007096e-07
n90	3.1427730136373795e-07	0.9998459297443234	3.1352466947254577e-07	8.826052010280717e-07	2.9605485642468823e-07	0.00015131023903009827	6.169469022037599e-07	3.3660771590604946e-07
n105	4.9184574777758626e-08	0.9999713457941458	4.906787158521229e-08	1.3812857028067764e-07	4.633280328985408e-08	2.8222244720164792e-05	9.656796320025224e-08	5.267935104782533e-08
EU482545.2	0.0	1.0	0.0	0.0	0.0	0.0	0.0	0.0
EU482545.1	0.0	1.0	0.0	0.0	0.0	0.0	0.0	0.0
EU920835.1	0.0	0.0	0.0	0.0	0.0	1.0	0.0	0.0
EU920835	0.0	0.0	0.0	0.0	0.0	1.0	0.0	0.0
JN819419	0.0	0.0	0.0	0.0	0.0	1.0	0.0	0.0
n116	3.559367554025015e-07	6.659240183240305e-07	3.550842379631791e-07	9.996000939825258e-07	3.3529880427736363e-07	0.9999962082033342	6.987255528424424e-07	3.812272028165163e-07
FJ850085	0.0	0.0	0.0	0.0	0.0	1.0	0.0	0.0
n125	7.648929383342788e-10	0.9999999908224059	7.630609145914704e-10	2.1480980522441214e-09	7.205428589159389e-10	2.460227208543114e-09	1.501531227879762e-09	8.19241032579512e-10
EU482575	0.0	1.0	0.0	0.0	0.0	0.0	0.0	0.0
n145	0.0	0.0	0.0	0.0	0.0	1.0	0.0	0.0
n147	1.6413038539287642e-06	0.0003721776364694775	1.637372705555436e-06	4.609379215646765e-06	1.5461376514869847e-06	0.9996134082673213	3.221979030358748e-06	1.7579237521210388e-06
n154	2.9123595910940598e-09	0.9999999642668674	2.9053840894887283e-09	8.17896682259026e-09	2.743494940071256e-09	1.0156496522236739e-08	5.71713853159003e-09	3.1192920723094703e-09
n155	1.3523465830087771e-08	0.9999996999794827	1.349107526998099e-08	3.7978819338281895e-08	1.2739347245755493e-08	1.8125606848155305e-07	2.6547389728168203e-08	1.4484351432439397e-08
n185	0.0	0.0	0.0	0.0	0.0	0.0	1.0	0.0
FM210221	0.0	0.0	0.0	0.0	0.0	0.0	1.0	0.0
n187	2.2705253059111453e-08	3.71001137176288e-08	2.2650870822469098e-08	6.376511761393344e-08	2.1388757918327696e-08	7.30299210016972e-08	0.9999997350414292	2.4318536698546813e-08
FM210218	0.0	0.0	0.0	0.0	0.0	0.0	1.0	0.0
n190	2.9658542335304078e-08	4.8461909314948596e-08	2.958750594085921e-08	8.329356119148126e-08	2.7938886564356102e-08	9.539470862414229e-08	0.9999996538990007	3.176588522250013e-08
FM210237	0.0	0.0	0.0	0.0	0.0	0.0	1.0	0.0
n196	0.0	0.0	0.0	0.0	0.0	0.0	1.0	0.0
n197	8.293427274833696e-10	1.3551351902325207e-09	8.273563366932969e-10	2.3291102004675726e-09	7.8125578561748e-10	2.6675251640087606e-09	0.9999999903220044	8.882702590646614e-10
FJ639697	0.0	0.0	0.0	0.0	0.0	0.0	1.0	0.0
FJ639697.1	0.0	0.0	0.0	0.0	0.0	0.0	1.0	0.0
FJ639702	0.0	0.0	0.0	0.0	0.0	0.0	1.0	0.0
FJ639702.1	0.0	0.0	0.0	0.0	0.0	0.0	1.0	0.0
n209	6.085480035022083e-12	9.94357569874088e-12	6.070904398902872e-12	1.7090254418511883e-11	5.732655513477375e-12	1.9573537461604567e-11	0.9999999999289858	6.517878714077376e-12
n298	1.3840836171280647e-08	2.2615695395454663e-08	1.3807685464033007e-08	3.887011096921271e-08	1.3038316364380012e-08	4.4518119693124576e-08	0.9999998384849638	1.4824272073245771e-08
JQ955624	0.0	0.0	0.0	0.0	0.0	0.0	0.0	1.0
KF479233	0.0	0.0	0.0	1.0	0.0	0.0	0.0	0.0
n317	9.077885259429513e-12	1.4833113017948025e-11	9.056142474181473e-12	2.549685601108671e-11	8.551530638308239e-12	2.919840806582591e-11	1.782043995643526e-11	0.9999999998859656
DQ448231	0.0	0.0	0.0	0.0	0.0	0.0	0.0	1.0
n320	2.440552465511763e-12	3.987822000271912e-12	2.4347070068336227e-12	6.853960582446844e-12	2.299044170333499e-12	7.849873045717243e-12	4.790952497066374e-12	0.999999999969343
KF041233.1	0.0	0.0	0.0	0.0	0.0	0.0	0.0	1.0
n322	0.0	0.0	0.0	0.0	0.0	0.0	0.0	1.0
KJ010186	0.0	0.0	0.0	0.0	0.0	0.0	0.0	1.0
AY858035	0.0	0.0	0.0	0.0	0.0	0.0	1.0	0.0
JN851130	0.0	0.0	0.0	0.0	0.0	0.0	1.0	0.0
n336	0.0	0.0	0.0	0.0	0.0	0.0	1.0	0.0
JX470186	0.0	0.0	0.0	1.0	0.0	0.0	0.0	0.0
JN851126.2	0.0	0.0	0.0	0.0	0.0	0.0	1.0	0.0
JN851126.1	0.0	0.0	0.0	0.0	0.0	0.0	1.0	0.0
n43	6.871117819677768e-11	1.1266944767885022e-10	0.9999999973576155	1.9296602262943293e-10	6.472716153531994e-11	1.994833329276448e-09	1.348842098234516e-10	7.359332758077313e-11
n83	3.2711540215807194e-08	5.3450868569590724e-08	0.9999995833020802	9.186592305844964e-08	3.0814857249970824e-08	1.0860419358977793e-07	6.421473722200765e-08	3.503579996652516e-08
FJ898461	0.0	0.0	1.0	0.0	0.0	0.0	0.0	0.0
n23	1.7848116134588752e-07	7.004058592493174e-07	3.7473151669440075e-07	5.012401304095286e-07	1.6813245354044047e-07	0.999997535476652	3.5036940681478227e-07	1.9116281999141888e-07
KJ189305	0.0	0.0	0.0	0.0	0.0	1.0	0.0	0.0
n26	1.3121919322320708e-12	2.2139906390863817e-12	1.3426767021034508e-12	3.6851130303646245e-12	1.236108321733271e-12	0.9999999999862286	2.5759123511274014e-12	1.405427373743384e-12
n38	1.455035562358643e-07	2.4286082278999995e-07	1.4761391669002075e-07	4.0862699873839064e-07	1.3706695818287007e-07	0.9999984768533917	2.8563230568572293e-07	1.5584205014976416e-07
n91	5.498230649786744e-06	0.9952445250463794	5.485061685549524e-06	1.5441034909514187e-05	5.1794318325179126e-06	0.004707188936012411	1.0793360972578925e-05	5.888897558251139e-06
FJ898451	0.0	1.0	0.0	0.0	0.0	0.0	0.0	0.0
n106	1.3927142538692091e-08	0.9999926446510745	1.3894067028588403e-08	3.9112583799637547e-08	1.3119631290349629e-08	7.233034939684717e-06	2.7343836548118075e-08	1.49167246355965e-08
EU920833	0.0	0.0	0.0	0.0	0.0	1.0	0.0	0.0
n117	0.0	0.0	0.0	0.0	0.0	1.0	0.0	0.0
EU920840	0.0	0.0	0.0	0.0	0.0	1.0	0.0	0.0
n126	1.5242307664074224e-09	0.9999999817114658	1.5205800241748763e-09	4.280595330770767e-09	1.4358527043664342e-09	4.902585860755686e-09	2.9921574308258324e-09	1.6325322464904239e-09
n140	2.7168301132667527e-08	0.9999996740202206	2.7103229316432416e-08	7.629848808758765e-08	2.559302666900455e-08	8.738501540106024e-08	5.333302273424997e-08	2.9098695984192384e-08
AF100466.1	0.0	0.0	0.0	0.0	0.0	1.0	0.0	0.0
AF100466.2	0.0	0.0	0.0	0.0	0.0	1.0	0.0	0.0
AF100466	0.0	0.0	0.0	0.0	0.0	1.0	0.0	0.0
n148	6.842158730398456e-08	5.9128930562428596e-06	6.825770819596205e-08	1.9215274590196112e-07	6.44543617245901e-08	0.9999934862216545	1.343157257309317e-07	7.328316032847192e-08
AF489932	0.0	0.0	0.0	0.0	0.0	1.0	0.0	0.0
FJ898450.1	0.0	1.0	0.0	0.0	0.0	0.0	0.0	0.0
FJ898450	0.0	1.0	0.0	0.0	0.0	0.0	0.0	0.0
n156	1.3666729608628879e-07	0.999998350425305	1.3633995912350344e-07	3.838115608245019e-07	1.2874304272750598e-07	4.493486999731069e-07	2.682861907889215e-07	1.463779454010909e-07
n158	2.5856673768986408e-08	0.9999996896378629	2.5794743480605953e-08	7.261496057178389e-08	2.4357450181020052e-08	8.328621702336398e-08	5.075821868153025e-08	2.7693873293460728e-08
FM210241.1	0.0	0.0	0.0	0.0	0.0	0.0	1.0	0.0
FM210241	0.0	0.0	0.0	0.0	0.0	0.0	1.0	0.0
FM210202	0.0	0.0	0.0	0.0	0.0	0.0	1.0	0.0
FM210220	0.0	0.0	0.0	0.0	0.0	0.0	1.0	0.0
n191	2.264340995432804e-08	3.699896079597929e-08	2.2589175872406535e-08	6.359097591266019e-08	2.1330498226861754e-08	7.283100689757206e-08	0.9999997357636755	2.4252296954015957e-08
FM210235	0.0	0.0	0.0	0.0	0.0	0.0	1.0	0.0
FM210222.1	0.0	0.0	0.0	0.0	0.0	0.0	1.0	0.0
FM210222	0.0	0.0	0.0	0.0	0.0	0.0	1.0	0.0
FM210234.1	0.0	0.0	0.0	0.0	0.0	0.0	1.0	0.0
FM210234	0.0	0.0	0.0	0.0	0.0	0.0	1.0	0.0
GQ868542	0.0	0.0	0.0	0.0	0.0	0.0	1.0	0.0
DQ181799	0.0	0.0	0.0	0.0	0.0	0.0	1.0	0.0
n212	2.9167261698406587e-08	4.765881886678167e-08	2.9097402096804995e-08	8.19122976580804e-08	2.747608335405646e-08	9.381453775711524e-08	0.9999996596339094	3.1239689103446086e-08
n214	1.7158011631767622e-07	2.8035904670386875e-07	1.7116915835073697e-07	4.818594801717725e-07	1.616315452100939e-07	5.518759171531708e-07	0.9999979977533028	1.8377143338054058e-07
n299	7.255863572772043e-09	1.1855959998653505e-08	7.238484781794496e-09	2.0377108541320356e-08	6.835153615992815e-09	2.3337997722504628e-08	0.9999999153280159	7.771415945699329e-09
n306	0.0	0.0	0.0	0.0	0.0	0.0	1.0	0.0
FJ898454	0.0	0.0	0.0	0.0	0.0	0.0	0.0	1.0
FJ898454.1	0.0	0.0	0.0	0.0	0.0	0.0	0.0	1.0
KF041233	0.0	0.0	0.0	0.0	0.0	0.0	0.0	1.0
KF041233.2	0.0	0.0	0.0	0.0	0.0	0.0	0.0	1.0
KJ010185.1	0.0	0.0	0.0	0.0	0.0	0.0	0.0	1.0
KJ010185	0.0	0.0	0.0	0.0	0.0	0.0	0.0	1.0
EU179859.1	0.0	0.0	0.0	0.0	0.0	0.0	1.0	0.0
EU179859	0.0	0.0	0.0	0.0	0.0	0.0	1.0	0.0
n44	8.354595294701446e-11	1.3651286425805042e-10	0.9999999989436374	2.3462747503299387e-10	7.870178526876411e-11	2.6948655931907334e-10	1.6400577224588647e-10	8.948216061223033e-11
n71	1.4494821289561255e-08	2.3684297407925046e-08	0.9999998168533305	4.070673922866259e-08	1.3654381479898186e-08	4.66274920954855e-08	2.8454213224043357e-08	1.552472478829322e-08
n84	9.882502182802075e-09	1.614784418883887e-08	0.9999998751330221	2.775366672314382e-08	9.309494203773693e-09	3.17888337686692e-08	1.939995110522919e-08	1.0584685629632431e-08
n87	6.529511187898591e-11	1.0669112393971418e-10	0.9999999991749985	1.8337246379701185e-10	6.150916582948034e-11	2.1002085598597595e-10	1.2817826441436984e-10	6.993453880470402e-11
n24	3.495677353571906e-07	5.772883201180041e-07	3.516656837698118e-07	9.81713562519403e-07	3.292990728429464e-07	0.9999963498373176	6.862226648443431e-07	3.7440564308601016e-07
GQ868553	0.0	0.0	0.0	0.0	0.0	1.0	0.0	0.0
n27	5.389239568843603e-09	8.805928732412439e-09	5.376332183049602e-09	1.5134948226488066e-08	5.076760277999949e-09	0.9999999438652245	1.0579404101916367e-08	5.772162309081457e-09
FJ639732	0.0	0.0	0.0	0.0	0.0	1.0	0.0	0.0
n32	3.2274728020771374e-08	5.2736367279802396e-08	3.219742575457318e-08	9.063919526649903e-08	3.040337233222356e-08	0.999999663823712	6.335724839273458e-08	3.4567950865343695e-08
FJ024473	0.0	0.0	0.0	0.0	0.0	1.0	0.0	0.0
n39	1.0547009772314977e-07	1.7238610500951787e-07	1.052414074711828e-07	2.961984614141017e-07	9.935472264646258e-08	0.9999989013409216	2.0704419803008165e-07	1.1296408612680752e-07
GQ868555	0.0	0.0	0.0	0.0	0.0	1.0	0.0	0.0
n92	3.5704122940095237e-06	0.0031391835904852395	3.5618606658796912e-06	1.0027018566728813e-05	3.3633923819500424e-06	0.9968294606882162	7.008935861707745e-06	3.824101528266084e-06
EU687216	0.0	1.0	0.0	0.0	0.0	0.0	0.0	0.0
n107	7.079351618154046e-14	0.9999999999991429	7.062395627896882e-14	1.9881398646858296e-13	6.668876125773836e-14	2.3538211868962017e-13	1.3897196979409789e-13	7.58236223665746e-14
n108	3.013510578694802e-08	0.9999995722462909	3.006293066103483e-08	8.463035734254369e-08	2.8387809957511317e-08	1.6310412662059559e-07	5.9157077118670626e-08	3.2276301744581285e-08
FJ850088.1	0.0	0.0	0.0	0.0	0.0	1.0	0.0	0.0
FJ850088	0.0	0.0	0.0	0.0	0.0	1.0	0.0	0.0
n127	3.63651997119696e-09	0.999999956367092	3.627810005927307e-09	1.0212673009907733e-08	3.425666998857814e-09	1.169662218106001e-08	7.138709238757484e-09	3.894906367739955e-09
n133	1.598075267492925e-10	0.9999999980825439	1.594247657528343e-10	4.48797759434665e-10	1.5054155480794637e-10	5.140101737059453e-10	3.1371186647235324e-10	1.7116236359997714e-10
n141	5.586921536293995e-12	0.9999999999329651	5.57354009114016e-12	1.5690111214596593e-11	5.2629802348619465e-12	1.7969957784601725e-11	1.0967465792365101e-11	5.983890213756337e-12
EU482590	0.0	1.0	0.0	0.0	0.0	0.0	0.0	0.0
n149	2.431280585912398e-07	1.8441648098131923e-06	2.4254573346634044e-07	6.827921698772673e-07	2.2903098935535578e-07	0.999996020660029	4.772751235314816e-07	2.6040308621569736e-07
JX669483	0.0	0.0	0.0	0.0	0.0	1.0	0.0	0.0
n157	0.0	1.0	0.0	0.0	0.0	0.0	0.0	0.0
GQ398282	0.0	1.0	0.0	0.0	0.0	0.0	0.0	0.0
n159	3.2639583675727472e-09	0.9999999608366786	3.2561407385625043e-09	9.166384287724179e-09	3.0747072899368155e-09	1.0498909278604323e-08	6.407348217021049e-09	3.4958730683701226e-09
GQ398270	0.0	1.0	0.0	0.0	0.0	0.0	0.0	0.0
n192	0.0	0.0	0.0	0.0	0.0	0.0	1.0	0.0
n194	3.174528214429044e-11	5.187126126474177e-11	3.16692478292982e-11	8.915231840056218e-11	2.9904624826337116e-11	1.0210656732641498e-10	0.9999999996295498	3.400088616311068e-11
n213	0.0	0.0	0.0	0.0	0.0	0.0	1.0	0.0
AF169680	0.0	0.0	0.0	0.0	0.0	0.0	1.0	0.0
n215	1.7721953914722043e-07	2.89573769495586e-07	1.767950739873142e-07	4.976970341459148e-07	1.669439826036826e-07	5.70014741820407e-07	0.9999979319443034	1.8981155527251465e-07
AF100461	0.0	0.0	0.0	0.0	0.0	0.0	1.0	0.0
n300	2.212961846571902e-07	3.6159427270089354e-07	2.2076614987173075e-07	6.214803136390594e-07	2.0846497277181527e-07	7.117843109749172e-07	0.9999974175938077	2.370199876835819e-07
n303	3.328067993747505e-07	5.438007562397037e-07	3.320096813368958e-07	9.346427475743374e-07	3.1350997069838767e-07	1.070450711781177e-06	0.9999961163255441	3.564537888912858e-07
DQ181798	0.0	0.0	0.0	0.0	0.0	0.0	1.0	0.0
DQ181798.1	0.0	0.0	0.0	0.0	0.0	0.0	1.0	0.0
n45	3.0114067972114305e-12	4.920588460069186e-12	0.9999999999619511	8.457127463433407e-12	2.836799183574336e-12	9.686024845818636e-12	5.911574168485706e-12	3.225376899677396e-12
n58	3.126451933760236e-11	5.1085702858982814e-11	0.9999999996049757	8.780216122442314e-11	2.945173764430718e-11	1.0056026704110668e-10	6.13741474839726e-11	3.3485963618199255e-11
n72	4.7323824510795e-09	7.732633951563413e-09	0.999999940206757	1.3290254120285417e-08	4.457989098654904e-09	1.5221396192567532e-08	9.289953744908295e-09	5.068633388316964e-09
n78	5.260819954034174e-11	8.596092012058412e-11	0.9999999993353	1.4774299159661867e-10	4.955786698879498e-11	1.6921076902184388e-10	1.0327308610089138e-10	5.63461806914172e-11
n85	3.6831627960524666e-09	6.01822654696891e-09	0.9999999534635456	1.0343663055962918e-08	3.4696053759619057e-09	1.1846661308067259e-08	7.2302719325842845e-09	3.9448633147601846e-09
n86	0.0	0.0	1.0	0.0	0.0	0.0	0.0	0.0
FJ898439	0.0	0.0	1.0	0.0	0.0	0.0	0.0	0.0
FJ898439.1	0.0	0.0	1.0	0.0	0.0	0.0	0.0	0.0
FJ898466	0.0	0.0	0.0	0.0	0.0	1.0	0.0	0.0
JN819408	0.0	0.0	0.0	0.0	0.0	1.0	0.0	0.0
n28	7.431935138271992e-08	1.2143658001500483e-07	7.414134637191684e-08	2.087158162176484e-07	7.00101612048901e-08	0.9999992258833715	1.4589339383159169e-07	7.959997944176863e-08
FJ639733	0.0	0.0	0.0	0.0	0.0	1.0	0.0	0.0
n33	0.0	0.0	0.0	0.0	0.0	1.0	0.0	0.0
n35	3.7064034622185167e-09	6.056201404929383e-09	3.697526116755771e-09	1.0408931314068528e-08	3.4914985000880196e-09	0.9999999613937891	7.275894769689134e-09	3.969755304727963e-09
n40	0.0	0.0	0.0	0.0	0.0	1.0	0.0	0.0
n41	0.0	0.0	0.0	0.0	0.0	1.0	0.0	0.0
n93	1.165306131289194e-08	0.00010843884094847386	1.1625150629371412e-08	3.2726041846602656e-08	1.0977392642274482e-08	0.9998914588206903	2.2875666057485676e-08	1.2481048659378475e-08
EU920842	0.0	0.0	0.0	0.0	0.0	1.0	0.0	0.0
FJ898460.1	0.0	1.0	0.0	0.0	0.0	0.0	0.0	0.0
FJ898460	0.0	1.0	0.0	0.0	0.0	0.0	0.0	0.0
AY702039	0.0	1.0	0.0	0.0	0.0	0.0	0.0	0.0
AF208496	0.0	1.0	0.0	0.0	0.0	0.0	0.0	0.0
n128	4.4973228064202525e-09	0.9999999460387202	4.4865511000194635e-09	1.2630120996380192e-08	4.236558699853221e-09	1.4465336670665185e-08	8.828517407344144e-09	4.8168720026973375e-09
n130	0.0	1.0	0.0	0.0	0.0	0.0	0.0	0.0
n134	2.967687623725817e-12	0.9999999999643921	2.960579603877565e-12	8.334348095628906e-12	2.795614938468234e-12	9.545367868475013e-12	5.8257507796016756e-12	3.1785513388252172e-12
EU482740	0.0	1.0	0.0	0.0	0.0	0.0	0.0	0.0
n142	6.605446193798325e-15	0.999999999999921	6.589625242065834e-15	1.8550499542450665e-14	6.222448719669166e-15	2.124597391960662e-14	1.2966891463066186e-14	7.074784311859701e-15
EU482744.2	0.0	1.0	0.0	0.0	0.0	0.0	0.0	0.0
n150	9.484280520626656e-07	1.584869043964893e-06	9.461564364907285e-07	2.663531520755499e-06	8.934362259731245e-07	0.9999900859400334	1.8618217832412947e-06	1.0158169042328182e-06
KC294201	0.0	0.0	0.0	0.0	0.0	1.0	0.0	0.0
GQ398269	0.0	1.0	0.0	0.0	0.0	0.0	0.0	0.0
GQ398269.1	0.0	1.0	0.0	0.0	0.0	0.0	0.0	0.0
n160	5.176219245983624e-08	0.9999993789295725	5.163821489277288e-08	1.453670954800835e-07	4.8760913153963205e-08	1.6648962665372123e-07	1.0161232289609892e-07	5.54400620969607e-08
n162	4.946744776990662e-10	0.9999999940646315	4.934896643185077e-10	1.389226163227865e-09	4.659922252188657e-10	1.5910873058281185e-09	9.710759990589384e-10	5.298226844370533e-10
FM210208	0.0	0.0	0.0	0.0	0.0	0.0	1.0	0.0
FM210208.2	0.0	0.0	0.0	0.0	0.0	0.0	1.0	0.0
FM210208.1	0.0	0.0	0.0	0.0	0.0	0.0	1.0	0.0
FM210236.1	0.0	0.0	0.0	0.0	0.0	0.0	1.0	0.0
FM210236	0.0	0.0	0.0	0.0	0.0	0.0	1.0	0.0
AF169679	0.0	0.0	0.0	0.0	0.0	0.0	1.0	0.0
AF169679.1	0.0	0.0	0.0	0.0	0.0	0.0	1.0	0.0
n216	4.642879103641366e-09	7.586386974163403e-09	4.6317587698980585e-09	1.3038896111002452e-08	4.373675340986969e-09	1.4933508722009364e-08	0.9999999458201245	4.9727705412455974e-09
FJ906957	0.0	0.0	0.0	0.0	0.0	0.0	1.0	0.0
n301	0.0	0.0	0.0	0.0	0.0	0.0	1.0	0.0
AF100464	0.0	0.0	0.0	0.0	0.0	0.0	1.0	0.0
n304	7.1531834761685615e-12	1.168818242647006e-11	7.136050618343398e-12	2.0088745394113506e-11	6.738427058059086e-12	2.300773409062426e-11	0.9999999999165263	7.661440083270258e-12
FJ687434	0.0	0.0	0.0	0.0	0.0	0.0	1.0	0.0
n46	7.185223016496727e-10	1.1740534500700005e-09	0.9999999909215338	2.0178724096650787e-09	6.768608879368995e-10	2.3110787187786214e-09	1.4105028526356453e-09	7.695756135603806e-10
n48	2.8270005948431237e-10	4.6192717944891586e-10	0.9999999964281095	7.939247660571631e-10	2.663085235392751e-10	9.092857495096282e-10	5.549573609996397e-10	3.0278680457335387e-10
n59	3.3105478411639993e-09	5.409379925455032e-09	0.9999999581715184	9.297224503990687e-09	3.118595409193548e-09	1.0648154724944287e-08	6.49880617905345e-09	3.545772873347722e-09
n61	7.385962830508976e-10	1.2068540006806076e-09	0.9999999906679007	2.0742474632001763e-09	6.957709382505314e-10	2.3756453275701378e-09	1.449909295504816e-09	7.910759156637098e-10
n73	1.7754850165010562e-10	2.901112887359223e-10	0.9999999977566902	4.986208807083115e-10	1.6725387117817e-10	5.710728294316205e-10	3.4853847609696215e-10	1.901638916153307e-10
GQ868604	0.0	0.0	1.0	0.0	0.0	0.0	0.0	0.0
EU482603	0.0	0.0	1.0	0.0	0.0	0.0	0.0	0.0
n80	7.923204202480715e-12	1.294638344302223e-11	0.9999999998998911	2.2251244143182445e-11	7.463800385156652e-12	2.5484454025824493e-11	1.5553730349016618e-11	8.486173249583037e-12
EU482693	0.0	0.0	1.0	0.0	0.0	0.0	0.0	0.0
GU131959	0.0	0.0	1.0	0.0	0.0	0.0	0.0	0.0
GQ868497	0.0	0.0	1.0	0.0	0.0	0.0	0.0	0.0
GQ868515.1	0.0	0.0	1.0	0.0	0.0	0.0	0.0	0.0
GQ868515	0.0	0.0	1.0	0.0	0.0	0.0	0.0	0.0
n29	0.0	0.0	0.0	0.0	0.0	1.0	0.0	0.0
HQ332189	0.0	0.0	0.0	0.0	0.0	1.0	0.0	0.0
JN819407.1	0.0	0.0	0.0	0.0	0.0	1.0	0.0	0.0
JN819407.2	0.0	0.0	0.0	0.0	0.0	1.0	0.0	0.0
JN819407	0.0	0.0	0.0	0.0	0.0	1.0	0.0	0.0
n36	8.988858585252041e-09	1.468764492071585e-08	8.967329033212659e-09	2.524398991084459e-08	8.46766591598346e-09	0.9999999063712912	1.764567452858016e-08	9.627545790952536e-09
FJ850108	0.0	0.0	0.0	0.0	0.0	1.0	0.0	0.0
GU131947.1	0.0	0.0	0.0	0.0	0.0	1.0	0.0	0.0
GU131947	0.0	0.0	0.0	0.0	0.0	1.0	0.0	0.0
GQ868558	0.0	0.0	0.0	0.0	0.0	1.0	0.0	0.0
GQ868558.1	0.0	0.0	0.0	0.0	0.0	1.0	0.0	0.0
n94	1.9833712054182535e-08	1.6060666037150362e-06	1.978620758713442e-08	5.5700289668797494e-08	1.868371228179967e-08	0.9999982197517342	3.8934779569960996e-08	2.1242960849278707e-08
n103	3.857217115735646e-08	0.00011716579847066646	3.8479785504663e-08	1.0832471000637545e-07	3.633567665092813e-08	0.9998824954568274	7.571951117609724e-08	4.13128475158346e-08
n129	3.5770688568774714e-11	0.9999999995708042	3.568501285199787e-11	1.0045712620461626e-10	3.3696629834852373e-11	1.1505401665856946e-10	7.022003095959299e-11	3.8312310612474127e-11
GQ398296	0.0	1.0	0.0	0.0	0.0	0.0	0.0	0.0
GQ398308.1	0.0	1.0	0.0	0.0	0.0	0.0	0.0	0.0
GQ398308.3	0.0	1.0	0.0	0.0	0.0	0.0	0.0	0.0
GQ398308	0.0	1.0	0.0	0.0	0.0	0.0	0.0	0.0
GQ398308.2	0.0	1.0	0.0	0.0	0.0	0.0	0.0	0.0
n135	1.8411095424651569e-10	0.9999999977909385	1.8366998320003413e-10	5.170506385649957e-10	1.73435819158423e-10	5.921805155127694e-10	3.6142096852102563e-10	1.9719262749694226e-10
n138	4.5209935764402225e-08	0.9999994575470577	4.5101651752910435e-08	1.2696597142811777e-07	4.2588569895195026e-08	1.454147211220029e-07	8.87498456439772e-08	4.842224656776052e-08
GQ398285	0.0	1.0	0.0	0.0	0.0	0.0	0.0	0.0
EU482744	0.0	1.0	0.0	0.0	0.0	0.0	0.0	0.0
EU482744.1	0.0	1.0	0.0	0.0	0.0	0.0	0.0	0.0
n151	0.0	0.0	0.0	0.0	0.0	1.0	0.0	0.0
n152	6.417112133225925e-10	1.0488713335212829e-09	6.401742267460147e-10	1.8021588882674761e-09	6.045034658650989e-10	0.999999993315556	1.2597180280719115e-09	6.87306851280022e-10
n161	2.5414686289612654e-10	0.9999999969506104	2.535381462200875e-10	7.137369869572524e-10	2.394109005263999e-10	8.174463107456257e-10	4.989057044998544e-10	2.722048118738746e-10
EU677144	0.0	1.0	0.0	0.0	0.0	0.0	0.0	0.0
n163	5.707962323226698e-10	0.9999999931512823	5.694290968747808e-10	1.6030037844340564e-09	5.377002825854252e-10	1.8359277346377694e-09	1.1205076197584042e-09	6.113531336454549e-10
n166	1.3602253800254628e-09	0.9999999836792899	1.3569674532403054e-09	3.820008452038044e-09	1.2813566905362886e-09	4.375073553636072e-09	2.670204911313618e-09	1.456873751879563e-09
n217	1.250128531469636e-08	2.0426891580556316e-08	1.2471343017725779e-08	3.510816388574166e-08	1.1776434856692185e-08	4.020954436158547e-08	0.9999998541167952	1.3389541694478332e-08
n288	4.86647277851651e-08	7.951735307538644e-08	4.85481690718284e-08	1.3666828614239012e-07	4.584304590720196e-08	1.5652682755921924e-07	0.9999994321090778	5.212251263187273e-08
AF100460.2	0.0	0.0	0.0	0.0	0.0	0.0	1.0	0.0
AF100460.1	0.0	0.0	0.0	0.0	0.0	0.0	1.0	0.0
AF100460	0.0	0.0	0.0	0.0	0.0	0.0	1.0	0.0
n305	8.43693989307996e-15	1.3785818988149435e-14	8.416732262149039e-15	2.3694001137002083e-14	7.947748614606908e-15	2.7136850361139744e-14	0.9999999999999014	9.036411507175134e-15
FJ639828	0.0	0.0	0.0	0.0	0.0	0.0	1.0	0.0
n47	4.71840125272377e-12	7.709788905437087e-12	0.9999999999403836	1.325098982138849e-11	4.44481855918556e-12	1.5176420640856074e-11	9.262507804651822e-12	5.053658781017766e-12
FJ873808	0.0	0.0	1.0	0.0	0.0	0.0	0.0	0.0
n49	5.396136574930787e-09	8.817197111756581e-09	0.9999999318202878	1.515431753243816e-08	5.0832573813655085e-09	1.7356310773569164e-08	1.0592943343131494e-08	5.77954936955138e-09
n52	1.0107295906498798e-08	1.6515152838879615e-08	0.9999998722952032	2.838496940069753e-08	9.521253921008177e-09	3.2509438261541755e-08	1.984123481737114e-08	1.0825451667709803e-08
n60	2.4748780793342943e-11	4.043909480429692e-11	0.9999999996873014	6.950359344598988e-11	2.331379513854707e-11	7.960279076546205e-11	4.858335757723576e-11	2.65072609718306e-11
FJ850120	0.0	0.0	1.0	0.0	0.0	0.0	0.0	0.0
n62	4.8847858421690985e-11	7.981658547935336e-11	0.9999999993828117	1.371825836916264e-10	4.601555824949499e-11	1.5711585494866092e-10	9.589130844059819e-11	5.231865528693377e-11
n64	6.470949837042767e-09	1.0573424045373986e-08	0.9999999182401167	1.8172784770237738e-08	6.095750740707573e-09	2.0813375423750883e-08	1.2702866958277313e-08	6.9307315579867115e-09
n74	3.4867546845270026e-10	5.697298966939245e-10	0.9999999955945161	9.79207751940863e-10	3.284585414215538e-10	1.12149121987715e-09	6.844710898568502e-10	3.7344997775555444e-10
n76	9.464506813275658e-13	1.5464846187530938e-12	0.9999999999880417	2.657978343295424e-12	8.915735072955362e-13	3.0441950326626024e-12	1.8579400845686897e-12	1.013699034970843e-12
n81	2.799520240154751e-14	4.574369353524594e-14	0.9999999999996464	7.862072812405938e-14	2.6371982486805956e-14	9.004468776928613e-14	5.495628007208013e-14	2.998435123788588e-14
EU482634	0.0	0.0	1.0	0.0	0.0	0.0	0.0	0.0
EU482605.1	0.0	0.0	0.0	0.0	0.0	1.0	0.0	0.0
EU482605	0.0	0.0	0.0	0.0	0.0	1.0	0.0	0.0
n37	0.0	0.0	0.0	0.0	0.0	1.0	0.0	0.0
HQ332188	0.0	0.0	0.0	0.0	0.0	1.0	0.0	0.0
n95	2.2892402254924746e-08	6.402076671823369e-08	2.2837571804340592e-08	6.429020615659321e-08	2.1565053279072576e-08	0.999999734935845	4.4939173926988776e-08	2.4518980789818862e-08
n101	0.0	0.0	0.0	0.0	0.0	1.0	0.0	0.0
n104	1.1359662651410008e-06	0.0006096111630327707	1.1332454697665306e-06	3.1902071508087067e-06	1.070100584386019e-06	0.9993804126665202	2.229970668691463e-06	1.216680308283621e-06
GQ199890	0.0	0.0	0.0	0.0	0.0	1.0	0.0	0.0
EU482561.1	0.0	1.0	0.0	0.0	0.0	0.0	0.0	0.0
EU482561	0.0	1.0	0.0	0.0	0.0	0.0	0.0	0.0
n136	1.0563754408203116e-12	0.9999999999873251	1.0538452764119938e-12	2.966687117971189e-12	9.951246011804226e-13	3.3977606366778154e-12	2.073729053795983e-12	1.1314343008601303e-12
EU482588	0.0	1.0	0.0	0.0	0.0	0.0	0.0	0.0
n139	8.638935493056975e-12	0.9999999998963452	8.618244054894316e-12	2.4261278376875552e-11	8.138032090632474e-12	2.778655563813015e-11	1.6958754277655406e-11	9.25275954178993e-12
GQ398291	0.0	1.0	0.0	0.0	0.0	0.0	0.0	0.0
KC294222.1	0.0	0.0	0.0	0.0	0.0	1.0	0.0	0.0
KC294222	0.0	0.0	0.0	0.0	0.0	1.0	0.0	0.0
FJ850072.1	0.0	0.0	0.0	0.0	0.0	1.0	0.0	0.0
FJ850072	0.0	0.0	0.0	0.0	0.0	1.0	0.0	0.0
EU569714.1	0.0	1.0	0.0	0.0	0.0	0.0	0.0	0.0
EU569714	0.0	1.0	0.0	0.0	0.0	0.0	0.0	0.0
n164	4.516127489343712e-09	0.9999999458130916	4.505310743142107e-09	1.2682931397333133e-08	4.254273048248146e-09	1.4525820669987061e-08	8.865432140325365e-09	4.837012818598813e-09
EU482728	0.0	1.0	0.0	0.0	0.0	0.0	0.0	0.0
n167	6.893207354982906e-09	0.9999999172916189	6.876697175708775e-09	1.9358637726045506e-08	6.493524891732248e-09	2.2171538362388892e-08	1.3531784073631938e-08	7.382991825626538e-09
EU482565	0.0	1.0	0.0	0.0	0.0	0.0	0.0	0.0
n218	6.159858184697799e-09	1.006510547699475e-08	6.145104477505301e-09	1.7299126067226324e-08	5.802696827763564e-09	1.981277002353557e-08	0.9999999281178029	6.5975358469040796e-09
n286	1.762113694907412e-07	2.879264371014114e-07	1.7578931903576258e-07	4.948657264336806e-07	1.6599426871545108e-07	5.66772031850533e-07	0.9999979437090954	1.887317519314383e-07
n289	8.762477893198065e-09	1.4317742647706769e-08	8.741490554002802e-09	2.4608230447947185e-08	8.254411246109437e-09	2.818392146843961e-08	0.9999998977466457	9.385080025330964e-09
n297	0.0	0.0	0.0	0.0	0.0	0.0	1.0	0.0
FJ639828.2	0.0	0.0	0.0	0.0	0.0	0.0	1.0	0.0
FJ639828.1	0.0	0.0	0.0	0.0	0.0	0.0	1.0	0.0
FJ850061.1	0.0	0.0	1.0	0.0	0.0	0.0	0.0	0.0
FJ850061	0.0	0.0	1.0	0.0	0.0	0.0	0.0	0.0
n50	3.1742623564472917e-11	5.186691717783973e-11	0.9999999995989347	8.914485208611431e-11	2.990212039621759e-11	1.02098016183049e-10	6.23126950757589e-11	3.399803868238996e-11
FJ850065	0.0	0.0	1.0	0.0	0.0	0.0	0.0	0.0
n53	0.0	0.0	1.0	0.0	0.0	0.0	0.0	0.0
n54	9.338276438492811e-09	1.5258587861690556e-08	0.9999998820116967	2.6225282549751053e-08	8.796823797182902e-09	3.003593880646066e-08	1.8331602964797623e-08	1.0001790902314195e-08
FJ744744	0.0	0.0	1.0	0.0	0.0	0.0	0.0	0.0
FJ744744.1	0.0	0.0	1.0	0.0	0.0	0.0	0.0	0.0
n63	2.9097020441456386e-13	4.754404582512297e-13	0.9999999999963237	8.171503461684156e-13	2.740991483090351e-13	9.358861147303699e-13	5.711921570373519e-13	3.116445698011264e-13
FJ850066.1	0.0	0.0	1.0	0.0	0.0	0.0	0.0	0.0
n65	8.578536460106378e-10	1.401718541568208e-09	0.9999999891610944	2.4091655886548334e-09	8.081135118917594e-10	2.7592286206332765e-09	1.684018731309821e-09	9.188068964010104e-10
FJ882594	0.0	0.0	1.0	0.0	0.0	0.0	0.0	0.0
n75	7.562220635795502e-09	1.2356542319216106e-08	0.9999999044520059	2.1237470767068446e-08	7.123747394572776e-09	2.4323374634899034e-08	1.4845097715909659e-08	8.099540643776409e-09
EU596500	0.0	0.0	1.0	0.0	0.0	0.0	0.0	0.0
n77	1.031859292693162e-15	1.6860408644104844e-15	0.9999999999999869	2.8978368418093254e-15	9.72029950183458e-16	3.3189060932545932e-15	2.025602368250399e-15	1.1051762018508563e-15
EU482687.1	0.0	0.0	1.0	0.0	0.0	0.0	0.0	0.0
EU482634.1	0.0	0.0	1.0	0.0	0.0	0.0	0.0	0.0
EU482634.2	0.0	0.0	1.0	0.0	0.0	0.0	0.0	0.0
HQ332186.1	0.0	0.0	0.0	0.0	0.0	1.0	0.0	0.0
HQ332186	0.0	0.0	0.0	0.0	0.0	1.0	0.0	0.0
n96	8.471232749069531e-10	1.3920961308849372e-09	8.450942982034027e-10	2.379030797089032e-09	7.980053099661444e-10	0.9999999911683817	1.6629543620942283e-09	9.073140980468195e-10
n100	6.388693938570886e-10	1.0442938561833142e-09	6.373392138288161e-10	1.7941780238189762e-09	6.018264209879097e-10	0.9999999933450907	1.2541393641200977e-09	6.842631114353825e-10
JX669476	0.0	0.0	0.0	0.0	0.0	1.0	0.0	0.0
JX669476.1	0.0	0.0	0.0	0.0	0.0	1.0	0.0	0.0
JX669476.2	0.0	0.0	0.0	0.0	0.0	1.0	0.0	0.0
EU920846	0.0	0.0	0.0	0.0	0.0	1.0	0.0	0.0
EU920850	0.0	1.0	0.0	0.0	0.0	0.0	0.0	0.0
EU482588.2	0.0	1.0	0.0	0.0	0.0	0.0	0.0	0.0
EU482588.1	0.0	1.0	0.0	0.0	0.0	0.0	0.0	0.0
GQ398286	0.0	1.0	0.0	0.0	0.0	0.0	0.0	0.0
GQ398286.1	0.0	1.0	0.0	0.0	0.0	0.0	0.0	0.0
n165	0.0	1.0	0.0	0.0	0.0	0.0	0.0	0.0
EU482729	0.0	1.0	0.0	0.0	0.0	0.0	0.0	0.0
n168	3.265767625753349e-10	0.9999999960815578	3.2579456633210333e-10	9.171465343880352e-10	3.0764116435744864e-10	1.0504122169580967e-09	6.410899900524108e-10	3.497810880141812e-10
n169	1.3559808439662707e-12	0.9999999999837301	1.3527330834285023e-12	3.808088248328281e-12	1.2773582614836221e-12	4.3614212880034745e-12	2.661872629621234e-12	1.4523276279324952e-12
n219	2.641120524848069e-09	4.315546862115904e-09	2.634794678097165e-09	7.41722870042457e-09	2.487982877487139e-09	8.494986734150206e-09	0.9999999691795592	2.828780601145303e-09
n283	1.5464359764377564e-08	2.52685057830256e-08	1.5427320496744777e-08	4.342955650788807e-08	1.4567704102517513e-08	4.9740074265664444e-08	0.9999998195393269	1.6563152078460963e-08
n287	2.3355829143566977e-10	3.8163035054386165e-10	2.32998887218738e-10	6.55916777049934e-10	2.2001609715275097e-10	7.512245536431687e-10	0.9999999972745017	2.501533564386918e-10
FJ639710	0.0	0.0	0.0	0.0	0.0	0.0	1.0	0.0
n290	1.3702094466125934e-09	2.238899369467701e-09	1.3669276066153782e-09	3.848047348612548e-09	1.2907618602295203e-09	4.407186632518734e-09	0.9999999840104004	1.4675672183898964e-09
n295	1.0417778190801176e-07	1.7022475710046496e-07	1.0392826179827078e-07	2.925691677622802e-07	9.813733798332916e-08	3.350808367038313e-07	0.9999987843019097	1.1157994713197809e-07
GQ868620.1	0.0	0.0	0.0	0.0	0.0	0.0	1.0	0.0
GQ868620	0.0	0.0	0.0	0.0	0.0	0.0	1.0	0.0
n51	1.2432103206651194e-13	2.0313849170533758e-13	0.9999999999984291	3.491387532052066e-13	1.1711264070798294e-13	3.998702475880513e-13	2.440497253457834e-13	1.3315443975974644e-13
GQ199898.1	0.0	0.0	1.0	0.0	0.0	0.0	0.0	0.0
KJ189308.1	0.0	0.0	1.0	0.0	0.0	0.0	0.0	0.0
KJ189308	0.0	0.0	1.0	0.0	0.0	0.0	0.0	0.0
n55	3.649012405879595e-11	5.962425375843674e-11	0.9999999995389505	1.0247756317994002e-10	3.437435096260453e-11	1.1736803257958044e-10	7.163232645638195e-11	3.908286429936603e-11
n57	0.0	0.0	1.0	0.0	0.0	0.0	0.0	0.0
FJ850066.2	0.0	0.0	1.0	0.0	0.0	0.0	0.0	0.0
FJ850066	0.0	0.0	1.0	0.0	0.0	0.0	0.0	0.0
n66	1.220408534643326e-10	1.994127179213998e-10	0.9999999984580245	3.427351809293252e-10	1.1496467159166969e-10	3.92536206299602e-10	2.395735964691869e-10	1.307122471614505e-10
n70	2.6841413547398207e-13	4.3858421802198175e-13	0.9999999999966087	7.538046864982788e-13	2.5285092704097497e-13	8.633360343299898e-13	5.269132258032188e-13	2.874858198853555e-13
FJ205885	0.0	0.0	1.0	0.0	0.0	0.0	0.0	0.0
JF357906	0.0	0.0	1.0	0.0	0.0	0.0	0.0	0.0
EU482687.2	0.0	0.0	1.0	0.0	0.0	0.0	0.0	0.0
EU482687	0.0	0.0	1.0	0.0	0.0	0.0	0.0	0.0
JX286520	0.0	0.0	0.0	0.0	0.0	1.0	0.0	0.0
n98	0.0	0.0	0.0	0.0	0.0	1.0	0.0	0.0
n99	1.199846880913605e-11	1.9605301510307545e-11	1.1969730826822099e-11	3.369607194181053e-11	1.1302772695279111e-11	0.9999999998750229	2.3553721914671666e-11	1.2850998465010796e-11
JX669478	0.0	0.0	0.0	0.0	0.0	1.0	0.0	0.0
JX669478.1	0.0	0.0	0.0	0.0	0.0	1.0	0.0	0.0
EU569719	0.0	1.0	0.0	0.0	0.0	0.0	0.0	0.0
EU569719.1	0.0	1.0	0.0	0.0	0.0	0.0	0.0	0.0
EU677143	0.0	1.0	0.0	0.0	0.0	0.0	0.0	0.0
EU677143.1	0.0	1.0	0.0	0.0	0.0	0.0	0.0	0.0
EU677146	0.0	1.0	0.0	0.0	0.0	0.0	0.0	0.0
n171	1.7435580067915153e-10	0.9999999979079861	1.739381945665752e-10	4.896546131522348e-10	1.642462896331638e-10	5.608037194276597e-10	3.422710104709071e-10	1.8674433900994092e-10
n175	2.0167394656344074e-08	0.9999997580208336	2.0119090973584896e-08	5.6637391989685665e-08	1.8998047274421934e-08	6.4867070039475e-08	3.958981875397878e-08	2.160035266955087e-08
n179	0.0	1.0	0.0	0.0	0.0	0.0	0.0	0.0
n220	8.516622792315077e-19	1.3916019515737318e-18	8.496224309885903e-19	2.3917779749745905e-18	8.02281133403237e-19	2.739314505332531e-18	1.0	9.121756131730759e-19
n282	1.874855091532175e-07	3.063481931650636e-07	1.8703645558380999e-07	5.265276182293703e-07	1.7661471037070395e-07	6.030345446630457e-07	0.9999978121460135	2.0080695534293368e-07
n284	4.3916683262841825e-09	7.175912756211588e-09	4.381149676888402e-09	1.2333404721972842e-08	4.137030285668689e-09	1.4125506133317356e-08	0.9999999487516177	4.703710433196377e-09
GU131932	0.0	0.0	0.0	0.0	0.0	0.0	1.0	0.0
FJ639704.1	0.0	0.0	0.0	0.0	0.0	0.0	1.0	0.0
FJ639704	0.0	0.0	0.0	0.0	0.0	0.0	1.0	0.0
n291	1.3636102855791068e-08	2.228116450466949e-08	1.3603442514798008e-08	3.8295145000901895e-08	1.2845453322435281e-08	4.385960874395024e-08	0.9999998408740916	1.4604991658191284e-08
GQ868622	0.0	0.0	0.0	0.0	0.0	0.0	1.0	0.0
n296	0.0	0.0	0.0	0.0	0.0	0.0	1.0	0.0
GQ868638	0.0	0.0	0.0	0.0	0.0	0.0	1.0	0.0
GQ199898.2	0.0	0.0	1.0	0.0	0.0	0.0	0.0	0.0
GQ199898	0.0	0.0	1.0	0.0	0.0	0.0	0.0	0.0
n56	2.1139630134625015e-13	3.454180285809552e-13	0.9999999999973289	5.936778343726686e-13	1.991391052264974e-13	6.799420013928058e-13	4.149837595867562e-13	2.2641668593921463e-13
GQ199894.1	0.0	0.0	1.0	0.0	0.0	0.0	0.0	0.0
KJ189309	0.0	0.0	1.0	0.0	0.0	0.0	0.0	0.0
KJ189309.1	0.0	0.0	1.0	0.0	0.0	0.0	0.0	0.0
n67	4.457993648799541e-10	7.284287226352989e-10	0.9999999943673641	1.2519670392584047e-09	4.199509928384546e-10	1.4338837077363779e-09	8.751311885833667e-10	4.774748382404298e-10
EU482444	0.0	0.0	1.0	0.0	0.0	0.0	0.0	0.0
FJ906956	0.0	0.0	1.0	0.0	0.0	0.0	0.0	0.0
FJ906956.1	0.0	0.0	1.0	0.0	0.0	0.0	0.0	0.0
KC294211	0.0	0.0	0.0	0.0	0.0	1.0	0.0	0.0
KC294211.1	0.0	0.0	0.0	0.0	0.0	1.0	0.0	0.0
JX286525.1	0.0	0.0	0.0	0.0	0.0	1.0	0.0	0.0
JX286525	0.0	0.0	0.0	0.0	0.0	1.0	0.0	0.0
n172	4.0319847496524707e-13	0.9999999999951622	4.02232759187102e-13	1.132328219156785e-12	3.798201909018021e-13	1.2968608073107152e-12	7.915030581668823e-13	4.318470185902143e-13
KF955364.3	0.0	1.0	0.0	0.0	0.0	0.0	0.0	0.0
n176	5.635741874996729e-08	0.9999993237936067	5.6222434984200164e-08	1.5827216512890853e-07	5.3089698690428835e-08	1.8126985124219602e-07	1.106330307792844e-07	6.036179393960102e-08
n177	0.0	1.0	0.0	0.0	0.0	0.0	0.0	0.0
EU529706.1	0.0	1.0	0.0	0.0	0.0	0.0	0.0	0.0
EU529706	0.0	1.0	0.0	0.0	0.0	0.0	0.0	0.0
n280	9.5974960289616e-08	1.568214834661424e-07	9.574508706535216e-08	2.695326560393144e-07	9.041013298013302e-08	3.086970120448332e-07	0.9999988800243793	1.0279428875309436e-07
n239	3.005991239249065e-09	4.911739520420199e-09	2.998791476975761e-09	8.441918603569055e-09	2.8316976308978707e-09	9.66856887451643e-09	0.9999999649217162	3.2195765489686004e-09
n235	1.2353901973287335e-08	2.0186069660253208e-08	1.232431267968128e-08	3.4694257765373914e-08	1.1637597107182972e-08	3.973549574535414e-08	0.9999998558366787	1.3231686294398167e-08
n228	9.59983693995663e-12	1.5685973356114584e-11	9.57684401072659e-12	2.695983973489371e-11	9.043218478132334e-12	3.087723058743329e-11	0.9999999998879752	1.02819361155317e-11
n225	1.3547986576728959e-11	2.2137183975182036e-11	1.3515537286338236e-11	3.8047682384983725e-11	1.2762446208041284e-11	4.357618865211693e-11	0.9999999998419024	1.4510614435148676e-11
n227	0.0	0.0	0.0	0.0	0.0	0.0	1.0	0.0
EU687249	0.0	0.0	0.0	0.0	0.0	0.0	1.0	0.0
FJ639707	0.0	0.0	0.0	0.0	0.0	0.0	1.0	0.0
n285	0.0	0.0	0.0	0.0	0.0	0.0	1.0	0.0
GQ868631	0.0	0.0	0.0	0.0	0.0	0.0	1.0	0.0
n292	8.60388173501925e-11	1.405859917192329e-10	8.583274255426184e-11	2.416283465280881e-10	8.105010822209116e-11	2.767380758036033e-10	0.9999999989959736	9.215215101920012e-11
GQ868623	0.0	0.0	0.0	0.0	0.0	0.0	1.0	0.0
JF730047	0.0	0.0	0.0	0.0	0.0	0.0	1.0	0.0
JF730047.1	0.0	0.0	0.0	0.0	0.0	0.0	1.0	0.0
GQ199894	0.0	0.0	1.0	0.0	0.0	0.0	0.0	0.0
GQ199894.2	0.0	0.0	1.0	0.0	0.0	0.0	0.0	0.0
n68	1.4296869195063658e-11	2.336084567605552e-11	0.9999999998193605	4.015081762538732e-11	1.3467907058515587e-11	4.598491928305051e-11	2.8065621257818848e-11	1.5312707563178855e-11
EU482639	0.0	0.0	1.0	0.0	0.0	0.0	0.0	0.0
n173	2.8197036052137915e-14	0.9999999999996617	2.812950027434307e-14	7.918755055105054e-14	2.6562113403606326e-14	9.069387214695392e-14	5.535249176831003e-14	3.020052581609121e-14
KF955364.2	0.0	1.0	0.0	0.0	0.0	0.0	0.0	0.0
EU482551	0.0	1.0	0.0	0.0	0.0	0.0	0.0	0.0
EU596489	0.0	1.0	0.0	0.0	0.0	0.0	0.0	0.0
EU482721.2	0.0	1.0	0.0	0.0	0.0	0.0	0.0	0.0
EU482721.1	0.0	1.0	0.0	0.0	0.0	0.0	0.0	0.0
EU482721	0.0	1.0	0.0	0.0	0.0	0.0	0.0	0.0
n281	2.027775447313231e-13	3.3133512410349716e-13	2.0229186463439952e-13	5.694732256375604e-13	1.910200820007773e-13	6.522203497605364e-13	0.9999999999976337	2.171855390495054e-13
EU482669	0.0	0.0	0.0	0.0	0.0	0.0	1.0	0.0
n240	3.5652356907066314e-11	5.825535621331673e-11	3.556696461088717e-11	1.0012480778554565e-10	3.358515928838345e-11	1.1467341081836436e-10	0.9999999995839564	3.818557110702833e-11
n276	8.65850868032554e-09	1.414785868892965e-08	8.637770361688502e-09	2.431624701802665e-08	8.156470383896214e-09	2.784951148002647e-08	0.9999998989599099	9.273723466732768e-09
n236	2.808232637195991e-09	4.58860526489596e-09	2.801506533961906e-09	7.886540397575112e-09	2.6454054828664418e-09	9.032491616701173e-09	0.9999999672294514	3.0077665645569535e-09
EU482661	0.0	0.0	0.0	0.0	0.0	0.0	1.0	0.0
EU660413	0.0	0.0	0.0	0.0	0.0	0.0	1.0	0.0
n230	1.2055601615279831e-09	1.969865185335801e-09	1.2026726792040706e-09	3.3856521677246145e-09	1.1356592822793624e-09	3.877603268404164e-09	0.9999999859317683	1.291219074010313e-09
n232	7.097539176654859e-09	1.1597260569666562e-08	7.080539594576853e-09	1.9932475927618086e-08	6.686009130472098e-09	2.2828757939497202e-08	0.9999999171755755	7.60184207797371e-09
n226	7.890002481998913e-15	1.2892132385831134e-14	7.871104841358962e-15	2.2158001615344655e-14	7.43252376930945e-15	2.5377662922387316e-14	0.9999999999999079	8.450612440471922e-15
EU482468.2	0.0	0.0	0.0	0.0	0.0	0.0	1.0	0.0
EU482784.1	0.0	0.0	0.0	0.0	0.0	0.0	1.0	0.0
EU482784	0.0	0.0	0.0	0.0	0.0	0.0	1.0	0.0
KF955402.1	0.0	0.0	0.0	0.0	0.0	0.0	1.0	0.0
KF955402	0.0	0.0	0.0	0.0	0.0	0.0	1.0	0.0
n293	7.524442129356908e-13	1.2294812870149832e-12	7.506420056017755e-13	2.113137495675641e-12	7.088159364313661e-13	2.4201862606949702e-12	0.9999999999912194	8.059077853400766e-13
n294	7.524442129356908e-13	1.2294812870149832e-12	7.506420056017755e-13	2.113137495675641e-12	7.088159364313661e-13	2.4201862606949702e-12	0.9999999999912194	8.059077853400766e-13
n69	6.526489927068488e-14	1.0664175625613181e-13	0.9999999999991753	1.8328761578523174e-13	6.148070501088838e-14	2.0992016392058097e-13	1.281189552320433e-13	6.990217949377223e-14
FJ744741	0.0	0.0	1.0	0.0	0.0	0.0	0.0	0.0
KF955364	0.0	1.0	0.0	0.0	0.0	0.0	0.0	0.0
KF955364.1	0.0	1.0	0.0	0.0	0.0	0.0	0.0	0.0
FM210214.1	0.0	0.0	0.0	0.0	0.0	0.0	1.0	0.0
FM210214	0.0	0.0	0.0	0.0	0.0	0.0	1.0	0.0
n241	3.070178707594272e-11	5.0166207725244575e-11	3.0628252075099664e-11	8.622180400764037e-11	2.8921633766636033e-11	9.875023554248469e-11	0.9999999996417269	3.2883247426171996e-11
n274	3.572841159889957e-08	5.837962831055815e-08	3.56428371412777e-08	1.003383970700029e-07	3.3656804171399385e-08	1.1491803562518973e-07	0.9999995830688562	3.8267029728420244e-08
n277	1.1174324359926552e-08	1.8258659525021255e-08	1.114756031686954e-08	3.1381574059392255e-08	1.0526413851024073e-08	3.594146359758729e-08	0.9999998696017083	1.1968295911858848e-08
EU482705	0.0	0.0	0.0	0.0	0.0	0.0	1.0	0.0
n237	2.922437201520651e-08	4.775213617136512e-08	2.915437562654483e-08	8.207268423524284e-08	2.7529882296201057e-08	9.399822925435448e-08	0.9999996589674631	3.1300857291253464e-08
EU482451	0.0	0.0	0.0	0.0	0.0	0.0	1.0	0.0
n231	7.360333574532711e-12	1.2026662230239644e-11	7.342704563743547e-12	2.067049834344954e-11	6.933566163961607e-12	2.3674018465390767e-11	0.9999999999141089	7.883308859899273e-12
EU482776	0.0	0.0	0.0	0.0	0.0	0.0	1.0	0.0
n233	8.028031788963344e-09	1.3117669969953555e-08	8.008803549157328e-09	2.2545638198940242e-08	7.562549850697261e-09	2.5821624915244203e-08	0.9999999063172326	8.598449171986842e-09
FM210211	0.0	0.0	0.0	0.0	0.0	0.0	1.0	0.0
EU482468.1	0.0	0.0	0.0	0.0	0.0	0.0	1.0	0.0
EU482468	0.0	0.0	0.0	0.0	0.0	0.0	1.0	0.0
FJ639706.2	0.0	0.0	0.0	0.0	0.0	0.0	1.0	0.0
FJ639706.3	0.0	0.0	0.0	0.0	0.0	0.0	1.0	0.0
FJ639706	0.0	0.0	0.0	0.0	0.0	0.0	1.0	0.0
FJ639706.1	0.0	0.0	0.0	0.0	0.0	0.0	1.0	0.0
FJ744741.2	0.0	0.0	1.0	0.0	0.0	0.0	0.0	0.0
FJ744741.1	0.0	0.0	1.0	0.0	0.0	0.0	0.0	0.0
n242	3.0686327810237654e-15	5.0140947543069456e-15	3.0612829836461267e-15	8.6178388757107e-15	2.89070708612287e-15	9.870051185291854e-15	0.9999999999999641	3.2866689730102096e-15
n265	7.99223973961133e-10	1.3059186358616403e-09	7.973097226684102e-10	2.244512108387369e-09	7.528833098621696e-10	2.570650219306138e-09	0.9999999906734907	8.560113982839029e-10
n275	3.595944754341912e-12	5.875713718833443e-12	3.5873319722947944e-12	1.0098723017791972e-11	3.3874444172543127e-12	1.1566114721943182e-11	0.9999999999580373	3.851448151711201e-12
EU482676	0.0	0.0	0.0	0.0	0.0	0.0	1.0	0.0
n278	9.100804294347584e-12	1.487056234113434e-11	9.079006616909397e-12	2.55583742483184e-11	8.573120780620465e-12	2.9272125608515073e-11	0.9999999998937986	9.747445601389679e-12
n279	1.7340251675341974e-11	2.833368186032588e-11	1.7298719388690032e-11	4.8697744456902595e-11	1.6334827908715096e-11	5.577375457234376e-11	0.9999999997976486	1.85723321206655e-11
n238	2.2690603682025125e-10	3.7076067751626784e-10	2.263625656676568e-10	6.372348224053793e-10	2.1374955406085697e-10	7.298280235800733e-10	0.9999999973521299	2.430284378168664e-10
FJ410224	0.0	0.0	0.0	0.0	0.0	0.0	1.0	0.0
EU482776.2	0.0	0.0	0.0	0.0	0.0	0.0	1.0	0.0
EU482776.1	0.0	0.0	0.0	0.0	0.0	0.0	1.0	0.0
n234	7.869528017791916e-09	1.2858677452998376e-08	7.850679416308512e-09	2.2100501860178925e-08	7.413236457013974e-09	2.531180818376751e-08	0.9999999081668854	8.428683199976193e-09
FJ432726	0.0	0.0	0.0	0.0	0.0	0.0	1.0	0.0
n249	1.0765903687715435e-10	1.7591306962424612e-10	1.0740117868316904e-10	3.023458000771214e-10	1.0141674256706813e-10	3.462780594366946e-10	0.9999999987436776	1.1530855642174828e-10
n248	4.480203435971224e-11	7.320577647950666e-11	4.4694727328161844e-11	1.2582043566882708e-10	4.220431946019073e-11	1.4410273365718168e-10	0.9999999994771847	4.7985362461218906e-11
n245	1.01566241822623e-08	1.6595754418278196e-08	1.0132297671041378e-08	2.8523501171320365e-08	9.56772204100532e-09	3.2668099346594824e-08	0.9999998814777162	1.08782848755301e-08
EU482642	0.0	0.0	0.0	0.0	0.0	0.0	1.0	0.0
n266	4.9002941726746375e-11	8.006998901175625e-11	4.888557294452288e-11	1.3761811411532017e-10	4.616164950278382e-11	1.5761466998064863e-10	0.9999999994281623	5.248475775775053e-11
n267	1.4831460006157108e-09	2.4234358140036334e-09	1.4795936620454556e-09	4.165214339591561e-09	1.3971501185307279e-09	4.770439471240402e-09	0.9999999826924924	1.5885282764402846e-09
FJ024461	0.0	0.0	0.0	0.0	0.0	0.0	1.0	0.0
FJ024461.1	0.0	0.0	0.0	0.0	0.0	0.0	1.0	0.0
EU482658	0.0	0.0	0.0	0.0	0.0	0.0	1.0	0.0
EU482658.1	0.0	0.0	0.0	0.0	0.0	0.0	1.0	0.0
EU482464	0.0	0.0	0.0	0.0	0.0	0.0	1.0	0.0
EU482464.1	0.0	0.0	0.0	0.0	0.0	0.0	1.0	0.0
FJ410215.1	0.0	0.0	0.0	0.0	0.0	0.0	1.0	0.0
FJ410215	0.0	0.0	0.0	0.0	0.0	0.0	1.0	0.0
EU482541	0.0	0.0	0.0	0.0	0.0	0.0	1.0	0.0
FJ410259	0.0	0.0	0.0	0.0	0.0	0.0	1.0	0.0
n250	5.687051822981081e-17	9.292547772225714e-17	5.673430552024997e-17	1.5971313541112885e-16	5.357304759794287e-17	1.8292020124840057e-16	0.9999999999999993	6.091135078162455e-17
n262	5.129436237146496e-09	8.381413210559396e-09	5.117150532177924e-09	1.4405325814258103e-08	4.832020882468693e-09	1.6498487054366998e-08	0.9999999401422671	5.493899118173133e-09
FM210246.1	0.0	0.0	0.0	0.0	0.0	0.0	1.0	0.0
FM210246	0.0	0.0	0.0	0.0	0.0	0.0	1.0	0.0
n246	3.3727848850773887e-10	5.51107421658653e-10	3.3647066015965575e-10	9.4720087987629e-10	3.177223820182416e-10	1.0848335994633544e-09	0.9999999960641435	3.6124320586588335e-10
n247	0.0	0.0	0.0	0.0	0.0	0.0	1.0	0.0
EU482670.1	0.0	0.0	0.0	0.0	0.0	0.0	1.0	0.0
EU482670	0.0	0.0	0.0	0.0	0.0	0.0	1.0	0.0
n268	4.4144752256335146e-12	7.213178849142834e-12	4.403901950578365e-12	1.2397454804818379e-11	4.158514793678022e-12	1.419886299287636e-11	0.9999999999484855	4.728137835825183e-12
n269	4.192525846123061e-09	6.850517266953201e-09	4.182484170344821e-09	1.1774140082048933e-08	3.949434499652943e-09	1.3484977724538355e-08	0.9999999510755022	4.490418241702712e-09
n261	1.7126350907402348e-08	2.7984171575126324e-08	1.70853309424961e-08	4.8097033167857596e-08	1.613332955106413e-08	5.5085757122406776e-08	0.9999998001447937	1.8343233017756324e-08
n252	6.434694108517762e-09	1.0514182790006129e-08	6.41928213150404e-09	1.807096547511643e-08	6.061597194539429e-09	2.0696761308656046e-08	0.9999999249106172	6.891899743774891e-09
n255	1.4308171688139508e-11	2.3379313761123457e-11	1.4273901649898822e-11	4.018255914389806e-11	1.3478554209594486e-11	4.602127299271233e-11	0.9999999998330314	1.5324813134604598e-11
FJ461309	0.0	0.0	0.0	0.0	0.0	0.0	1.0	0.0
n263	1.985180051891979e-08	3.243751075756129e-08	1.9804252727506736e-08	5.575108866813473e-08	1.8700751939824464e-08	6.385198269848774e-08	0.9999997683402783	2.1262334557396605e-08
GU131899	0.0	0.0	0.0	0.0	0.0	0.0	1.0	0.0
FJ024452.1	0.0	0.0	0.0	0.0	0.0	0.0	1.0	0.0
FJ024452	0.0	0.0	0.0	0.0	0.0	0.0	1.0	0.0
FJ205877.1	0.0	0.0	0.0	0.0	0.0	0.0	1.0	0.0
FJ205877	0.0	0.0	0.0	0.0	0.0	0.0	1.0	0.0
EU482656	0.0	0.0	0.0	0.0	0.0	0.0	1.0	0.0
EU482656.1	0.0	0.0	0.0	0.0	0.0	0.0	1.0	0.0
n270	1.3701959662595576e-08	2.238877342795803e-08	1.366914158549641e-08	3.8480094908697874e-08	1.2907491614953196e-08	4.407143273868821e-08	0.9999998401055783	1.467552780214582e-08
n273	5.645629833473878e-13	9.224864932628424e-13	5.632107773877244e-13	1.5854985502876472e-12	5.318284503173739e-13	1.8158789078375023e-12	0.9999999999934118	6.046769923571279e-13
EU482654	0.0	0.0	0.0	0.0	0.0	0.0	1.0	0.0
FJ547067	0.0	0.0	0.0	0.0	0.0	0.0	1.0	0.0
n253	0.0	0.0	0.0	0.0	0.0	0.0	1.0	0.0
EU482645	0.0	0.0	0.0	0.0	0.0	0.0	1.0	0.0
n256	8.041732833987898e-10	1.3140057248878215e-09	8.022471778295466e-10	2.2584115725212072e-09	7.575456480706786e-10	2.5865693406111074e-09	0.9999999906157346	8.613123720162981e-10
FJ024454	0.0	0.0	0.0	0.0	0.0	0.0	1.0	0.0
EU677148	0.0	0.0	0.0	0.0	0.0	0.0	1.0	0.0
n264	0.0	0.0	0.0	0.0	0.0	0.0	1.0	0.0
FJ410202	0.0	0.0	0.0	0.0	0.0	0.0	1.0	0.0
n271	0.0	0.0	0.0	0.0	0.0	0.0	1.0	0.0
n272	2.2630047511168428e-10	3.6977119979019016e-10	2.2575845436263286e-10	6.355341844971871e-10	2.1317910407646515e-10	7.278802750269164e-10	0.9999999973591964	2.423798490084896e-10
FJ410217	0.0	0.0	0.0	0.0	0.0	0.0	1.0	0.0
FJ410217.1	0.0	0.0	0.0	0.0	0.0	0.0	1.0	0.0
FJ410223	0.0	0.0	0.0	0.0	0.0	0.0	1.0	0.0
FJ410223.1	0.0	0.0	0.0	0.0	0.0	0.0	1.0	0.0
n257	1.970798349602183e-09	3.2202516142189907e-09	1.9660780166150183e-09	5.53471980694996e-09	1.8565273726280275e-09	6.338940490615717e-09	0.9999999770018545	2.1108298874185355e-09
EU482652	0.0	0.0	0.0	0.0	0.0	0.0	1.0	0.0
FJ205879.1	0.0	0.0	0.0	0.0	0.0	0.0	1.0	0.0
FJ205879	0.0	0.0	0.0	0.0	0.0	0.0	1.0	0.0
EU482701	0.0	0.0	0.0	0.0	0.0	0.0	1.0	0.0
EU482701.1	0.0	0.0	0.0	0.0	0.0	0.0	1.0	0.0
FJ562098.1	0.0	0.0	0.0	0.0	0.0	0.0	1.0	0.0
FJ562098	0.0	0.0	0.0	0.0	0.0	0.0	1.0	0.0
n258	0.0	0.0	0.0	0.0	0.0	0.0	1.0	0.0
n259	6.459815075765509e-11	1.0555230031265809e-10	6.444342930581668e-11	1.814151430372891e-10	6.085261595989607e-11	2.0777561212148112e-10	0.9999999992461749	6.918805636241317e-11
FJ390387.1	0.0	0.0	0.0	0.0	0.0	0.0	1.0	0.0
FJ390387	0.0	0.0	0.0	0.0	0.0	0.0	1.0	0.0
FJ547064.1	0.0	0.0	0.0	0.0	0.0	0.0	1.0	0.0
FJ547064	0.0	0.0	0.0	0.0	0.0	0.0	1.0	0.0
