node	Africa	Caribbean	Central America	Eastern Asia	Europe	Oceania	South America	South-eastern Asia	Southern Asia	Western Asia
AF100460_FJ467493.1	0.05779534896688153	0.1453817880177263	0.06231944055080495	0.21195868880729948	0.02524565093630277	0.051271589077088814	0.1989886985837025	0.16508113079621722	0.0556581643327463	0.026299499931230118
AF100460_GQ398257.1	0.014882384328387574	0.061369059851499014	0.03133115477962079	0.058507648801729255	0.00685067981286924	0.02251793328488543	0.06597043481876422	0.6883555411357232	0.04307850911802901	0.007136654068492193
EF105378_FJ467493.1	0.151925525474264	0.11648146208892964	0.04988235980569426	0.17012341017294774	0.0202640376325734	0.04107088011006587	0.1596064461371932	0.22513173859647412	0.04440430567257863	0.021109834309279006
AF100460_GU131843	0.0021392404414307853	0.01390753439751548	0.0027897939592387206	0.00887252430825853	0.0008063935760856472	0.01990248800309472	0.007019627399758203	0.9308433607571642	0.012878981534105364	0.0008400556233483696
AF100465_GQ398257.1	0.008471812788867484	0.1012244016498017	0.0738213011329184	0.03322521956157124	0.003942198526024674	0.009110637728123707	0.08428525435246637	0.5745419222946606	0.1072704906028418	0.004106761362724069
EF105379_FJ467493.1	0.006303213749903908	0.013218088032629648	0.005660378440640174	0.019306343397717432	0.00229964502921525	0.004660612684098936	0.018112450936674872	0.9230053923565772	0.005038235451862659	0.0023956399206799526
EF105378_EF105388	0.9945984985149063	0.0008307779181170446	0.000355763781444209	0.0012134346823703655	0.0001454490824188975	0.00029292693599751815	0.001138396552035148	0.0009575217093876317	0.0003166610068723793	0.00015056981645047383
0.999990	0.0012396246141050653	0.014650215523689674	0.001565610687563255	0.0071418070956834	0.0004968218792634378	0.027432913185860403	0.004197625677149405	0.9369378430514984	0.005819977104656771	0.0005175611805300843
AF276619_GU131843	0.0030018042249887783	0.0030473906152575715	0.001019798317848941	0.003759815732948468	0.0003848591118444465	0.0024444058489626803	0.0030914221417707257	0.9464177908843711	0.036431788398749894	0.0004009247232575755
0.999977	2.780722635276188e-05	0.0001499114282796388	9.343080497870463e-05	0.00010900076175431744	1.2968706537056685e-05	2.7358610860699783e-05	0.0001532140581503943	0.9992897646468663	0.00012303368497821067	1.3510071241946705e-05
AF100465_JQ922553	0.006244998907709005	0.2090449249317047	0.16660163508401946	0.02448153115621005	0.002911513272967622	0.006233625807643989	0.1553072464433174	0.18122146769604897	0.24492000543758516	0.0030330512627936993
FJ467493_FJ467493.1	1.8669746024852608e-08	4.7593313649812355e-08	2.038080842849971e-08	6.95152030507173e-08	8.28019296445563e-09	1.678108462543363e-08	6.521628494124146e-08	0.9999997267970042	1.8140522302321282e-08	8.625839822424196e-09
EF105379_EF105379.1	0.0	0.0	0.0	0.0	0.0	0.0	0.0	1.0	0.0	0.0
EF105378_EF457904	0.9998952884962456	1.5930374353853107e-05	6.821845646162618e-06	2.3267998787668985e-05	4.743072835651464e-06	5.616944847759267e-06	2.1829088241029654e-05	1.7542954167258702e-05	6.072000067885461e-06	2.8872248069350774e-06
EF105387_EF105388	0.9999993929456231	9.4211111624753e-08	4.034390466974578e-08	1.3760536646557264e-07	1.6431855049835006e-08	3.3218214392402825e-08	1.290957254285415e-07	1.0316400518984648e-07	3.5909342122607514e-08	1.707485189695464e-08
AF119661_M20558.1	0.0008629177659143716	0.08324675306391223	0.0010005242017128372	0.004660994272518536	0.00039758995248905085	0.0024943995545000253	0.0031496744443074895	0.9025995657050998	0.00117339412172899	0.00041418691781679775
AF100460_KJ734727	0.0012981888009978013	0.012911220348254105	0.0015670671420256745	0.010752618901792072	0.0005623018364983277	0.05713225928047286	0.0045807492411385166	0.9068512610823676	0.003758558841233561	0.0005857745252196459
0.999984	0.0030632883960106795	0.0006413938826750344	0.00022599897495664443	0.0011986163519273633	8.679068167764669e-05	0.00047871004539630686	0.0006938520680421412	0.987257849684014	0.006263086236018756	9.041367928155434e-05
AF276619_FJ882602.1	9.27368128384315e-05	0.00023231272227721523	9.85421840539967e-05	0.0006777365075488498	3.993803893259208e-05	8.6430486573009e-05	0.0003147575998378805	0.003356623881500364	0.995059313983586	4.160778285156817e-05
GQ398257.1	0.0	0.0	0.0	0.0	0.0	0.0	0.0	1.0	0.0	0.0
GQ398257	0.0	0.0	0.0	0.0	0.0	0.0	0.0	1.0	0.0	0.0
0.999969	0.004508451500133281	0.2991491826516198	0.24386064738490068	0.017672261068681656	0.0021028007402818794	0.004422296272004085	0.21473688549520834	0.0916692831807327	0.11968761181107576	0.002190579895361786
JQ922553	0.0	0.0	0.0	0.0	0.0	0.0	0.0	0.0	1.0	0.0
FJ467493	0.0	0.0	0.0	0.0	0.0	0.0	0.0	1.0	0.0	0.0
FJ467493.1	0.0	0.0	0.0	0.0	0.0	0.0	0.0	1.0	0.0	0.0
EF105379	0.0	0.0	0.0	0.0	0.0	0.0	0.0	1.0	0.0	0.0
EF105379.1	0.0	0.0	0.0	0.0	0.0	0.0	0.0	1.0	0.0	0.0
EF105389_EF457904	0.9998066380690815	9.48407146456743e-06	4.061345874734815e-06	1.3852533866770148e-05	0.0001342596559900377	3.3440197797708296e-06	1.2995867403474117e-05	1.0030627011802626e-05	3.614908655776644e-06	1.7189008714629756e-06
EF105378_EF105380	0.9999884423023864	1.7999935158372586e-06	7.708079054023064e-07	2.6290886719048807e-06	3.342483463063848e-07	6.346656201994496e-07	2.466501173688902e-06	1.910081815908407e-06	6.860783516146693e-07	3.2623221255974977e-07
0.957802	0.9999999460468747	8.40778278863849e-09	3.600450415521112e-09	1.2280485569578516e-08	1.4639155141489782e-09	2.964527912297514e-09	1.1521040990367526e-08	8.986408656167527e-09	3.2046812120309893e-09	1.5238321748295106e-09
EF105388	1.0	0.0	0.0	0.0	0.0	0.0	0.0	0.0	0.0	0.0
AF208496_M20558.1	2.292634362235552e-05	0.9977626851429201	2.6361284778123203e-05	9.251426655015452e-05	1.069139077656072e-05	2.5185377183218632e-05	8.427179446657625e-05	0.0019401739275532813	2.4052780763749e-05	1.1137691385891913e-05
AF119661_DQ181801	0.0001114492610291265	0.006612759333803561	0.00012876000454840737	0.0023098428697361237	5.161779855418436e-05	0.0002363462896364837	0.0004079696138539289	0.9899508099161702	0.00013667238460093932	5.377252806697897e-05
KF704355_KJ734727	0.004368813536639131	0.03425427353297149	0.005059524783743445	0.057173685190878426	0.0020163914158505287	0.3852064919443018	0.01596149491402114	0.4881103558741827	0.005748405298932657	0.002100563508478876
AF100460_M84728	0.00010710666331928872	0.00047139015364060775	0.00012453847225823246	0.0005303194997417134	4.9145598720999155e-05	0.0011924101684664915	0.00039004520577337316	0.9969268650417336	0.00015698206740063359	5.1197128945010564e-05
AY037116_GQ398263.2	0.0002964605653731141	0.00014210560513419702	5.6657944069094455e-05	0.0014730573769842655	2.2585281147622366e-05	0.00010948250339729971	0.00017877139091393833	0.9971242784773775	0.0005730727749836534	2.352808061933756e-05
GQ398262_GU131843	0.023948367367862305	0.0011770228052932217	0.000490465242612542	0.0017921668449573068	0.00019786199585640753	0.00048543144143277974	0.0015612604217210915	0.9680144997444342	0.0021268025998845775	0.00020612153594559647
AF276619_JQ955623	4.367489847935488e-06	1.115073892391007e-05	4.742711501123495e-06	0.0004927247117243305	1.9235027037917294e-06	4.087065706262133e-06	1.515667464721384e-05	0.0001187732279374562	0.9993450664756353	2.007401372728674e-06
FJ882602_FJ882602.1	5.148507229386496e-10	1.368069249543272e-09	5.850848430926545e-10	2.271942046983822e-09	2.3762664727883795e-10	4.860268156263732e-10	1.8717498954060306e-09	3.9623685546321694e-09	0.9999999884547331	2.47548197581023e-10
AF100465_GQ868592	0.0014535733658198585	0.04893951418039047	0.49234438180217766	0.00569716453300822	0.0006782630922794208	0.001399809493677779	0.41273888254024005	0.01649937389599176	0.01954246064088992	0.0007065764555249613
EU056812	0.0	1.0	0.0	0.0	0.0	0.0	0.0	0.0	0.0	0.0
EF105389_JF260983	0.99820040860489	6.961019703756792e-05	2.980904150751683e-05	0.00010167338535976047	0.0013658400020952583	2.4544086944347078e-05	9.538571253899873e-05	7.358043379678718e-05	2.653232621653496e-05	1.2616209613111276e-05
EF457904	1.0	0.0	0.0	0.0	0.0	0.0	0.0	0.0	0.0	0.0
EF105378_EF105378.1	1.0	0.0	0.0	0.0	0.0	0.0	0.0	0.0	0.0	0.0
EF105380	1.0	0.0	0.0	0.0	0.0	0.0	0.0	0.0	0.0	0.0
EF105387	1.0	0.0	0.0	0.0	0.0	0.0	0.0	0.0	0.0	0.0
EU003591	1.0	0.0	0.0	0.0	0.0	0.0	0.0	0.0	0.0	0.0
AF208496_EU482572.1	1.9265076278969267e-10	0.9999999488824991	2.214894069595699e-10	7.712968634822703e-10	8.986503667974384e-11	2.0362712311973755e-10	3.733579028116687e-08	1.2008436998681803e-08	2.0072834040221216e-10	9.361635598379027e-11
M20558_M20558.1	2.3859475304751065e-09	0.9999999301131475	2.7417939338296984e-09	9.39723766792936e-09	1.1135978193221629e-09	2.3183680322467886e-09	8.772020230651069e-09	3.9547096807837e-08	2.4507067021124963e-09	1.160083762537997e-09
AF119661_FJ639701	3.5569621422970554e-05	0.0007669924640221752	4.09445748103496e-05	0.005640085075555549	1.656091733333389e-05	4.757507637474441e-05	0.00013058760254499942	0.9932656415862703	3.879084664743226e-05	1.7252235018114873e-05
DQ181801	0.0	0.0	0.0	0.0	0.0	0.0	0.0	1.0	0.0	0.0
KF704355_M29095	0.0014280528590010575	0.04639162411307575	0.0016466607768158368	0.011463943707836075	0.0006632592733341544	0.8570923436497084	0.005235672182356973	0.0737394538838893	0.001648043235413854	0.0006909463185685382
KJ734727	0.0	0.0	0.0	1.0	0.0	0.0	0.0	0.0	0.0	0.0
AF100460_AJ487271	1.1586884109006964e-05	3.740595993991777e-05	1.3363929625807347e-05	4.920497743816852e-05	5.37961024028977e-06	4.841617406221047e-05	4.247256643967576e-05	0.9997730871543551	1.3478567504054658e-05	5.604176285805921e-06
M84727_M84728	3.7861557619830548e-06	1.0590649783525945e-05	4.353766284152372e-06	1.5097589612692213e-05	1.7654201572641231e-06	6.142259965694847e-06	1.3911719286290304e-05	0.9999385298828496	3.983440575864083e-06	1.8391157230277861e-06
GQ398263_GQ398263.2	1.7633213112323146e-09	3.2954278786755855e-09	1.4019740269596212e-09	7.594496325124861e-09	5.68634242485048e-10	1.2924375500466244e-09	4.48060990967091e-09	0.9999999766142602	2.39646730769732e-09	5.923712699673123e-10
AY037116_JN851131	3.614224151391804e-05	8.013947642640032e-05	3.420985707170078e-05	0.030240780447828228	1.3887435060867484e-05	0.000659362445085107	0.00010940270617284781	0.9687676909457413	4.391729396815898e-05	1.4467151131388422e-05
GU131843	1.0	0.0	0.0	0.0	0.0	0.0	0.0	0.0	0.0	0.0
GQ398262	0.0	0.0	0.0	0.0	0.0	0.0	0.0	1.0	0.0	0.0
AF276619_KF041236.2	3.6282313065822936e-05	9.689799725353895e-05	4.14686262767561e-05	0.005352944970513418	1.6844991877715605e-05	3.428960143833953e-05	0.00013267956969015423	0.00018780684923874532	0.9940832340361868	1.755104445869446e-05
DQ448231_JQ955623	6.353629719722452e-07	1.6910147205893247e-06	7.233559101679794e-07	1.4018312933684923e-05	2.938002986218361e-07	6.000069191489378e-07	2.314188364407088e-06	4.38062157523315e-06	0.9999750145602869	3.287760192423445e-07
FJ882602.1	0.0	0.0	0.0	0.0	0.0	0.0	0.0	0.0	1.0	0.0
FJ882602	0.0	0.0	0.0	0.0	0.0	0.0	0.0	0.0	1.0	0.0
AF100465_JX966379	0.000137873881459354	0.003218325312685004	0.7361824872386202	0.0005403687802667664	6.434331030157844e-05	0.00013199557455116715	0.25720091580286764	0.0011737627003133846	0.0012828981463520392	6.702925258270804e-05
AF100467_GQ868592	0.00011400810406116326	0.0010797056608801425	0.008561080410721691	0.00044681295504888946	5.321547490548543e-05	0.0001082822641184291	0.9886186765024733	0.0005359741493032872	0.0004268075808202205	5.543689766754214e-05
EF105389_EF105389.1	1.0	0.0	0.0	0.0	0.0	0.0	0.0	0.0	0.0	0.0
JF260983	0.0	0.0	0.0	0.0	1.0	0.0	0.0	0.0	0.0	0.0
EF105378.1	1.0	0.0	0.0	0.0	0.0	0.0	0.0	0.0	0.0	0.0
EF105378	1.0	0.0	0.0	0.0	0.0	0.0	0.0	0.0	0.0	0.0
EU482572_EU482572.1	5.202735068116655e-10	0.9999999919342296	5.977967605741286e-10	2.038979425977019e-09	2.428697734664393e-10	4.922123279159657e-10	1.913001666715097e-09	1.4755439441934285e-09	5.320848328025364e-10	2.5300811093330033e-10
EU482551_EU482575	1.1310236585592658e-07	0.9999754260277711	1.299551799762653e-07	4.4325635296421547e-07	5.279750160733271e-08	1.0700501511531313e-07	2.3234872867943657e-05	3.2231093813659523e-07	1.1567053081357801e-07	5.5001476523858945e-08
0.879697	2.119675925811906e-08	0.9999991535223643	2.4357545778783843e-08	8.308527826853723e-08	9.894838293314071e-09	2.007194173704079e-08	5.858749245194285e-07	7.00072925631077e-08	2.168116761896573e-08	1.0307887675157266e-08
M20558.1	0.0	1.0	0.0	0.0	0.0	0.0	0.0	0.0	0.0	0.0
M20558	0.0	1.0	0.0	0.0	0.0	0.0	0.0	0.0	0.0	0.0
EU482449_FJ639701	1.8031662662442335e-06	3.229766866865e-05	2.074909691393508e-06	0.0002319869883730463	8.399645921725046e-07	2.2752536820988343e-06	6.621879292418465e-06	0.9997192823436827	1.9427977405957e-06	8.750280107578368e-07
AF119661	0.0	0.0	0.0	1.0	0.0	0.0	0.0	0.0	0.0	0.0
KF704355	0.0	1.0	0.0	0.0	0.0	0.0	0.0	0.0	0.0	0.0
M29095	0.0	0.0	0.0	0.0	0.0	1.0	0.0	0.0	0.0	0.0
AF100460_EU726767.1	2.7310962207488094e-07	7.371560886465943e-07	3.138391494356148e-07	1.0730513475552641e-06	1.274705655191232e-07	2.8422678273736947e-07	1.0040508581528563e-06	0.9999957738701721	2.8043372663077325e-07	1.3279168717315333e-07
AJ487271	0.0	0.0	0.0	0.0	0.0	0.0	0.0	1.0	0.0	0.0
M84727_M84727.2	1.2111851719011626e-09	3.259054388982979e-09	1.3917316008994861e-09	4.75225662145888e-09	5.653525584621394e-10	1.2007070131297613e-09	4.45296529569579e-09	0.9999999813367281	1.2410666165311174e-09	5.88952592935078e-10
M84728	0.0	0.0	0.0	0.0	0.0	0.0	0.0	1.0	0.0	0.0
GQ398263.1_GQ398263.2	1.1796154941353036e-12	3.08486623904459e-12	1.320511130638101e-12	4.661192846275525e-12	5.364372035454081e-13	1.0949946553478346e-12	4.2251825544106545e-12	0.9999999999820988	1.2395371598202215e-12	5.588301977725781e-13
GQ398263	0.0	0.0	0.0	0.0	0.0	0.0	0.0	1.0	0.0	0.0
AY037116_FJ196854	1.956306670048558e-05	4.9739958862238964e-05	2.1282381630222097e-05	0.03708211828507591	8.644670974242029e-06	0.0023816021560454205	6.809067874120454e-05	0.9603388097481126	2.1143520386535516e-05	9.0055334710676e-06
DQ645550_JN851131	0.00030026118601595407	0.0007985624013213506	0.00034192133943653196	0.05473141970198406	0.0001389093309740524	0.0005472143647485308	0.001094083934725215	0.941592914710938	0.0003100050782563408	0.0001447079516001524
AF276619_AF276619.1	0.0	0.0	0.0	1.0	0.0	0.0	0.0	0.0	0.0	0.0
KF041236_KF041236.2	1.5174533132201957e-12	4.070780395877646e-12	1.7431774536386966e-12	1.503800612918666e-11	7.082044606615736e-13	1.435546140526992e-12	5.5779524267800336e-12	4.4516705570429385e-12	0.9999999999647193	7.377727126961955e-13
DQ448231_KJ830750.1	2.8239400453719624e-08	7.575361937855168e-08	3.243884590946782e-08	1.2510269925641958e-07	1.3178985030536804e-08	2.6714931176557426e-08	1.0380021172136881e-07	8.331559176220641e-08	0.9999986838825198	8.275731956907648e-07
JQ955623	0.0	0.0	0.0	0.0	0.0	0.0	0.0	0.0	1.0	0.0
0.520015	0.00013440407114965547	0.0028629310156574363	0.7368375215295628	0.0005267663094452598	6.272572905770628e-05	0.00012852361071398583	0.25717235944958056	0.0010688167895528133	0.0011406073481299622	6.534414714975792e-05
JX966379	0.0	0.0	1.0	0.0	0.0	0.0	0.0	0.0	0.0	0.0
AF100467_AF100468	1.17374253224651e-06	4.8367293058428966e-06	1.9731640643504383e-05	4.599979020409617e-06	5.479062122460271e-07	1.1113590237219054e-06	0.9999617585539835	3.7924623380872944e-06	1.8768489726999696e-06	5.707779677573511e-07
GQ868592	0.0	0.0	0.0	0.0	0.0	0.0	1.0	0.0	0.0	0.0
EF105389.1	1.0	0.0	0.0	0.0	0.0	0.0	0.0	0.0	0.0	0.0
EF105389	1.0	0.0	0.0	0.0	0.0	0.0	0.0	0.0	0.0	0.0
EU482572.1	0.0	1.0	0.0	0.0	0.0	0.0	0.0	0.0	0.0	0.0
EU482572	0.0	1.0	0.0	0.0	0.0	0.0	0.0	0.0	0.0	0.0
EU482551_GQ868552.1	1.6652570193963435e-05	0.9906556764554544	1.9133883204243015e-05	6.526230363514375e-05	7.773615030346027e-06	1.5754405435024863e-05	0.00914739039284355	4.722763886524492e-05	1.7030619109494358e-05	8.098116228622978e-06
EU482561_EU482575	5.1247397221384415e-08	0.9999991717256972	5.8883505767412496e-08	2.0084126183905243e-07	2.3922885933786507e-08	4.848334404243773e-08	2.2222248828749387e-07	1.453410758622087e-07	5.2410822782329756e-08	2.492152107605326e-08
AF208496_JN819419.1	1.4011294997482702e-06	0.9979465840468389	1.6195907801629991e-06	5.491100788865813e-06	6.540636791608506e-07	1.3255590703055985e-06	0.002036836416169041	3.973788143451595e-06	1.4329381663139327e-06	6.813668639479261e-07
GQ398284	0.0	1.0	0.0	0.0	0.0	0.0	0.0	0.0	0.0	0.0
0.993599	9.133524544243146e-07	1.1045762146491229e-05	1.0504051047878402e-06	7.398175577939814e-05	4.2580817928716506e-07	1.0423000289949364e-06	3.355671523566744e-06	0.9999067763814493	9.649802501424278e-07	4.435830837823357e-07
FJ639701	0.0	0.0	0.0	0.0	0.0	0.0	0.0	1.0	0.0	0.0
AF100460_GQ868542.1	1.90943708674212e-08	5.128532258186702e-08	2.1939940452751625e-08	7.545377051367976e-08	8.913234892190329e-09	1.8373173171650453e-08	7.020304504099825e-08	0.9999997059105585	1.9541275589690264e-08	9.285308295863252e-09
AF100462_EU726767.1	2.68930757813938e-06	7.2160918511474545e-06	3.090029312348354e-06	1.0539692831019984e-05	1.2553991660424489e-06	2.5457241618125654e-06	9.887748663219493e-06	0.9999587177776643	2.7504243179168598e-06	1.3078044539435152e-06
M84727.1_M84727.2	6.313893835807647e-12	1.6942110574405974e-11	7.254701714317147e-12	2.4745035423130053e-11	2.9473954220019626e-12	5.9787951603293524e-12	2.3214219642517542e-11	0.9999999999030759	6.457469400147245e-12	3.0704312737266142e-12
M84727	0.0	0.0	0.0	0.0	0.0	0.0	0.0	1.0	0.0	0.0
GQ398263.1	0.0	0.0	0.0	0.0	0.0	0.0	0.0	1.0	0.0	0.0
GQ398263.2	0.0	0.0	0.0	0.0	0.0	0.0	0.0	1.0	0.0	0.0
AY037116_AY037116.1	1.828660146149085e-07	4.905950802005933e-07	2.100861821488534e-07	1.5754340791425263e-06	8.535268438422356e-08	0.999973703882766	6.722528437926398e-07	2.2803570876958233e-05	1.870438321653636e-07	8.891564039010071e-08
FJ196853_FJ196854	0.0002577163034618884	0.0006910090668254667	0.0002959063740333481	0.8265297100678186	0.00012021898823112355	0.0006606268565004041	0.0009468665577430108	0.17010894094373868	0.000263767441056972	0.00012523740059027636
AY858035_KC131142	4.0276014128901126e-07	1.0660263103637494e-06	4.5640836583717607e-07	0.001778587559434914	1.854175141813813e-07	1.2960556248159178e-05	1.4604008126906904e-06	0.9982042697608944	4.179527092132218e-07	1.9315756890598973e-07
DQ645550	0.0	0.0	0.0	1.0	0.0	0.0	0.0	0.0	0.0	0.0
JN851131	0.0	0.0	0.0	0.0	0.0	0.0	0.0	1.0	0.0	0.0
AF276619.1	0.0	0.0	0.0	1.0	0.0	0.0	0.0	0.0	0.0	0.0
AF276619	0.0	0.0	0.0	1.0	0.0	0.0	0.0	0.0	0.0	0.0
KF041236.1_KF041236.2	4.459309296453515e-17	1.1964933509820249e-16	5.1237142904465045e-17	1.8744471674166777e-16	2.0816354738564145e-17	4.2187852041036645e-17	1.639532851483042e-16	1.2667367617816817e-16	0.9999999999999992	2.1685318078329367e-17
KF041236	0.0	0.0	0.0	0.0	0.0	0.0	0.0	0.0	1.0	0.0
DQ448231	0.0	0.0	0.0	0.0	0.0	0.0	0.0	0.0	1.0	0.0
KJ010186_KJ830750.1	8.746220931062619e-05	0.00023467516598268305	0.00010049449688281297	0.00034277251502705803	4.0828384036407556e-05	8.274488507483893e-05	0.0003215715351504493	0.00024804558893179565	0.9880842521304741	0.010457153089129251
JQ955624_JQ955624.3	0.0	0.0	0.0	0.0	0.0	0.0	0.0	0.0	1.0	0.0
AF100465_AF100465.1	6.73460252332064e-08	2.014539644973655e-07	6.187326585826894e-06	2.639328786199487e-07	3.143778433172466e-08	6.37250309340479e-08	0.9999928781346109	1.9669807429567518e-07	7.719492451599785e-08	3.275012082471327e-08
FJ898449	0.0	0.0	1.0	0.0	0.0	0.0	0.0	0.0	0.0	0.0
AF100467_AF100467.1	0.0	0.0	0.0	0.0	0.0	0.0	1.0	0.0	0.0	0.0
AF100468	0.0	0.0	0.0	0.0	0.0	0.0	1.0	0.0	0.0	0.0
EU569708_GQ868552.1	5.314206395206081e-07	0.005113396061463507	6.106048692174945e-07	2.0826655766680575e-06	2.480733859366915e-07	5.027581659832286e-07	0.9948803193807968	1.5071211422823152e-06	5.434850173740974e-07	2.584289426092084e-07
EU482551_GQ398282.1	1.4208873966741262e-06	0.9998029486535952	1.6326064487573806e-06	5.568532829351025e-06	6.632868979515455e-07	1.3442510489374064e-06	0.0001802479822428846	4.029679880672192e-06	1.4531445635641077e-06	6.909750960867052e-07
0.999966	2.3383840054652308e-08	0.9999996365815524	2.6868144623792093e-08	9.164250529872024e-08	1.0915850734787124e-08	2.2122619482536393e-08	8.688210145494168e-08	6.631716186982008e-08	2.3914702935059857e-08	1.1371521182812008e-08
EU482575	0.0	1.0	0.0	0.0	0.0	0.0	0.0	0.0	0.0	0.0
AF208496_EU920828	2.6474065585747567e-07	0.9977893327201873	3.680169982430725e-07	1.0375326303649389e-06	1.2358404246325174e-07	2.5046172649157043e-07	0.0022074726351111393	7.508148897954158e-07	2.707508327450294e-07	1.2874292539103797e-07
EU482545_JN819419.1	6.813055031634727e-05	0.9693204219666195	7.828502023100878e-05	0.0002670072280355466	3.180413978254169e-05	6.445589049066797e-05	0.02987386634949384	0.00019321982703951332	6.96772586014359e-05	3.313176938978544e-05
FM210208_FM210234.2	2.92067536076864e-07	7.93807059072898e-07	3.3558813424374173e-07	1.2277084767637314e-06	1.3633989512540307e-07	2.7652500960867115e-07	1.0738392777922312e-06	0.9999954233588082	2.987345457368949e-07	1.420312574026484e-07
EU482449_FM210227	2.900700701573689e-06	7.901914140267719e-06	3.3329323082271782e-06	1.2341643782202177e-05	1.3540734191422254e-06	2.7467143552391153e-06	1.0664947165138223e-05	0.9999543794963606	2.9669800099637265e-06	1.410597757607138e-06
DQ181799_GQ868542.1	1.215313950712042e-07	3.260888039932629e-07	1.396401613540714e-07	4.76294301016562e-07	5.6732277829694825e-08	1.1497967679567115e-07	4.4683340894331726e-07	0.9999981345089164	1.2429055281724388e-07	5.9100505747446356e-08
AF100460_EU687246	5.525874382871008e-09	1.4826860109195277e-08	6.349256632832355e-09	1.9720666438470603e-07	2.579542723145669e-09	5.228133632038986e-09	2.031693309096447e-08	0.9999997396281757	5.651336537292984e-09	2.687222959612209e-09
AF100462_AF100462.2	3.1764874926990794e-09	8.523029651349562e-09	3.6497994215255765e-09	1.2448824247158369e-08	1.4828215951039491e-09	3.0051794964963558e-09	1.1678963785393631e-08	0.9999999512415726	3.248601276809046e-09	1.5447203876945e-09
EU726767_EU726767.1	0.0	0.0	0.0	0.0	0.0	0.0	0.0	1.0	0.0	0.0
M84727.1	0.0	0.0	0.0	0.0	0.0	0.0	0.0	1.0	0.0	0.0
M84727.2	0.0	0.0	0.0	0.0	0.0	0.0	0.0	1.0	0.0	0.0
AY037116.1	0.0	0.0	0.0	0.0	0.0	1.0	0.0	0.0	0.0	0.0
AY037116	0.0	0.0	0.0	0.0	0.0	1.0	0.0	0.0	0.0	0.0
FJ196853_FJ196853.2	1.6021628517814073e-06	4.298608991677811e-06	1.8407834848731663e-06	0.9998891183186819	7.478638199641733e-07	1.7318314226370174e-06	5.890307349430833e-06	9.235240154738052e-05	1.6386392595980238e-06	7.790825907397499e-07
FJ196854	0.0	0.0	0.0	1.0	0.0	0.0	0.0	0.0	0.0	0.0
AY858036_KC131142	0.0001255967145529005	0.00033698734446304827	0.00014430738873328646	0.008945655072668552	5.8628453137429484e-05	0.00012641183243771557	0.0004617680226618242	0.9896111176602145	0.0001284516762770368	6.107583485392534e-05
AY858035_JN851128	5.1498336116789985e-08	1.3708668889998028e-07	5.869736015071683e-08	0.00014346423937788258	2.384653551899188e-08	9.864584620432568e-07	1.8782098869495838e-07	0.9998550123918836	5.3118383502222477e-08	2.4841983497323434e-08
KF041236.1	0.0	0.0	0.0	0.0	0.0	0.0	0.0	0.0	1.0	0.0
KF041236.2	0.0	0.0	0.0	0.0	0.0	0.0	0.0	0.0	1.0	0.0
KJ830750_KJ830750.1	0.0	0.0	0.0	0.0	0.0	0.0	0.0	0.0	0.0	1.0
KJ010186	0.0	0.0	0.0	0.0	0.0	0.0	0.0	0.0	1.0	0.0
JQ955624.1	0.0	0.0	0.0	0.0	0.0	0.0	0.0	0.0	1.0	0.0
JQ955624	0.0	0.0	0.0	0.0	0.0	0.0	0.0	0.0	1.0	0.0
JQ955624.3	0.0	0.0	0.0	0.0	0.0	0.0	0.0	0.0	1.0	0.0
JQ955624.2	0.0	0.0	0.0	0.0	0.0	0.0	0.0	0.0	1.0	0.0
AF100465.1	0.0	0.0	0.0	0.0	0.0	0.0	1.0	0.0	0.0	0.0
AF100465	0.0	0.0	0.0	0.0	0.0	0.0	1.0	0.0	0.0	0.0
AF100467	0.0	0.0	0.0	0.0	0.0	0.0	1.0	0.0	0.0	0.0
AF100467.1	0.0	0.0	0.0	0.0	0.0	0.0	1.0	0.0	0.0	0.0
0.999837	1.3154497191579475e-06	0.00254833191850882	1.511458050351937e-06	5.155316982325292e-06	6.140673537941241e-07	1.2445001920075093e-06	0.9974361116297412	3.73064529410283e-06	1.3453132231739834e-06	6.397009349981162e-07
0.580971	3.0204624151444356e-07	0.004956853183867926	3.470525833618271e-07	1.1837351863379623e-06	1.4099872731628225e-07	2.8575520615868814e-07	0.9950395748302298	8.56610057049658e-07	3.089033330760405e-07	1.4688456753232675e-07
EU482551_GQ398270.1	1.9925954695644903e-07	0.9999957590874019	2.2895017724471192e-07	7.809086972056466e-07	9.301669302543091e-08	1.8851237031885494e-07	1.884477713523421e-06	5.651046628732408e-07	2.0378316212744727e-07	9.689957482864365e-08
GQ398282_GQ398282.1	0.0	1.0	0.0	0.0	0.0	0.0	0.0	0.0	0.0	0.0
EU482561_GQ398291.1	1.1082512867833399e-08	0.9999998281893373	1.2733860556015843e-08	4.343295373535459e-08	5.173446959645267e-09	1.048477124572354e-08	4.074934308845505e-08	3.14302577786954e-08	1.1334109460608524e-08	5.3894069385062734e-09
EU482744	0.0	1.0	0.0	0.0	0.0	0.0	0.0	0.0	0.0	0.0
EU482605_EU920828	1.6876384093518847e-05	0.025387609910769184	0.00017959265934302743	6.613944132465328e-05	7.878093986413578e-06	1.596614673792436e-05	0.9742526090855117	4.7861807812211655e-05	1.7259513875225756e-05	8.206956546335823e-06
AF208496_FJ898460.2	1.0711268281204814e-09	0.9999971270176887	1.2327692522902845e-09	4.197802657865435e-09	5.000145633406047e-10	1.0133549948924033e-09	2.860313171977936e-06	3.0377400961063777e-09	1.0954436833360675e-09	5.208871334803083e-10
EU482546_EU677142	4.6063128443284963e-07	0.9999838859944274	5.295271197578495e-07	1.805238352041382e-06	2.1502808491047397e-07	4.3578687466729483e-07	1.066634028399018e-05	1.3063607782102017e-06	4.710885934485104e-07	2.2400420103460112e-07
EU920834_JN819419.1	1.5038709931055319e-05	0.0060342994188572465	1.7279566637957013e-05	5.8937499145295126e-05	7.0202461389077e-06	1.4227588574834008e-05	0.9937878534289493	4.2650122398116924e-05	1.5380120604218664e-05	7.3132987631220056e-06
EU482545_EU482545.1	4.6026076137366756e-10	0.9999999537972797	5.288453753313114e-10	1.8037862526414576e-09	2.1485512040149248e-10	4.354363360509161e-10	4.075969289265683e-08	1.3053100046569145e-09	4.707096587408709e-10	2.2382401630822983e-10
FM210208_FM210243	1.6874444395936356e-07	4.529645382644755e-07	1.9388819909176655e-07	6.629243500940256e-07	7.877187245779938e-08	1.5964718175185865e-07	6.204211688902314e-07	0.9999974080021197	1.7257600612172773e-07	8.206011954789801e-08
FM210217_FM210234.2	5.113526354307566e-07	1.3724027873928679e-06	5.875466763724658e-07	2.006978631153219e-06	2.387053829536183e-07	4.837800350203523e-07	1.8800856698312182e-06	0.9999921475155733	5.229627260239071e-07	2.4866988241766926e-07
EU482449_FM210218	9.67841042636423e-08	2.598705743121547e-07	1.112054214579344e-07	3.808031105110748e-07	4.5179942912172725e-08	9.156779838078533e-08	3.558452195018984e-07	0.9999985126959298	9.898196778241875e-08	4.7065931034283097e-08
FM210227	0.0	0.0	0.0	0.0	0.0	0.0	0.0	1.0	0.0	0.0
0.998553	3.036722512461872e-07	8.148016011221083e-07	3.4892087736055216e-07	1.190109100302162e-06	1.4175776714548508e-07	2.872942584728252e-07	1.1165091137360282e-06	0.999995338693449	3.1056628894606496e-07	1.476752926627897e-07
GQ868542_GQ868542.1	7.752074444761292e-10	2.0800062163028545e-09	8.907170799427814e-10	3.0380789677002957e-09	3.6187592511530814e-10	7.333961990686824e-10	2.850198446558691e-09	0.9999999881007313	7.928063011557584e-10	3.769820463818086e-10
0.950882	9.894328577638081e-08	2.65480752143126e-07	1.1368631101556543e-07	4.1496733207475185e-07	4.618788596759119e-08	9.360677004712372e-08	3.63783915267314e-07	0.9999984540382876	1.0118951064481322e-07	4.8115949588423114e-08
DQ181798_EU687246	6.139711095912379e-07	1.6473832284478903e-06	7.054557563209182e-07	4.302169191107529e-05	2.8660891323614344e-07	5.808563735539847e-07	2.25738222057962e-06	0.9999499601678286	6.2790956475677e-07	2.985730940476342e-07
AF100462.1_AF100462.2	9.03680858301283e-12	2.424721073532333e-11	1.0383336502187272e-11	3.541573071434483e-11	4.2184882101559554e-12	8.549405125429149e-12	3.322555525460638e-11	0.999999999861287	9.24196342578484e-12	4.394584463156518e-12
AF100462	0.0	0.0	0.0	0.0	0.0	0.0	0.0	1.0	0.0	0.0
EU726767	0.0	0.0	0.0	0.0	0.0	0.0	0.0	1.0	0.0	0.0
EU726767.1	0.0	0.0	0.0	0.0	0.0	0.0	0.0	1.0	0.0	0.0
FJ196853.1_FJ196853.2	5.081744851188027e-09	1.363494322092319e-08	5.838864381827634e-09	0.9999998591640104	2.37218347110588e-09	4.975409817750191e-09	1.868373459189209e-08	8.258070966137719e-08	5.197191924182298e-09	2.4712077186283567e-09
FJ196853	0.0	0.0	0.0	1.0	0.0	0.0	0.0	0.0	0.0	0.0
AY858036_AY858036.1	8.040597677209518e-11	2.1574096390043264e-10	9.23863323010172e-11	1.4631568411804787e-09	3.753424012441528e-11	7.709991310011109e-11	2.956262797782895e-10	0.9999999976167165	8.22318589272327e-11	3.910106660723669e-11
KC131142	0.0	0.0	0.0	1.0	0.0	0.0	0.0	0.0	0.0	0.0
0.401036	1.5825735043938123e-07	4.235850157953147e-07	1.8138429033793666e-07	0.0001377503949019146	7.369117751794023e-08	1.0473202185463464e-06	5.804060942792988e-07	0.999859545911862	1.6228175278308582e-07	7.676733646440366e-08
AY858035_JX470186	4.3140450363299793e-07	1.1575170768422337e-06	4.956812542548205e-07	3.0065518048326497e-05	2.0138280745362162e-07	4.172160299690623e-07	1.586126432605301e-06	0.999964994161862	4.4120266866458014e-07	2.0978931614695464e-07
KJ830750	0.0	0.0	0.0	0.0	0.0	0.0	0.0	0.0	0.0	1.0
KJ830750.1	0.0	0.0	0.0	0.0	0.0	0.0	0.0	0.0	0.0	1.0
EU687220_FJ898465.2	1.1347987433346372e-06	1.7524868530780516e-05	1.3038892107858426e-06	4.447336258999159e-06	5.297373599767909e-07	1.0735927289560832e-06	0.9999690550504539	3.218314950612033e-06	1.1605610862848506e-06	5.5185067629275e-07
GQ868552_GQ868552.1	0.0	0.0	0.0	0.0	0.0	0.0	1.0	0.0	0.0	0.0
0.401314	1.883960981400236e-06	0.005127251285236341	2.1646802233599303e-06	7.383342669742886e-06	8.794550773409582e-07	1.7823484765872407e-06	0.9948504690733488	5.342956103418917e-06	1.926730899166071e-06	9.161669836180027e-07
JX669483_KC294222.1	2.419811096656645e-07	1.1739816382948216e-05	2.7803745814865143e-07	9.483367595620519e-07	1.1295961944922826e-07	2.2892972115787825e-07	0.9999853985254464	6.862639103586155e-07	2.474745950711764e-07	1.176749972657383e-07
EU482551_EU569719	8.918352167442635e-09	0.9999998610086334	1.0247229508685173e-08	3.495149355586114e-08	4.16319136787316e-09	8.437335780960206e-09	3.3523318305144014e-08	2.529264887902007e-08	9.12081771338505e-09	4.336979313668948e-09
GQ398270_GQ398270.1	1.983428261881732e-09	0.9999999691849032	2.2789686067467936e-09	7.77316019955669e-09	9.258875702180125e-10	1.8764509327108428e-09	7.3591595990105864e-09	5.6250474985148205e-09	2.0284562982636097e-09	9.645377509682296e-10
GQ398282	0.0	1.0	0.0	0.0	0.0	0.0	0.0	0.0	0.0	0.0
GQ398282.1	0.0	1.0	0.0	0.0	0.0	0.0	0.0	0.0	0.0	0.0
0.969801	2.822057248048056e-10	0.9999999956250617	3.242557342932102e-10	1.1059791525090523e-09	1.3173694146782315e-10	2.6698479884632393e-10	1.0375853244534819e-09	8.003418303402908e-10	2.8861239445230424e-10	1.372361583954391e-10
EU482561_GQ398308.2	1.2389596280917156e-08	0.9999998079284472	1.4235705680470969e-08	4.855548272159771e-08	5.783608823662526e-09	1.1721356372669859e-08	4.555272140286776e-08	3.5137175795564365e-08	1.2670866444703089e-08	6.0250393532574665e-09
EU482605_FJ898461.1	1.7551478716661044e-06	0.000944483853552541	0.0004513038662561615	6.87851728372028e-06	8.1932360726195e-07	1.6604829749225558e-06	0.9985854726504666	4.97763913906255e-06	1.7949934580883953e-06	8.535253899969075e-07
EU920828	0.0	0.0	0.0	0.0	0.0	0.0	1.0	0.0	0.0	0.0
EU677145_FJ898460.2	3.3019817796844706e-07	0.9999948320888759	3.7939932862566297e-07	1.2940641132709391e-06	1.5414038136150054e-07	3.1238875180587745e-07	1.2630016720055478e-06	9.364495148669845e-07	3.376943782879081e-07	1.605748057907286e-07
EU920833	0.0	0.0	0.0	0.0	0.0	0.0	1.0	0.0	0.0	0.0
AF208496_AY702039.1	1.382865999007262e-07	0.9999978107458295	1.5889200044211913e-07	5.419524946466763e-07	6.455380637478881e-08	1.3082803363801547e-07	5.538827696275391e-07	3.9218393083446665e-07	1.414259995810364e-07	6.724853558895529e-08
EU482726_EU920849.2	1.833611358229515e-07	0.9999969376808318	2.1068284340659402e-07	7.186019835026285e-07	8.559512828483393e-08	1.7347144887914321e-07	8.938982640864789e-07	5.200163360780715e-07	1.8752382325323802e-07	8.916820485045612e-08
EU482546	0.0	1.0	0.0	0.0	0.0	0.0	0.0	0.0	0.0	0.0
EU677142	0.0	1.0	0.0	0.0	0.0	0.0	0.0	0.0	0.0	0.0
EU920834_EU920835.2	1.0935558152606453e-06	0.0001449533044808406	1.2565012824448106e-06	4.285703043842034e-06	5.104846775394924e-07	1.0345742616296548e-06	0.9998421143511933	3.101349077807909e-06	1.1183818561031633e-06	5.31794311334956e-07
EU920840_JN819419.1	2.0438815524613792e-08	3.160014685027094e-06	2.3484305902365846e-08	8.010079840827877e-08	9.54107875132526e-09	1.9336436407649133e-08	0.9999965982767549	5.796494409869214e-08	2.09028200700725e-08	9.939360821581312e-09
EU482545.1	0.0	1.0	0.0	0.0	0.0	0.0	0.0	0.0	0.0	0.0
EU482545	0.0	1.0	0.0	0.0	0.0	0.0	0.0	0.0	0.0	0.0
FM210208_FM210237	1.3943748341304737e-07	3.741377944878421e-07	1.6021433919667472e-07	5.465006046161528e-07	6.509105199580491e-08	1.31916939117842e-07	5.126685772130095e-07	0.9999978596219751	1.426030271537111e-07	6.780820795056869e-08
FM210243	0.0	0.0	0.0	0.0	0.0	0.0	0.0	1.0	0.0	0.0
FM210234_FM210234.2	9.274343658005532e-09	2.488457727913652e-08	1.065626544496583e-08	3.63468238267251e-08	4.329372368578512e-09	8.774127125984116e-09	3.4098898392491126e-08	0.9999998576406035	9.484891046596432e-09	4.510097361507356e-09
FM210217_FM210217.1	0.0	0.0	0.0	0.0	0.0	0.0	0.0	1.0	0.0	0.0
FM210202_FM210218	4.863807893185885e-08	1.3050529458632843e-07	5.588538665208541e-08	1.9062755886505478e-07	2.270482547536268e-08	4.6014787814047135e-08	1.7882719996035383e-07	0.9999992534019816	4.9742272102887197e-08	2.3652613993917122e-08
EU482449_FM210241	7.707747014094302e-08	2.0681285775713234e-07	8.856238386397303e-08	3.020838876626462e-07	3.5980666763796524e-08	7.292028647003133e-08	2.833900614249705e-07	0.9999988168624465	7.882729830044117e-08	3.748264099767313e-08
EU482451_FJ906957.1	6.750121899199162e-07	1.8111662384060151e-06	7.755922508435409e-07	2.6454084680636943e-06	3.151036054047065e-07	6.386050320198894e-07	2.4818114284446653e-06	0.999989638707119	6.903364013852922e-07	3.282572664923798e-07
DQ181799	0.0	0.0	0.0	0.0	0.0	0.0	0.0	1.0	0.0	0.0
GQ868542.1	0.0	0.0	0.0	0.0	0.0	0.0	0.0	1.0	0.0	0.0
GQ868542	0.0	0.0	0.0	0.0	0.0	0.0	0.0	1.0	0.0	0.0
AF100460_AF100464.1	1.0980772825254585e-06	2.946317904070961e-06	1.2616960758145289e-06	4.307465243621867e-06	5.125953514718135e-07	1.0388518678970216e-06	4.0372911627323246e-06	0.9999831407060483	1.1230059705819107e-06	5.33993093080378e-07
FJ639828	0.0	0.0	0.0	0.0	0.0	0.0	0.0	1.0	0.0	0.0
DQ181798_FJ196851.1	3.8045431710037814e-05	0.00010208201041741051	4.3714383909895114e-05	0.003088353036915015	1.7760053640806728e-05	3.599342987816727e-05	0.00013988130678056293	0.9964767597749077	3.890914386274329e-05	1.8501427977638034e-05
EU687246	0.0	0.0	0.0	0.0	0.0	0.0	0.0	1.0	0.0	0.0
AF100462.2	0.0	0.0	0.0	0.0	0.0	0.0	0.0	1.0	0.0	0.0
AF100462.1	0.0	0.0	0.0	0.0	0.0	0.0	0.0	1.0	0.0	0.0
FJ196853.2	0.0	0.0	0.0	1.0	0.0	0.0	0.0	0.0	0.0	0.0
FJ196853.1	0.0	0.0	0.0	1.0	0.0	0.0	0.0	0.0	0.0	0.0
AY858036.1	0.0	0.0	0.0	0.0	0.0	0.0	0.0	1.0	0.0	0.0
AY858036	0.0	0.0	0.0	0.0	0.0	0.0	0.0	1.0	0.0	0.0
JN851121	0.0	0.0	0.0	0.0	0.0	0.0	0.0	1.0	0.0	0.0
JN851128	0.0	0.0	0.0	0.0	0.0	0.0	0.0	1.0	0.0	0.0
EU179859_JX470186	1.2512742797914578e-06	3.3573639905434113e-06	1.4377175160081313e-06	9.510742827833823e-05	5.84108427124577e-07	1.1890156273597489e-06	4.600540735213361e-06	0.9998905843763609	1.2796833796361062e-06	6.084914051580595e-07
AY858035	0.0	0.0	0.0	0.0	0.0	0.0	0.0	1.0	0.0	0.0
EU687220_EU687220.1	0.0	0.0	0.0	0.0	0.0	0.0	1.0	0.0	0.0	0.0
FJ898465_FJ898465.2	3.9431711498475543e-10	1.1485023524777112e-09	4.5307226050144294e-10	1.545349616674938e-09	1.8407185301587245e-10	3.7304939755770937e-10	0.9999999941883205	1.1182922731528079e-09	4.032689514288687e-10	1.9175573453554302e-10
GQ868552.1	0.0	0.0	0.0	0.0	0.0	0.0	1.0	0.0	0.0	0.0
GQ868552	0.0	0.0	0.0	0.0	0.0	0.0	1.0	0.0	0.0	0.0
GQ868595_GQ868595.1	1.379197200390058e-13	4.5228030595198555e-12	1.5847042127049094e-13	5.405146730759171e-13	6.438254255332415e-14	1.3048094164999512e-13	0.9999999999938463	3.911434512881646e-13	1.410507907668436e-13	6.707012254347199e-14
EU569708	0.0	1.0	0.0	0.0	0.0	0.0	0.0	0.0	0.0	0.0
0.998204	1.307420622552039e-07	1.6404714707127328e-06	1.5022325797569245e-07	5.123850528202188e-07	6.103192773502184e-08	1.2369041491301992e-07	0.9999968133785376	3.7078745113231975e-07	1.3371018489863052e-07	6.357963991344255e-08
JX669483_JX669483.2	1.1971244504651625e-10	3.321643268197236e-10	1.3755017478629296e-10	4.691593999692486e-10	5.5883173089316605e-11	1.1325568636930522e-10	0.9999999982521214	3.395072067836416e-10	1.224301719410809e-10	5.82159560429631e-11
EU482729_EU569719	4.192615802042799e-08	0.9999993499513096	4.8173357094049584e-08	1.643108294399771e-07	1.957162218777851e-08	3.966484688862221e-08	1.5423175341804314e-07	1.1890353417948777e-07	4.287797090165189e-08	2.03886185051116e-08
EU482551_EU677143	1.0515871813036014e-07	0.9999983697460445	1.2082787260349664e-07	4.1212257489524064e-07	4.9089322708646716e-08	9.948692297565778e-08	3.866514884977702e-07	2.9823250746915454e-07	1.0754604449688629e-07	5.1138503685499214e-08
GQ398270	0.0	1.0	0.0	0.0	0.0	0.0	0.0	0.0	0.0	0.0
GQ398270.1	0.0	1.0	0.0	0.0	0.0	0.0	0.0	0.0	0.0	0.0
0.995586	9.21638866092329e-11	0.9999999985712157	1.0589674872280956e-10	3.611951432753788e-10	4.302318297789868e-11	8.719297506902139e-11	3.3885822474062104e-10	2.6137887082163733e-10	9.425620268588111e-11	4.481913947632526e-11
EU482587	0.0	1.0	0.0	0.0	0.0	0.0	0.0	0.0	0.0	0.0
0.836638	2.2055874336591099e-10	0.9999999965807556	2.5342305629826457e-10	8.643813736768513e-10	1.0295940766300511e-10	2.0866278234440424e-10	8.109264097846108e-10	6.255095939504096e-10	2.2556589553329008e-10	1.0725733739455279e-10
GQ398308_GQ398308.2	0.0	1.0	0.0	0.0	0.0	0.0	0.0	0.0	0.0	0.0
EU482634_FJ898461.1	1.1721837634878154e-10	3.427144906846427e-10	0.9999999680115549	4.593850129098527e-10	5.471891257590051e-11	1.1089613668251711e-10	3.039419556107066e-08	3.3243397144232714e-10	1.1987948258394785e-10	5.7003094726672765e-11
0.911840	5.284125326079003e-07	0.00027736847003079657	0.00013253357723191775	2.0708766464374744e-06	2.466691663579043e-07	4.999123027156235e-07	0.9995844561174465	1.4985899172868643e-06	5.404086199886437e-07	2.5696610539445875e-07
EU677145_EU677145.2	5.365592828607134e-10	0.9999999916810879	6.16509195700735e-10	2.102804191302316e-09	2.5047216490427384e-10	5.076196533668624e-10	1.9735852941039597e-09	1.5216942843913244e-09	5.487403187838562e-10	2.6092785602470747e-10
FJ898460_FJ898460.2	1.4250946843628832e-11	0.9999999997790626	1.637440643115333e-11	5.585021396524493e-11	6.652509092431539e-12	1.3482313936203684e-11	5.240624688896734e-11	4.0416008168744474e-11	1.4574473620605875e-11	6.930210929172256e-12
AY702039_AY702039.1	2.74310215296459e-10	0.9999999957469141	3.1518375631002157e-10	1.0750362334000895e-09	1.2805122504701376e-10	2.595151381248676e-10	1.0091053211675788e-09	7.779499863300969e-10	2.805376400999145e-10	1.333965857069354e-10
AF208496	0.0	1.0	0.0	0.0	0.0	0.0	0.0	0.0	0.0	0.0
0.999940	2.8818317407479128e-08	0.9999964704622655	3.311238538788985e-08	1.1294050921575188e-07	1.3452728487829744e-08	2.72639850996638e-08	3.1887335552537413e-06	8.17294011780702e-08	2.9472554452290747e-08	1.4014298169033893e-08
EU482726	0.0	1.0	0.0	0.0	0.0	0.0	0.0	0.0	0.0	0.0
EU920835_EU920835.2	4.543426062783499e-10	2.2116090927156102e-09	5.220418412807229e-10	1.7805926899178783e-09	2.1209245620735987e-10	4.298373799055621e-10	0.9999999924153549	1.288525926653387e-09	4.6465714893054563e-10	2.2094602766878663e-10
EU920834	0.0	0.0	0.0	0.0	0.0	0.0	1.0	0.0	0.0	0.0
FJ850085_JN819419.1	2.3453357301054273e-08	2.081152492195481e-06	2.6948025876153095e-08	9.191494697453172e-08	1.0948302200920445e-08	2.2188387162112495e-08	0.9999976414891097	6.651425283716887e-08	2.3985798350801176e-08	1.1405327300494835e-08
EU920840_FJ850088.2	6.99886141180953e-07	1.9826095668762993e-06	8.041725406855855e-07	2.7428907822880105e-06	3.2671505752999626e-07	6.621373848726755e-07	0.999989740567101	1.9848929555071404e-06	7.157750438617193e-07	3.403534261975642e-07
0.994202	7.690001081599058e-08	2.063351241234475e-07	8.835848207016475e-08	3.0137545924008896e-07	3.5897826772249546e-08	7.275236571902642e-08	2.827375987231078e-07	0.9999988196009851	7.864580458659373e-08	3.739634293978026e-08
FM210237	0.0	0.0	0.0	0.0	0.0	0.0	0.0	1.0	0.0	0.0
FM210234.1_FM210234.2	6.476216403969278e-11	1.7376730339962792e-10	7.441203777767102e-11	2.538063811659777e-10	3.023173757104033e-11	6.12691800543906e-11	2.3811048340392157e-10	0.9999999990059146	6.623240280091025e-11	3.1493728939213366e-11
FM210234	0.0	0.0	0.0	0.0	0.0	0.0	0.0	1.0	0.0	0.0
FM210217	0.0	0.0	0.0	0.0	0.0	0.0	0.0	1.0	0.0	0.0
FM210217.1	0.0	0.0	0.0	0.0	0.0	0.0	0.0	1.0	0.0	0.0
FM210202_FM210220	8.31584894535628e-08	2.231276216170581e-07	9.554950410690397e-08	3.2590271084372365e-07	3.881935798729713e-08	7.86732896144527e-08	3.0574809251989067e-07	0.9999987235347395	8.504636396365805e-08	4.0439830333051954e-08
FM210218	0.0	0.0	0.0	0.0	0.0	0.0	0.0	1.0	0.0	0.0
FM210221_FM210241	6.334132212759612e-08	1.6995499091887228e-07	7.277948359492336e-08	2.4823831180961857e-07	2.9568471903508662e-08	5.992497277928106e-08	2.328864863341909e-07	0.9999990277238797	6.477930488323065e-08	3.0802775959787583e-08
EU482449	0.0	0.0	0.0	0.0	0.0	0.0	0.0	1.0	0.0	0.0
EU482451_GQ868638	1.1272318272852863e-07	3.024544234150685e-07	1.2951947878732932e-07	4.4176811156776697e-07	5.262050348354581e-08	1.0664339391424322e-07	4.1444834230687043e-07	0.9999982697232357	1.1528223851752324e-07	5.481708980376995e-08
FJ906957_FJ906957.1	3.6611147801849284e-09	9.823359606065937e-09	4.2066384804978834e-09	1.434810234551126e-08	1.709051309422378e-09	3.463650476603594e-09	1.346078876514109e-08	0.9999999438026704	3.744229865670093e-09	1.7803938181084128e-09
AF100464_AF100464.1	0.0	0.0	0.0	0.0	0.0	0.0	0.0	1.0	0.0	0.0
AF100460	0.0	0.0	0.0	0.0	0.0	0.0	0.0	1.0	0.0	0.0
FJ196851_FJ196851.1	0.0	0.0	0.0	1.0	0.0	0.0	0.0	0.0	0.0	0.0
DQ181798	0.0	0.0	0.0	0.0	0.0	0.0	0.0	1.0	0.0	0.0
EU179859_EU482640.2	9.660912977724261e-07	2.592175412310489e-06	1.1100422965027016e-06	4.634416365634507e-05	4.509822370361951e-07	9.164519065341706e-07	3.5520154384839145e-06	0.9999426102449399	9.880248096358604e-07	4.698080054526421e-07
JX470186	0.0	0.0	0.0	1.0	0.0	0.0	0.0	0.0	0.0	0.0
EU687220	0.0	0.0	0.0	0.0	0.0	0.0	1.0	0.0	0.0	0.0
EU687220.1	0.0	0.0	0.0	0.0	0.0	0.0	1.0	0.0	0.0	0.0
FJ898465.1_FJ898465.2	1.090123094233353e-12	2.9305585063792237e-12	1.2525566752237663e-12	4.2722500286784e-12	5.088822431120889e-13	1.0313266863479023e-12	0.9999999999841777	3.0916137969577397e-12	1.1148712050119172e-12	5.301249850059313e-13
FJ898465	0.0	0.0	0.0	0.0	0.0	0.0	1.0	0.0	0.0	0.0
GQ868595.1	0.0	0.0	0.0	0.0	0.0	0.0	1.0	0.0	0.0	0.0
GQ868595	0.0	0.0	0.0	0.0	0.0	0.0	1.0	0.0	0.0	0.0
JX669486_KC294222.1	8.948177657310313e-07	2.4434763889531042e-06	1.0281499139906284e-06	3.506838122712048e-06	4.1771142562757294e-07	8.465552616015606e-07	0.9999869744472912	2.537723459792403e-06	9.151320305237728e-07	4.351483398072666e-07
JX669484	0.0	0.0	0.0	0.0	0.0	0.0	1.0	0.0	0.0	0.0
JX669483.1_JX669483.2	1.1650542252942094e-13	3.1292710662844907e-13	1.3386529049879359e-13	4.565909092060394e-13	5.438609737296535e-14	1.1022163643210493e-13	0.9999999999983095	3.3041201825527986e-13	1.1915034319784255e-13	5.665638651106131e-14
JX669483	0.0	0.0	0.0	0.0	0.0	0.0	1.0	0.0	0.0	0.0
EU569719	0.0	1.0	0.0	0.0	0.0	0.0	0.0	0.0	0.0	0.0
EU482729	0.0	1.0	0.0	0.0	0.0	0.0	0.0	0.0	0.0	0.0
EU482551_EU482556	6.567002000589639e-11	0.9999999989819409	7.545516864617136e-11	2.5736427962826474e-10	3.0655535381826114e-11	6.212807019991798e-11	2.414484357681503e-10	1.8624166479061054e-10	6.716086901050299e-11	3.193521773378085e-11
EU677143	0.0	1.0	0.0	0.0	0.0	0.0	0.0	0.0	0.0	0.0
GQ398291_GQ398291.1	0.0	1.0	0.0	0.0	0.0	0.0	0.0	0.0	0.0	0.0
EU482588_EU482588.1	4.994430635017923e-10	0.9999999922573098	5.738624806617159e-10	1.9573437657234037e-09	2.3314587848476514e-10	4.725053183677326e-10	1.8362979534002687e-09	1.4164318452521127e-09	5.107814823725717e-10	2.4287830241446816e-10
GQ398285	0.0	1.0	0.0	0.0	0.0	0.0	0.0	0.0	0.0	0.0
0.952503	1.0052013191265863e-08	0.9999998441671761	1.154981147428313e-08	3.93943710318905e-08	4.69239762704146e-09	9.509852153865543e-09	3.6958149186029496e-08	2.8507737184645465e-08	1.028021525149282e-08	4.888276718921198e-09
EU482561_GQ398302	5.097383452925264e-08	0.9999992097705778	5.856918089261194e-08	1.997691519255447e-07	2.3795183674659272e-08	4.8224531829106484e-08	1.8741505261223784e-07	1.4456294976972096e-07	5.213104889376927e-08	2.4788488023473073e-08
GQ398308	0.0	1.0	0.0	0.0	0.0	0.0	0.0	0.0	0.0	0.0
GQ398308.2	0.0	1.0	0.0	0.0	0.0	0.0	0.0	0.0	0.0	0.0
GQ398308.1	0.0	1.0	0.0	0.0	0.0	0.0	0.0	0.0	0.0	0.0
0.389452	1.5513622141773171e-09	4.163918926813512e-09	0.9999999721183184	6.0798705201917995e-09	7.241940727667011e-10	1.467688612539702e-09	7.153942539675654e-09	4.399698392595051e-09	1.5865814331235408e-09	7.544247754038237e-10
0.979808	2.1493408603844544e-10	5.76862796497841e-10	0.9999999961679472	8.423380442990157e-10	1.003337516681191e-10	2.033414941026783e-10	9.603488841121389e-10	6.095579383172662e-10	2.198135465319503e-10	1.0452207621427005e-10
EU482634_JF357906	4.6310160280434014e-08	1.2425774530642203e-07	0.9999992108746983	1.8149196602914442e-07	2.16181258493208e-08	4.3812395498188085e-08	1.7041619413670018e-07	1.3133666392325586e-07	4.736149932907536e-08	2.2520551260821303e-08
0.972694	4.5298269494131026e-08	6.995119150264594e-06	3.3381659383169377e-06	1.7752631255053816e-07	2.1145763364898207e-08	4.2855081615890896e-08	0.9999891830674587	1.2846691875454659e-07	4.632663647163925e-08	2.2028470512551344e-08
EU482605_GU131947.1	1.4806761815519472e-06	7.073992006640427e-06	3.1838771390515334e-06	5.802848221968444e-06	6.911970038766142e-07	1.4008150712082589e-06	0.9999739330222167	4.199231202368608e-06	1.5142906773479514e-06	7.200502793639927e-07
EU677145.1_EU677145.2	3.0058371420814166e-12	0.9999999999534017	3.4537213246051597e-12	1.1780034644152789e-11	1.403160024206028e-12	2.8437156095884763e-12	1.1051597741571268e-11	8.524622245895783e-12	3.074076032687499e-12	1.4617334302020416e-12
EU677145	0.0	1.0	0.0	0.0	0.0	0.0	0.0	0.0	0.0	0.0
FJ898460.1_FJ898460.2	7.645001186562043e-15	0.9999999999998814	8.784143111048844e-15	2.9961163754177435e-14	3.568776198754202e-15	7.232663707952824e-15	2.8108416121891102e-14	2.1681396597467826e-14	7.818558959320129e-15	3.717750922657714e-15
FJ898460	0.0	1.0	0.0	0.0	0.0	0.0	0.0	0.0	0.0	0.0
AY702039.1	0.0	1.0	0.0	0.0	0.0	0.0	0.0	0.0	0.0	0.0
AY702039	0.0	1.0	0.0	0.0	0.0	0.0	0.0	0.0	0.0	0.0
0.910999	1.4524291274265207e-07	0.9999526859298425	1.6688480494424846e-07	5.692146523751212e-07	6.780109477874487e-08	1.3740915379812326e-07	4.55964337327788e-05	4.119121916789419e-07	1.4854023550681609e-07	7.063137855460771e-08
EU920849_EU920849.2	3.1128428479337013e-13	0.9999999999951685	3.5766713949376987e-13	1.2199395661559433e-12	1.4531115424409466e-13	2.9449499019548495e-13	1.1505045896491019e-12	8.82809285239528e-13	3.183510995452493e-13	1.5137701208386943e-13
EU920835.1_EU920835.2	1.3089608492312998e-12	3.5770885669003755e-12	1.5040023077951487e-12	5.129886757972173e-12	6.110382732247127e-13	1.2383613028088759e-12	0.9999999999809432	3.712242628902248e-12	1.3386770420841473e-12	6.365454087183611e-13
EU920835	0.0	0.0	0.0	0.0	0.0	0.0	1.0	0.0	0.0	0.0
JN819419_JN819419.1	7.256436852933076e-10	1.994552592772892e-09	8.337680825220606e-10	2.843835959171982e-09	3.3873898115320115e-10	6.865056812223011e-10	0.9999999894240164	2.057941934261935e-09	7.421173389608638e-10	3.52879275579697e-10
FJ850085	0.0	0.0	0.0	0.0	0.0	0.0	1.0	0.0	0.0	0.0
EU920840_EU920840.1	0.0	0.0	0.0	0.0	0.0	0.0	1.0	0.0	0.0	0.0
FJ850088_FJ850088.2	0.0	0.0	0.0	0.0	0.0	0.0	1.0	0.0	0.0	0.0
0.996024	8.06363768980895e-08	2.1636036538844072e-07	9.26515846549646e-08	3.1601823227929994e-07	3.764200627371652e-08	7.628720816012396e-08	2.96475063301787e-07	0.9999987622488377	8.24669940119411e-08	3.9213331338526906e-08
FM210235_FM210235.2	2.820846503597766e-10	7.568784718834611e-10	3.241166191739076e-10	1.1055046562413763e-09	1.3168042249716507e-10	2.6687025462219485e-10	1.0371381724858133e-09	0.9999999956700608	2.8848857136043013e-10	1.3717728010114177e-10
FM210234.1	0.0	0.0	0.0	0.0	0.0	0.0	0.0	1.0	0.0	0.0
FM210234.2	0.0	0.0	0.0	0.0	0.0	0.0	0.0	1.0	0.0	0.0
FM210202	0.0	0.0	0.0	0.0	0.0	0.0	0.0	1.0	0.0	0.0
FM210220	0.0	0.0	0.0	0.0	0.0	0.0	0.0	1.0	0.0	0.0
FM210221_FM210221.2	0.0	0.0	0.0	0.0	0.0	0.0	0.0	1.0	0.0	0.0
FM210241	0.0	0.0	0.0	0.0	0.0	0.0	0.0	1.0	0.0	0.0
EU482451_FJ639704.1	8.723964333354019e-10	2.3407798985291776e-09	1.0023876952943097e-09	3.4189677359060297e-09	4.0724488475396694e-10	8.253432365022163e-10	3.2075323538471355e-09	0.9999999866089012	8.922016862371299e-10	4.242448844425209e-10
FJ687442_GQ868638	1.776127398844699e-07	4.7656353849884745e-07	2.0407789186736858e-07	6.960737159678763e-07	8.291170965537329e-08	1.680330959387756e-07	6.530272108710583e-07	0.999997273682401	1.8164492651147066e-07	8.637276979654695e-08
FJ906957.1	0.0	0.0	0.0	0.0	0.0	0.0	0.0	1.0	0.0	0.0
FJ906957	0.0	0.0	0.0	0.0	0.0	0.0	0.0	1.0	0.0	0.0
AF100464	0.0	0.0	0.0	0.0	0.0	0.0	0.0	1.0	0.0	0.0
AF100464.1	0.0	0.0	0.0	0.0	0.0	0.0	0.0	1.0	0.0	0.0
FJ196851	0.0	0.0	0.0	1.0	0.0	0.0	0.0	0.0	0.0	0.0
FJ196851.1	0.0	0.0	0.0	1.0	0.0	0.0	0.0	0.0	0.0	0.0
EU482640_EU482640.2	9.729591873924536e-08	2.6106059273994444e-07	1.1179347790856761e-07	3.9494470089302177e-07	4.541887559098729e-08	9.204899872664492e-08	3.577270541334602e-07	0.9999984928908003	9.950474323111225e-08	4.731483770078206e-08
EU179859_EU179859.1	0.0	0.0	0.0	0.0	0.0	0.0	0.0	1.0	0.0	0.0
FJ898465.1	0.0	0.0	0.0	0.0	0.0	0.0	1.0	0.0	0.0	0.0
FJ898465.2	0.0	0.0	0.0	0.0	0.0	0.0	1.0	0.0	0.0	0.0
KC294222_KC294222.1	0.0	0.0	0.0	0.0	0.0	0.0	1.0	0.0	0.0	0.0
JX669486	0.0	0.0	0.0	0.0	0.0	0.0	1.0	0.0	0.0	0.0
JX669483.1	0.0	0.0	0.0	0.0	0.0	0.0	1.0	0.0	0.0	0.0
JX669483.2	0.0	0.0	0.0	0.0	0.0	0.0	1.0	0.0	0.0	0.0
0.999390	1.8067665574303225e-07	0.999997199033375	2.0759834591633537e-07	7.080813641715712e-07	8.43419815054606e-08	1.7093175775615174e-07	6.642922835737379e-07	5.124030897411101e-07	1.8477839977091534e-07	8.786274680664067e-08
EU482551_EU482721	5.872930371169941e-08	0.9999990895402678	6.748025226184805e-08	2.3016324559477784e-07	2.7415527629234165e-08	5.55617053788799e-08	2.1592951848283967e-07	1.6655763610667428e-07	6.006258370722804e-08	2.855995934245284e-08
EU529706_EU596490.1	2.1570204359140166e-07	0.9999966560471105	2.4784268491240967e-07	8.453477105422103e-07	1.0069224325886744e-07	2.0406803142909205e-07	7.930698214429171e-07	6.11735883339031e-07	2.2059893835328803e-07	1.0489553265088692e-07
GQ398291.1	0.0	1.0	0.0	0.0	0.0	0.0	0.0	0.0	0.0	0.0
GQ398291	0.0	1.0	0.0	0.0	0.0	0.0	0.0	0.0	0.0	0.0
EU482588.1	0.0	1.0	0.0	0.0	0.0	0.0	0.0	0.0	0.0	0.0
EU482588	0.0	1.0	0.0	0.0	0.0	0.0	0.0	0.0	0.0	0.0
GQ398297_GQ398297.1	4.385248387599551e-11	0.9999999993201704	5.0386714761464224e-11	1.7186020229082196e-10	2.04708536851494e-11	4.148727526569954e-11	1.6123204480678967e-10	1.2436663795039754e-10	4.484802844763085e-11	2.132538745414251e-11
GQ398296	0.0	1.0	0.0	0.0	0.0	0.0	0.0	0.0	0.0	0.0
EU482561_EU482561.1	9.654014286228617e-11	0.9999999985033722	1.1092508819313929e-10	3.7834592285385595e-10	4.506607071256615e-11	9.13331954569176e-11	3.5494830084519565e-10	2.7379003271478984e-10	9.873180925553372e-11	4.694730536218199e-11
GQ398302	0.0	1.0	0.0	0.0	0.0	0.0	0.0	0.0	0.0	0.0
FJ898438_GQ868515.1	1.048127177694276e-09	2.812294588319539e-09	0.9999999821423607	4.1076658119165075e-09	4.892780568298204e-10	9.915958434059414e-10	3.854540986433966e-09	2.9725124260436638e-09	1.071921891925006e-09	5.097024430532306e-10
FJ898461_FJ898461.1	4.818090295255209e-13	1.2927711097484477e-12	0.9999999999917916	1.8882350544600912e-12	2.249141046489208e-13	4.558223860237624e-13	1.7714801319344163e-12	1.366421325315922e-12	4.927471183522655e-13	2.343029020337989e-13
EU482639_GQ199898	2.8225420924721534e-09	7.573335559218095e-09	0.9999999519115164	1.1061691656014829e-08	1.3175957457406677e-09	2.6703066825255753e-09	1.0379001356011644e-08	8.004793331818382e-09	2.886619795945436e-09	1.3725973629635913e-09
GU369819_KJ189308	8.653480087317551e-08	2.3218678887544996e-07	0.9999985257185777	3.3913445873018604e-07	4.039545974995472e-08	8.186749726742658e-08	3.181667111681032e-07	2.4541465611700556e-07	8.849932474166254e-08	4.20817247685641e-08
EU482634_EU482693	3.212757137197403e-08	8.620343996673179e-08	0.9999994526484786	1.2590965042513078e-07	1.49975270425875e-08	3.03947525731172e-08	1.181235415427486e-07	9.111452040761162e-08	3.2856935514029015e-08	1.562358267790161e-08
EU482687_JF357906	6.410449234919468e-09	1.7200266053609298e-08	0.9999998907863734	2.5122889399005445e-08	2.992472871438582e-09	6.06469801660373e-09	2.3569301171968597e-08	1.8180179288203068e-08	6.5559800549207845e-09	3.117390432805119e-09
EU482607_KJ189305	1.9881941211459222e-06	5.733843453457344e-06	2.4752935516567113e-06	7.791837853923721e-06	9.281123292067669e-07	1.8809597426424937e-06	0.9999705630096362	5.638563579179416e-06	2.033330352659313e-06	9.668553801280576e-07
0.998896	5.902126540774941e-07	2.4751824559266134e-06	1.104387775960381e-06	2.3130745891428402e-06	2.755181877247722e-07	5.58379199551249e-07	0.9999901187575428	1.6738564609278856e-06	6.036117355420456e-07	2.87019398128782e-07
EU482605_JN819407	8.252783152219773e-10	2.3298392081199064e-09	1.0034596973917821e-09	3.2343093404092386e-09	3.8524959471414173e-10	7.807664608291182e-10	0.9999999878552442	2.3405080024151316e-09	8.440138867150521e-10	4.0133142467773373e-10
GU131947_GU131947.1	0.0	0.0	0.0	0.0	0.0	0.0	1.0	0.0	0.0	0.0
EU677145.2	0.0	1.0	0.0	0.0	0.0	0.0	0.0	0.0	0.0	0.0
EU677145.1	0.0	1.0	0.0	0.0	0.0	0.0	0.0	0.0	0.0	0.0
FJ898460.2	0.0	1.0	0.0	0.0	0.0	0.0	0.0	0.0	0.0	0.0
FJ898460.1	0.0	1.0	0.0	0.0	0.0	0.0	0.0	0.0	0.0	0.0
EU920842_FJ898453	2.0008538217085926e-05	0.9835461328948059	2.2989906587502982e-05	7.84145188960284e-05	9.3402202587638e-06	1.8929366350691548e-05	0.016217246994855335	5.6744667768366614e-05	2.0462774553269428e-05	9.73011770728777e-06
FJ898451	0.0	1.0	0.0	0.0	0.0	0.0	0.0	0.0	0.0	0.0
EU920849.1_EU920849.2	1.3602978895789051e-17	0.9999999999999998	1.562988813738659e-17	5.3310793326983856e-17	6.3500300563431045e-18	1.2869294507443462e-17	5.002178364143614e-17	3.8578356386000517e-17	1.391179542340166e-17	6.61510523106349e-18
EU920849	0.0	1.0	0.0	0.0	0.0	0.0	0.0	0.0	0.0	0.0
EU920835.2	0.0	0.0	0.0	0.0	0.0	0.0	1.0	0.0	0.0	0.0
EU920835.1	0.0	0.0	0.0	0.0	0.0	0.0	1.0	0.0	0.0	0.0
JN819419	0.0	0.0	0.0	0.0	0.0	0.0	1.0	0.0	0.0	0.0
JN819419.1	0.0	0.0	0.0	0.0	0.0	0.0	1.0	0.0	0.0	0.0
EU920840.1	0.0	0.0	0.0	0.0	0.0	0.0	1.0	0.0	0.0	0.0
EU920840	0.0	0.0	0.0	0.0	0.0	0.0	1.0	0.0	0.0	0.0
FJ850088	0.0	0.0	0.0	0.0	0.0	0.0	1.0	0.0	0.0	0.0
FJ850088.1	0.0	0.0	0.0	0.0	0.0	0.0	1.0	0.0	0.0	0.0
FJ850088.2	0.0	0.0	0.0	0.0	0.0	0.0	1.0	0.0	0.0	0.0
FM210236	0.0	0.0	0.0	0.0	0.0	0.0	0.0	1.0	0.0	0.0
FM210208	0.0	0.0	0.0	0.0	0.0	0.0	0.0	1.0	0.0	0.0
FM210235.1_FM210235.2	6.018780391550401e-13	1.614935551762394e-12	6.915607600666606e-13	2.358791849919068e-12	2.809637262666398e-13	5.694154054629907e-13	2.212919734528144e-12	0.9999999999907614	6.155419496501107e-13	2.926922548199535e-13
FM210235	0.0	0.0	0.0	0.0	0.0	0.0	0.0	1.0	0.0	0.0
FM210221	0.0	0.0	0.0	0.0	0.0	0.0	0.0	1.0	0.0	0.0
FM210221.1	0.0	0.0	0.0	0.0	0.0	0.0	0.0	1.0	0.0	0.0
FM210221.2	0.0	0.0	0.0	0.0	0.0	0.0	0.0	1.0	0.0	0.0
FJ639704_FJ639704.1	4.749256662489894e-10	1.274301923267155e-09	5.456918733692356e-10	1.8612587899344354e-09	2.217008699574935e-10	4.4931028085282624e-10	1.7461550528604553e-09	0.9999999927099925	4.857074881020337e-10	2.3095553431627725e-10
EU482451_GU131932	1.7119901055222143e-08	4.593544714716584e-08	1.967084860354187e-08	6.709379716937522e-08	7.991770559603938e-09	1.6196529473860272e-08	6.294459082018668e-08	0.9999997372131775	1.7508559189403456e-08	8.325378425805472e-09
FJ810411_FJ810411.2	1.856848718231956e-10	4.982223663647211e-10	2.133528102656878e-10	7.277088277170093e-10	8.66798754977495e-11	1.7566985285916538e-10	6.827059479321389e-10	0.9999999971497769	1.899003129986857e-10	9.029823366903965e-11
GQ868623_GQ868638	3.9482241778629117e-07	1.059372028275025e-06	4.53652855849272e-07	1.5473299250637602e-06	1.843077342887824e-07	3.735274465658136e-07	1.4516401382246436e-06	0.9999939395602657	4.037857256777799e-07	1.920014624184808e-07
FJ687442_FJ687442.1	3.0932794890648424e-11	8.299766220787105e-11	3.5541930015579944e-11	1.2122725824060695e-10	1.443979137122084e-11	2.926441703951555e-11	1.1373033705254449e-10	0.9999999995251881	3.1635035067646743e-11	1.504256493082452e-11
EU482640.1_EU482640.2	1.319204832218572e-09	3.5396386721206004e-09	1.5157726930861507e-09	5.177580105715681e-09	6.158202845132809e-10	1.2480532082735412e-09	4.850308894426763e-09	0.999999979742941	1.349153585464341e-09	6.415270399247224e-10
EU482640	0.0	0.0	0.0	0.0	0.0	0.0	0.0	1.0	0.0	0.0
EU179859	0.0	0.0	0.0	0.0	0.0	0.0	0.0	1.0	0.0	0.0
EU179859.1	0.0	0.0	0.0	0.0	0.0	0.0	0.0	1.0	0.0	0.0
KC294222	0.0	0.0	0.0	0.0	0.0	0.0	1.0	0.0	0.0	0.0
KC294222.1	0.0	0.0	0.0	0.0	0.0	0.0	1.0	0.0	0.0	0.0
EU482552_EU482552.1	2.5308258691485075e-10	0.9999999960765498	2.907931088699951e-10	9.91844035709902e-10	1.1814191920446617e-10	2.3943243392968206e-10	9.305065388920862e-10	7.177479512310691e-10	2.588280994447904e-10	1.2307362655026733e-10
EU482556	0.0	1.0	0.0	0.0	0.0	0.0	0.0	0.0	0.0	0.0
0.999998	1.905694040534569e-07	0.9999970456695786	2.1896516127698542e-07	7.468515677169267e-07	8.896003241859407e-08	1.8029093507092944e-07	7.006648649603744e-07	5.404591481148175e-07	1.948957344903299e-07	9.267357328804783e-08
EU482721	0.0	1.0	0.0	0.0	0.0	0.0	0.0	0.0	0.0	0.0
EU596490_EU596490.1	3.5375704741045844e-09	0.9999999451582895	4.0646854789645375e-09	1.3863925679029769e-08	1.6513793786704993e-09	3.34676960251562e-09	1.3006554493033527e-08	1.0032630024357853e-08	3.6178808412945277e-09	1.7203144346382202e-09
EU529706	0.0	1.0	0.0	0.0	0.0	0.0	0.0	0.0	0.0	0.0
GQ398297.1	0.0	1.0	0.0	0.0	0.0	0.0	0.0	0.0	0.0	0.0
GQ398297	0.0	1.0	0.0	0.0	0.0	0.0	0.0	0.0	0.0	0.0
EU482561.1	0.0	1.0	0.0	0.0	0.0	0.0	0.0	0.0	0.0	0.0
EU482561	0.0	1.0	0.0	0.0	0.0	0.0	0.0	0.0	0.0	0.0
0.581255	5.920314681450263e-09	1.5885156726772506e-08	0.9999998991361829	2.3202026176134546e-08	2.7636723145881082e-09	5.60099914849609e-09	2.1767744355620514e-08	1.6790146588330133e-08	6.054718405539359e-09	2.8790388428028136e-09
FJ898438	0.0	0.0	1.0	0.0	0.0	0.0	0.0	0.0	0.0	0.0
FJ898461.1	0.0	0.0	1.0	0.0	0.0	0.0	0.0	0.0	0.0	0.0
FJ898461	0.0	0.0	1.0	0.0	0.0	0.0	0.0	0.0	0.0	0.0
EU482639_FJ744704.1	1.2417242805336786e-10	3.3317458967060843e-10	0.9999999978844983	4.866383091215468e-10	5.796514545443248e-11	1.1747511766101526e-10	4.565438871530399e-10	3.5215581965217515e-10	1.2699140603976603e-10	6.038483810512755e-11
GQ199898	0.0	0.0	1.0	0.0	0.0	0.0	0.0	0.0	0.0	0.0
GU369819_GU369819.1	0.0	0.0	1.0	0.0	0.0	0.0	0.0	0.0	0.0	0.0
KJ189308	0.0	0.0	1.0	0.0	0.0	0.0	0.0	0.0	0.0	0.0
EU482634_EU482634.1	3.297973683612691e-11	8.848993656571223e-11	0.9999999994381306	1.292493319234172e-10	1.5395327873699832e-11	3.120095600923739e-11	1.2125631216431306e-10	9.35312809736453e-11	3.372844694509158e-11	1.6037989276841085e-11
EU482693	0.0	0.0	1.0	0.0	0.0	0.0	0.0	0.0	0.0	0.0
0.952821	9.390112508808523e-09	2.5195181647825267e-08	0.9999998400224909	3.6800347270198415e-08	4.383414627059065e-09	8.883651460438148e-09	3.4524546261720595e-08	2.6630571850816932e-08	9.603288016987814e-09	4.566395555941268e-09
EU482687	0.0	0.0	1.0	0.0	0.0	0.0	0.0	0.0	0.0	0.0
KJ189305	0.0	0.0	0.0	0.0	0.0	0.0	1.0	0.0	0.0	0.0
EU482607	0.0	0.0	0.0	0.0	0.0	0.0	1.0	0.0	0.0	0.0
FJ898466_FJ898466.1	0.0	0.0	0.0	0.0	0.0	0.0	1.0	0.0	0.0	0.0
GQ868553	0.0	0.0	0.0	0.0	0.0	0.0	1.0	0.0	0.0	0.0
EU482605_HQ332189	7.560090736248896e-08	2.0285135451140766e-07	8.686674518884214e-08	2.96283952111529e-07	3.529139004892716e-08	7.152332950975928e-08	0.9999989030946351	2.144058863634614e-07	7.731720861347997e-08	3.676459116771556e-08
HQ332188_JN819407	2.8732432738843664e-07	7.709410408703516e-07	3.301387893327567e-07	1.126039226596263e-06	1.3412636517431765e-07	2.718273266938278e-07	0.9999958311720945	8.148583031169976e-07	2.938472001917013e-07	1.397253260245388e-07
FJ639732_FJ639732.1	4.895859816070079e-10	1.3136389990424176e-09	5.625371684944294e-10	1.9187133407462185e-09	2.2854447707267496e-10	4.6317988378022184e-10	0.9999999928965377	1.3884769376413461e-09	5.007006237722242e-10	2.3808482044961737e-10
GU131947.1	0.0	0.0	0.0	0.0	0.0	0.0	1.0	0.0	0.0	0.0
GU131947	0.0	0.0	0.0	0.0	0.0	0.0	1.0	0.0	0.0	0.0
EU920842_JX286525.2	4.477735637375371e-06	0.007192549449654547	5.144939770702047e-06	1.7548482649699953e-05	2.090259501210741e-06	4.236226424029611e-06	0.9927544970417439	1.2698959731124548e-05	4.57938975164659e-06	2.177515135842094e-06
FJ898453	0.0	1.0	0.0	0.0	0.0	0.0	0.0	0.0	0.0	0.0
EU920849.2	0.0	1.0	0.0	0.0	0.0	0.0	0.0	0.0	0.0	0.0
EU920849.1	0.0	1.0	0.0	0.0	0.0	0.0	0.0	0.0	0.0	0.0
FM210235.2	0.0	0.0	0.0	0.0	0.0	0.0	0.0	1.0	0.0	0.0
FM210235.1	0.0	0.0	0.0	0.0	0.0	0.0	0.0	1.0	0.0	0.0
FJ639704.1	0.0	0.0	0.0	0.0	0.0	0.0	0.0	1.0	0.0	0.0
FJ639704	0.0	0.0	0.0	0.0	0.0	0.0	0.0	1.0	0.0	0.0
0.999821	3.3309733161942366e-08	8.937536976476097e-08	3.8273043514645736e-08	1.3054260496743098e-07	1.554937402810941e-08	3.151315379590074e-08	1.224696052532682e-07	0.9999994887027147	3.4065934888753695e-08	1.6198465922277134e-08
FJ639718_GU131932	4.593747977775949e-09	1.2325764428186348e-08	5.278238507464599e-09	1.8003141143979426e-08	2.1444154220641082e-09	4.345981572997385e-09	1.6889793104497308e-08	0.9999999294869505	4.69803581870345e-09	2.2339317373623194e-09
FJ810411.1_FJ810411.2	3.068938618948686e-13	8.234455752629011e-13	3.5262252247940433e-13	1.2027332667451183e-12	1.4326165335321461e-13	2.903413672481958e-13	1.1283539840498646e-12	0.9999999999952893	3.1386100471719077e-13	1.4924195698270706e-13
FJ810411	0.0	0.0	0.0	0.0	0.0	0.0	0.0	1.0	0.0	0.0
GQ868638	0.0	0.0	0.0	0.0	0.0	0.0	0.0	1.0	0.0	0.0
GQ868623	0.0	0.0	0.0	0.0	0.0	0.0	0.0	1.0	0.0	0.0
FJ687442.1	0.0	0.0	0.0	0.0	0.0	0.0	0.0	1.0	0.0	0.0
FJ687442	0.0	0.0	0.0	0.0	0.0	0.0	0.0	1.0	0.0	0.0
EU482640.1	0.0	0.0	0.0	0.0	0.0	0.0	0.0	1.0	0.0	0.0
EU482640.2	0.0	0.0	0.0	0.0	0.0	0.0	0.0	1.0	0.0	0.0
EU482552	0.0	1.0	0.0	0.0	0.0	0.0	0.0	0.0	0.0	0.0
EU482552.1	0.0	1.0	0.0	0.0	0.0	0.0	0.0	0.0	0.0	0.0
EU482551_EU482551.1	4.017191341119584e-11	0.9999999993772288	4.615772160582578e-11	1.5743585208947921e-10	1.8752720234012348e-11	3.800521845815955e-11	1.4769972349579577e-10	1.139284567121113e-10	4.108390121197381e-11	1.9535532370082128e-11
EU596489	0.0	1.0	0.0	0.0	0.0	0.0	0.0	0.0	0.0	0.0
EU596490	0.0	1.0	0.0	0.0	0.0	0.0	0.0	0.0	0.0	0.0
EU596490.1	0.0	1.0	0.0	0.0	0.0	0.0	0.0	0.0	0.0	0.0
FJ898439_FJ898439.1	1.7281881472342068e-10	4.637006665034645e-10	0.9999999970557198	6.772860698612575e-10	8.067384917689059e-11	1.6349773385236142e-10	6.354014290776085e-10	4.901180745542565e-10	1.7674216906204535e-10	8.404149223939373e-11
GQ868515_GQ868515.1	0.0	0.0	1.0	0.0	0.0	0.0	0.0	0.0	0.0	0.0
0.432587	3.041664801033029e-10	8.16127571472091e-10	0.9999999948179751	1.1920445133383957e-09	1.4198847955178163e-10	2.877610883417304e-10	1.1183263249083485e-09	8.626230298521609e-10	3.1107170556320054e-10	1.4791563591033673e-10
FJ744704_FJ744704.1	1.635357867410861e-11	4.387928098582054e-11	0.9999999997213874	6.409053925106485e-11	7.634042286245689e-12	1.5471539125367635e-11	6.012706000875555e-11	4.6379119684700815e-11	1.6724839661783978e-11	7.95271717044218e-12
GU369819	0.0	0.0	1.0	0.0	0.0	0.0	0.0	0.0	0.0	0.0
GU369819.1	0.0	0.0	1.0	0.0	0.0	0.0	0.0	0.0	0.0	0.0
EU482634.1	0.0	0.0	1.0	0.0	0.0	0.0	0.0	0.0	0.0	0.0
EU482634	0.0	0.0	1.0	0.0	0.0	0.0	0.0	0.0	0.0	0.0
HQ705625_HQ705625.1	0.0	0.0	1.0	0.0	0.0	0.0	0.0	0.0	0.0	0.0
JF357906	0.0	0.0	1.0	0.0	0.0	0.0	0.0	0.0	0.0	0.0
FJ898466.1	0.0	0.0	0.0	0.0	0.0	0.0	1.0	0.0	0.0	0.0
FJ898466	0.0	0.0	0.0	0.0	0.0	0.0	1.0	0.0	0.0	0.0
EU482605_FJ850106.1	1.7866098596370978e-09	4.793762132638539e-09	2.052823612884961e-09	7.001818477609288e-09	8.340104321683894e-10	1.6902480427055274e-09	0.9999999740778663	5.066866045727574e-09	1.8271697000425234e-09	8.688253006121732e-10
HQ332189	0.0	0.0	0.0	0.0	0.0	0.0	1.0	0.0	0.0	0.0
HQ332188	0.0	0.0	0.0	0.0	0.0	0.0	1.0	0.0	0.0	0.0
JN819407	0.0	0.0	0.0	0.0	0.0	0.0	1.0	0.0	0.0	0.0
FJ639732.1	0.0	0.0	0.0	0.0	0.0	0.0	1.0	0.0	0.0	0.0
FJ639732	0.0	0.0	0.0	0.0	0.0	0.0	1.0	0.0	0.0	0.0
0.991901	8.537435169760469e-08	0.0036688996859856613	9.809554047374995e-08	3.3458659707140797e-07	3.9853748467434496e-08	8.076963757685803e-08	0.996330090680612	2.4212359595981667e-07	8.731253090382204e-08	4.151740033121029e-08
EU920842	0.0	0.0	0.0	0.0	0.0	0.0	1.0	0.0	0.0	0.0
EU482451_EU660413	5.434830172105259e-10	1.4582523188614533e-09	6.244645991621169e-10	2.129938672198118e-09	2.537042452860977e-10	5.141699521743259e-10	1.9982192669041177e-09	0.9999999916576517	5.558212366165218e-10	2.6429485612570125e-10
EU687249	0.0	0.0	0.0	0.0	0.0	0.0	0.0	1.0	0.0	0.0
0.881420	2.9146171526258314e-09	7.82038644597351e-09	3.34890911820431e-09	1.142253868371564e-08	1.3605774634875388e-09	2.7574156220443344e-09	1.0716147451890167e-08	0.9999999552612497	2.9807851556264586e-09	1.4173733062874183e-09
GU131932	0.0	0.0	0.0	0.0	0.0	0.0	0.0	1.0	0.0	0.0
FJ810411.2	0.0	0.0	0.0	0.0	0.0	0.0	0.0	1.0	0.0	0.0
FJ810411.1	0.0	0.0	0.0	0.0	0.0	0.0	0.0	1.0	0.0	0.0
EU482551.1	0.0	1.0	0.0	0.0	0.0	0.0	0.0	0.0	0.0	0.0
EU482551	0.0	1.0	0.0	0.0	0.0	0.0	0.0	0.0	0.0	0.0
FJ898439.1	0.0	0.0	1.0	0.0	0.0	0.0	0.0	0.0	0.0	0.0
FJ898439	0.0	0.0	1.0	0.0	0.0	0.0	0.0	0.0	0.0	0.0
GQ868515.1	0.0	0.0	1.0	0.0	0.0	0.0	0.0	0.0	0.0	0.0
GQ868515	0.0	0.0	1.0	0.0	0.0	0.0	0.0	0.0	0.0	0.0
FJ850066_FJ850066.3	2.893079007035423e-11	7.762596138352896e-11	0.9999999995071117	1.1338129552670657e-10	1.3505232045708153e-11	2.7370391485622672e-11	1.0636958339967685e-10	8.204837619855396e-11	2.958758048362039e-11	1.4068993431464025e-11
EU482639_FJ906956.1	2.9694247351975555e-09	7.967444002227297e-09	0.9999999494104925	1.1637332496866175e-08	1.3861622857027444e-09	2.8092671265390515e-09	1.0917658012491209e-08	8.421355834883962e-09	3.0368369867900777e-09	1.4440261393874095e-09
FJ744704.1	0.0	0.0	1.0	0.0	0.0	0.0	0.0	0.0	0.0	0.0
FJ744704	0.0	0.0	1.0	0.0	0.0	0.0	0.0	0.0	0.0	0.0
HQ705625	0.0	0.0	1.0	0.0	0.0	0.0	0.0	0.0	0.0	0.0
HQ705625.1	0.0	0.0	1.0	0.0	0.0	0.0	0.0	0.0	0.0	0.0
FJ850106_FJ850106.1	2.6283910598426368e-09	7.052395818333565e-09	3.020033961797134e-09	1.030080349658846e-08	1.2269637671047873e-09	2.4866272960489128e-09	0.9999999618643647	7.454176603903724e-09	2.688061122299317e-09	1.2781820498617327e-09
EU482605_EU482605.1	0.0	0.0	0.0	0.0	0.0	0.0	1.0	0.0	0.0	0.0
GQ868641	0.0	0.0	0.0	0.0	0.0	0.0	1.0	0.0	0.0	0.0
EU920846_EU920850	1.0361385700791448e-05	0.007174058269219909	1.1905281974804468e-05	4.060681824971822e-05	4.8368163421731795e-06	9.802538481477509e-06	0.9927034084301869	2.9385124631905545e-05	1.0596611174409133e-05	5.038724037981839e-06
HM181971_JX286525.2	4.0185631931642224e-09	1.0812623542696911e-05	4.617348425176021e-09	1.5748961569625036e-08	1.875912420021934e-09	3.801819706241848e-09	0.9999891398531023	1.1396736274695294e-08	4.109793117198654e-09	1.9542203662970446e-09
EU482451_EU482649.3	1.4209126550369015e-10	3.812537114300497e-10	1.6326354706099046e-10	5.568631802539766e-10	6.632986889155378e-11	1.3442749244199723e-10	5.22425715978312e-10	0.9999999978189295	1.4531703917819864e-10	6.909873792518073e-11
EU482468_EU660413	9.157689060574707e-12	2.4571552164659972e-11	1.05222287493261e-11	3.5889467490992576e-11	4.274916636038839e-12	8.663763902817775e-12	3.36699954583292e-11	0.9999999998594313	9.365588062573313e-12	4.45336843298445e-12
GQ868631_GQ868631.2	0.0	0.0	0.0	0.0	0.0	0.0	0.0	1.0	0.0	0.0
FJ639718	0.0	0.0	0.0	0.0	0.0	0.0	0.0	1.0	0.0	0.0
FJ850066.1_FJ850066.3	1.0492941634045257e-13	2.8154249507298194e-13	0.9999999999982124	4.1122392906002033e-13	4.898228194433757e-14	9.926998870794804e-14	3.8579306943694136e-13	2.975822023961317e-13	1.0731153706907529e-13	5.1026994619615174e-14
FJ850066	0.0	0.0	1.0	0.0	0.0	0.0	0.0	0.0	0.0	0.0
0.998977	2.0748223996508462e-10	5.567082097699691e-10	0.9999999964651658	8.131338656433823e-10	9.685514254113355e-11	1.9629156757725353e-10	7.628481411739975e-10	5.884243339976465e-10	2.1219252771736058e-10	1.0089825629080987e-10
FJ906956_FJ906956.1	5.365515837805356e-13	1.4396541685012158e-12	0.999999999990859	2.102774018200137e-12	2.5046857088336784e-13	5.076123695409445e-13	1.972734526096285e-12	1.5216724496254424e-12	5.487324449181975e-13	2.6092411197526443e-13
FJ850106.1	0.0	0.0	0.0	0.0	0.0	0.0	1.0	0.0	0.0	0.0
FJ850106	0.0	0.0	0.0	0.0	0.0	0.0	1.0	0.0	0.0	0.0
EU482605	0.0	0.0	0.0	0.0	0.0	0.0	1.0	0.0	0.0	0.0
EU482605.1	0.0	0.0	0.0	0.0	0.0	0.0	1.0	0.0	0.0	0.0
EU920846_EU920846.2	1.6911400048048521e-09	2.1303317027768269e-07	1.943127994408708e-09	6.627667070119087e-09	7.894439844583853e-10	1.5999274086862113e-09	0.999999766967481	4.796111374118237e-09	1.7295324766297018e-09	8.223984744774096e-10
EU920850	0.0	1.0	0.0	0.0	0.0	0.0	0.0	0.0	0.0	0.0
JX286520_JX286525.2	6.188312369197039e-08	1.9567885966650284e-07	7.110400657880492e-08	2.425232328039607e-07	2.888776777754577e-08	5.854542228827913e-08	0.9999990724939877	1.7550194103490194e-07	6.32880021029993e-08	3.009365657223986e-08
HM181971_HM181971.1	1.4610400316220696e-08	4.112933599255595e-08	1.6787420191885472e-08	5.725893112453888e-08	6.820306188369239e-09	1.3822380081710969e-08	0.9999997860886995	4.143542636207273e-08	1.4942087450873398e-08	7.105012534400243e-09
JX567950	0.0	0.0	0.0	0.0	0.0	0.0	1.0	0.0	0.0	0.0
0.815210	1.2871006984726627e-09	3.45349811994016e-09	1.4788848893169155e-09	5.0442156716521586e-09	6.00833698519645e-10	1.2176801916901067e-09	4.732271906736613e-09	0.9999999802432793	1.3163206194499083e-09	6.259148550180931e-10
EU482451_FJ410221.3	4.6062168963379215e-08	1.2359220541497885e-07	5.292565354827284e-08	1.8052007494913343e-07	2.1502360594586962e-08	4.3577779733588555e-08	1.693563746856939e-07	0.9999992929555506	4.710787808213552e-08	2.2399953510043692e-08
EU482468	0.0	0.0	0.0	0.0	0.0	0.0	0.0	1.0	0.0	0.0
EU660413	0.0	0.0	0.0	0.0	0.0	0.0	0.0	1.0	0.0	0.0
FM210211_FM210211.1	0.0	0.0	0.0	0.0	0.0	0.0	0.0	1.0	0.0	0.0
EU482469_FJ410259	1.1997382127001256e-08	3.2190905240723494e-08	1.378504973234605e-08	4.7018374720511105e-08	5.600518657532803e-09	1.1350296511781926e-08	4.4110670176283694e-08	0.9999998158427486	1.2269748196028164e-08	5.834306285071247e-09
GQ868631	0.0	0.0	0.0	0.0	0.0	0.0	0.0	1.0	0.0	0.0
GQ868631.2	0.0	0.0	0.0	0.0	0.0	0.0	0.0	1.0	0.0	0.0
GQ868631.1	0.0	0.0	0.0	0.0	0.0	0.0	0.0	1.0	0.0	0.0
FJ850066.2_FJ850066.3	6.632797023349872e-15	1.7796860865094143e-14	0.999999999999887	2.599428213485646e-14	3.096267426315937e-15	6.275053350851539e-15	2.4386746937463102e-14	1.8810762654495176e-14	6.783375610643296e-15	3.2255177797362148e-15
FJ850066.1	0.0	0.0	1.0	0.0	0.0	0.0	0.0	0.0	0.0	0.0
EU482639_FJ906961	9.231099876353321e-11	2.4768525186720765e-10	0.9999999984273157	3.6177168358421735e-10	4.309185665655519e-11	8.73321526457642e-11	3.3939904364114116e-10	2.617960842201738e-10	9.440665459869966e-11	4.489067986383308e-11
EU482762_EU482762.3	6.375851258309136e-12	1.7107434064574376e-11	0.9999999998913759	2.4987298099869037e-11	2.9763221302628914e-12	6.031966101501088e-12	2.3442036685265966e-11	1.8082058642561173e-11	6.520596630719811e-12	3.100565496310505e-12
FJ906956	0.0	0.0	1.0	0.0	0.0	0.0	0.0	0.0	0.0	0.0
FJ906956.1	0.0	0.0	1.0	0.0	0.0	0.0	0.0	0.0	0.0	0.0
EU920846.1_EU920846.2	5.908751380980353e-12	3.7925874763857204e-11	6.7891837386396215e-12	2.3156708990373115e-11	2.758274430338124e-12	5.590059521200822e-12	0.9999999998921975	1.6757352806178143e-11	6.042892593576473e-12	2.873415629680684e-12
EU920846	0.0	0.0	0.0	0.0	0.0	0.0	1.0	0.0	0.0	0.0
0.455472	9.54050208017927e-08	2.596061424475229e-07	1.0962082748938385e-07	3.7389731949782185e-07	4.453618242434841e-08	9.025929684909806e-08	0.9999986121381947	2.705708008298617e-07	9.757091751210361e-08	4.639529745731122e-08
JX286525_JX286525.2	1.1042881262174076e-09	2.963547590405744e-09	1.2688323650612187e-09	4.327763537767634e-09	5.154946461406382e-10	1.0447277192912511e-09	0.9999999839771887	3.131786148637756e-09	1.1293578133230652e-09	5.370134156867219e-10
HM181971	0.0	0.0	0.0	0.0	0.0	0.0	1.0	0.0	0.0	0.0
HM181971.1	0.0	0.0	0.0	0.0	0.0	0.0	1.0	0.0	0.0	0.0
EU482464_EU482676	3.942326438179828e-09	1.057789569891496e-08	4.5297520272478946e-09	1.5450185697073247e-08	1.8403242088471872e-09	3.729694823912604e-09	1.4494717214217768e-08	0.9999999394861318	4.03182562587106e-09	1.9171465635248678e-09
EU482649_EU482649.3	0.0	0.0	0.0	0.0	0.0	0.0	0.0	1.0	0.0	0.0
0.999991	9.585808693415814e-09	2.5720265974605608e-08	1.1014140265324756e-08	3.756729096190024e-08	4.474767900756536e-09	9.068792660243567e-09	3.5244059176591854e-08	0.9999998528598852	9.80342692084509e-09	4.661562273791251e-09
FJ410221_FJ410221.3	4.4424040926497953e-10	1.1919684450630723e-09	5.104343655982364e-10	1.741001645834452e-09	2.0737663218370754e-10	4.202800506224424e-10	1.6333348362692145e-09	0.9999999931810047	4.5432561057753064e-10	2.1603334664352504e-10
FM210211.1	0.0	0.0	0.0	0.0	0.0	0.0	0.0	1.0	0.0	0.0
FM210211	0.0	0.0	0.0	0.0	0.0	0.0	0.0	1.0	0.0	0.0
EU482469_FJ432726	5.345440042181984e-11	1.434267509747639e-10	6.141936302663279e-11	2.0949062077774968e-10	2.4953140920290032e-11	5.0571306992188505e-11	1.9653532758377294e-10	0.9999999991794865	5.4667928903363704e-11	2.5994782948844043e-11
FJ410259	0.0	0.0	0.0	0.0	0.0	0.0	0.0	1.0	0.0	0.0
FJ850066.3	0.0	0.0	1.0	0.0	0.0	0.0	0.0	0.0	0.0	0.0
FJ850066.2	0.0	0.0	1.0	0.0	0.0	0.0	0.0	0.0	0.0	0.0
0.979884	1.1295265969036228e-09	3.0307014699455695e-09	0.9999999807564766	4.426674438457076e-09	5.272762602018945e-10	1.0686049387346282e-09	4.1529205825012245e-09	3.2033630233965523e-09	1.1551692509262535e-09	5.492868405548666e-10
FJ906961	0.0	0.0	1.0	0.0	0.0	0.0	0.0	0.0	0.0	0.0
EU482762.1_EU482762.3	1.3276469690792939e-14	3.562290283192614e-14	0.9999999999997738	5.2031186493785446e-14	6.1976117308217854e-15	1.256039576175865e-14	4.881348026066197e-14	3.765236888207599e-14	1.3577873765611721e-14	6.456324366481777e-15
EU482762	0.0	0.0	1.0	0.0	0.0	0.0	0.0	0.0	0.0	0.0
EU920846.1	0.0	0.0	0.0	0.0	0.0	0.0	1.0	0.0	0.0	0.0
EU920846.2	0.0	0.0	0.0	0.0	0.0	0.0	1.0	0.0	0.0	0.0
JX286520_JX286520.1	9.991131030009625e-10	2.6808583155120354e-09	1.1479857578354365e-09	3.915577062378166e-09	4.663977120266145e-10	9.452253706535843e-10	0.9999999855036731	2.8335073995759666e-09	1.0217950935799915e-09	4.85866982865915e-10
KC294211	0.0	0.0	0.0	0.0	0.0	0.0	1.0	0.0	0.0	0.0
JX286525.1_JX286525.2	5.506845741163328e-12	1.477581227508591e-11	6.327392226629757e-12	2.158161954376174e-11	2.57066016494792e-12	5.2098308902052315e-12	0.9999999999201005	1.5617539304651328e-11	5.631862841675833e-12	2.6779696085763996e-12
JX286525	0.0	0.0	0.0	0.0	0.0	0.0	1.0	0.0	0.0	0.0
EU482642_EU482676	1.079251228541656e-09	2.895804573126707e-09	1.2400648492856616e-09	4.229642612361065e-09	5.038071287243004e-10	1.021041200903597e-09	3.96807357435144e-09	0.9999999834337242	1.1037525248660257e-09	5.24838015426729e-10
EU482464_EU482705.1	2.7404990990801503e-08	7.353199712813316e-08	3.148846637738295e-08	1.0740160828234003e-07	1.2792971143936135e-08	2.5926887245530924e-08	1.0075969123786037e-07	0.999999579339245	2.8027142522599737e-08	1.3326999964442946e-08
EU482649	0.0	0.0	0.0	0.0	0.0	0.0	0.0	1.0	0.0	0.0
EU482649.1	0.0	0.0	0.0	0.0	0.0	0.0	0.0	1.0	0.0	0.0
EU482649.2	0.0	0.0	0.0	0.0	0.0	0.0	0.0	1.0	0.0	0.0
EU482649.3	0.0	0.0	0.0	0.0	0.0	0.0	0.0	1.0	0.0	0.0
0.999997	4.937002423553187e-08	1.324677129622665e-07	5.672639515601096e-08	1.9348373460929018e-07	2.3046506223358365e-08	4.6707223953965163e-08	1.815183373002228e-07	0.9999992421806791	5.0490828698243117e-08	2.400855783723203e-08
EU482661_EU482661.1	1.8678274096240993e-09	5.0116812578565555e-09	2.14614267183828e-09	7.320114349054135e-09	8.719237368548841e-10	1.7670850780316124e-09	6.867424738161993e-09	0.9999999713292486	1.910231061003602e-09	9.083212554239162e-10
FJ410221.1_FJ410221.3	9.583127258410722e-13	2.5713071253353565e-12	1.1011059283614916e-12	3.755678227637838e-12	4.4735161754537985e-13	9.066255849957568e-13	3.5234200367907043e-12	0.9999999999852903	9.800684611567261e-13	4.660258296562086e-13
FJ410221	0.0	0.0	0.0	0.0	0.0	0.0	0.0	1.0	0.0	0.0
0.986437	3.369495020870658e-08	9.040896903818826e-08	3.871565975302e-08	1.3205229093573272e-07	1.572919786257303e-08	3.187759394258293e-08	1.2388592940767315e-07	0.9999994827897154	3.445989718107553e-08	1.638579630929505e-08
EU482469_EU482541	5.590992402320503e-09	1.5001531560759753e-08	6.42407714477135e-09	2.1911394756711207e-08	2.6099408130752494e-09	5.289439053427845e-09	2.0556352978190164e-08	0.9999999141794617	5.717919810855085e-09	2.718889985110224e-09
FJ744741	0.0	0.0	1.0	0.0	0.0	0.0	0.0	0.0	0.0	0.0
EU482639	0.0	0.0	1.0	0.0	0.0	0.0	0.0	0.0	0.0	0.0
EU482762.2_EU482762.3	8.722651757568167e-16	2.340427713340581e-15	0.999999999999985	3.4184533305048232e-15	4.0718361217716926e-16	8.252190583693665e-16	3.2070497602533383e-15	2.473763803593104e-15	8.920674488323125e-16	4.2418105410790844e-16
EU482762.1	0.0	0.0	1.0	0.0	0.0	0.0	0.0	0.0	0.0	0.0
JX286520	0.0	0.0	0.0	0.0	0.0	0.0	1.0	0.0	0.0	0.0
JX286520.1	0.0	0.0	0.0	0.0	0.0	0.0	1.0	0.0	0.0	0.0
JX286525.2	0.0	0.0	0.0	0.0	0.0	0.0	1.0	0.0	0.0	0.0
JX286525.1	0.0	0.0	0.0	0.0	0.0	0.0	1.0	0.0	0.0	0.0
0.521402	1.1385976756696595e-10	3.0550406327643844e-10	1.3082542022992976e-10	4.462224475625675e-10	5.315107461368555e-11	1.0771867637183075e-10	4.1862721386453955e-10	0.9999999982522769	1.1644462624565536e-10	5.5369809055064326e-11
EU482676	0.0	0.0	0.0	0.0	0.0	0.0	0.0	1.0	0.0	0.0
0.961778	3.5387404371828545e-08	9.495009567836681e-08	4.0660297721651914e-08	1.3868510826176118e-07	1.6519255311543594e-08	3.347876462971146e-08	1.3010856086074097e-07	0.9999994568109057	3.619077365020877e-08	1.7208833856700867e-08
EU482705_EU482705.1	1.4342825795639233e-11	3.848410771484122e-11	1.647997578157343e-11	5.621029243476624e-11	6.695399264597574e-12	1.3569237344783192e-11	5.2734142446246494e-11	0.9999999997798407	1.4668438420072035e-11	6.9748915054434406e-12
FJ410224_FJ410224.1	0.0	0.0	0.0	0.0	0.0	0.0	0.0	1.0	0.0	0.0
EU482451	0.0	0.0	0.0	0.0	0.0	0.0	0.0	1.0	0.0	0.0
EU482661	0.0	0.0	0.0	0.0	0.0	0.0	0.0	1.0	0.0	0.0
EU482661.1	0.0	0.0	0.0	0.0	0.0	0.0	0.0	1.0	0.0	0.0
FJ410221.2_FJ410221.3	6.068681211598045e-14	1.628324744104329e-13	6.972943882762131e-14	2.3783482450230396e-13	2.8329315505989355e-14	5.741363445621506e-14	2.2312667254912302e-13	0.9999999999990685	6.206453171204167e-14	2.951189231126885e-14
FJ410221.1	0.0	0.0	0.0	0.0	0.0	0.0	0.0	1.0	0.0	0.0
FJ432726	0.0	0.0	0.0	0.0	0.0	0.0	0.0	1.0	0.0	0.0
FJ410228	0.0	0.0	0.0	0.0	0.0	0.0	0.0	1.0	0.0	0.0
EU482469_EU482469.1	1.3489624800240254e-12	3.6194832262626836e-12	1.5499643736735758e-12	5.2866552634789615e-12	6.297115035356983e-13	1.2762054229382461e-12	4.959718579155934e-12	0.9999999999792938	1.3795867949003553e-12	6.559981329440777e-13
EU482541	0.0	0.0	0.0	0.0	0.0	0.0	0.0	1.0	0.0	0.0
EU482762.2	0.0	0.0	1.0	0.0	0.0	0.0	0.0	0.0	0.0	0.0
EU482762.3	0.0	0.0	1.0	0.0	0.0	0.0	0.0	0.0	0.0	0.0
EU482642_GU131899.1	7.327497445883305e-11	1.966085379586311e-10	8.41932978677136e-11	2.8716849811655016e-10	3.4205617295738156e-11	6.932284711755562e-11	2.6940945918983457e-10	0.9999999988752447	7.493847209024406e-11	3.563349399878291e-11
0.999822	1.3324015122710947e-08	3.575047487033419e-08	1.5309357421210198e-08	5.2217519554656974e-08	6.2198064959562556e-09	1.2605376803817454e-08	4.89882901353099e-08	0.9999997954792154	1.3626498579869528e-08	6.479445628214482e-09
EU482659_EU482659.2	3.519935970113339e-13	9.444554159220936e-13	4.044423349113938e-13	1.3794815125752928e-12	1.643147385426154e-13	3.330086225507201e-13	1.2941717866088807e-12	0.9999999999945971	3.5998459965889097e-13	1.7117388056900782e-13
EU482464	0.0	0.0	0.0	0.0	0.0	0.0	0.0	1.0	0.0	0.0
EU482705.1	0.0	0.0	0.0	0.0	0.0	0.0	0.0	1.0	0.0	0.0
EU482705	0.0	0.0	0.0	0.0	0.0	0.0	0.0	1.0	0.0	0.0
FJ410224	0.0	0.0	0.0	0.0	0.0	0.0	0.0	1.0	0.0	0.0
FJ410224.1	0.0	0.0	0.0	0.0	0.0	0.0	0.0	1.0	0.0	0.0
FJ410221.2	0.0	0.0	0.0	0.0	0.0	0.0	0.0	1.0	0.0	0.0
FJ410221.3	0.0	0.0	0.0	0.0	0.0	0.0	0.0	1.0	0.0	0.0
EU482469.1	0.0	0.0	0.0	0.0	0.0	0.0	0.0	1.0	0.0	0.0
EU482469	0.0	0.0	0.0	0.0	0.0	0.0	0.0	1.0	0.0	0.0
0.866520	1.3969357445568958e-09	3.748203208365295e-09	1.6050858852173536e-09	5.474665022982763e-09	6.521059859515262e-10	1.32159122221697e-09	5.136101462245612e-09	0.9999999785573348	1.4286491544825364e-09	6.793274489412393e-10
0.979010	9.50932720545667e-11	2.551505384536774e-10	1.0926262668032276e-10	3.726755596788416e-10	4.439065445359451e-11	8.99643624475149e-11	3.4962860357195715e-10	0.9999999985403388	9.725209140584152e-11	4.6243694577945536e-11
EU482699_FJ410217.1	3.0691289712348718e-09	8.23496649841856e-09	3.5264439404858464e-09	1.2028078668122503e-08	1.4327053922113983e-09	2.903593758009536e-09	1.1284239707088237e-08	0.9999999528895261	3.138804720859494e-09	1.4925121378163134e-09
EU482670_EU482670.1	1.0534244790611609e-10	2.826507251727616e-10	1.2103897899898333e-10	4.12842621598125e-10	4.9175089922374917e-11	9.966074318166407e-11	3.8731165899026686e-10	0.9999999983830159	1.0773394532898202e-10	5.1227851159314786e-11
EU482659.1_EU482659.2	5.085774367500146e-17	1.364595034207003e-16	5.843579194305757e-17	1.9931418573133454e-16	2.3740991102619794e-17	4.811470240097721e-17	1.8698822238136856e-16	0.9999999999999993	5.201232253043054e-17	2.473203324080239e-17
EU482659	0.0	0.0	0.0	0.0	0.0	0.0	0.0	1.0	0.0	0.0
0.986051	1.0180814011238958e-08	2.7316760910001905e-08	1.1697804235545612e-08	3.989914825359576e-08	4.752523360116292e-09	9.631706028500833e-09	3.743171003657092e-08	0.9999998437266806	1.041194012378434e-08	4.950912336053049e-09
FM210246	0.0	0.0	0.0	0.0	0.0	0.0	0.0	1.0	0.0	0.0
EU482652_JF730049.1	4.1903386548850454e-14	1.1243352352873768e-13	4.814719256375017e-14	1.6422158683918938e-13	1.9560992197829117e-14	3.9643303609280564e-14	1.5406581567204517e-13	0.999999999999357	4.2854682469277914e-14	2.0377544777665194e-14
FJ205879_GU131899.1	1.1036172830907692e-08	2.9611826151676888e-08	1.2680615630841356e-08	4.325134468094512e-08	5.151814887028534e-09	1.0440930584694455e-08	4.0576600344921343e-08	0.9999998305971057	1.1286717406318932e-08	5.366871858285238e-09
0.693363	6.772601424631968e-09	1.8171978552125167e-08	7.78175159110689e-09	2.6542182973345576e-08	3.161529760173205e-09	6.407317322391851e-09	2.490076455971323e-08	0.9999998960420156	6.926353868922427e-09	3.293504419525327e-09
FJ410217_FJ410217.1	1.8914269589004384e-11	5.0750026430084586e-11	2.1732586673939374e-11	7.412602230107182e-11	8.829402831841073e-12	1.7894117722216728e-11	6.954192995054861e-11	0.9999999997096701	1.9343663701981595e-11	9.19797675630447e-12
EU482670	0.0	0.0	0.0	0.0	0.0	0.0	0.0	1.0	0.0	0.0
EU482670.1	0.0	0.0	0.0	0.0	0.0	0.0	0.0	1.0	0.0	0.0
EU482659.2	0.0	0.0	0.0	0.0	0.0	0.0	0.0	1.0	0.0	0.0
EU482659.1	0.0	0.0	0.0	0.0	0.0	0.0	0.0	1.0	0.0	0.0
FJ024452_FJ410195.1	1.3133426448188779e-09	3.5239094812872298e-09	1.5090370118072036e-09	5.147059246495457e-09	6.130837467856902e-10	1.2425067637641482e-09	4.828755441878539e-09	0.9999999798404711	1.3431583137429903e-09	6.38676268373066e-10
EU482642_EU482642.1	1.0841867191142892e-10	2.909047287883834e-10	1.2457357516772883e-10	4.248985060798325e-10	5.061110735968989e-11	1.0257104929906113e-10	3.9862198494723773e-10	0.9999999983357966	1.1088000615627013e-10	5.272381359999513e-11
FJ461309_JF730049.1	1.1671596335312197e-07	3.13167695802919e-07	1.3410720291724329e-07	4.5741602982301657e-07	5.4484380298259215e-08	1.1042082161696816e-07	4.2912856398811937e-07	0.9999982084349063	1.1936566374564626e-07	5.675877215136016e-08
0.994678	8.987318524607059e-11	2.4114420623704656e-10	1.0326472184570626e-10	3.522177635498777e-10	4.195385672093525e-11	8.502582398416751e-11	3.304359559540309e-10	0.9999999986204658	9.191349753397452e-11	4.370517534491359e-11
EU482654_EU482654.2	7.579983260320465e-11	2.0338313831822226e-10	8.709437201195952e-11	2.9706355064480295e-10	3.538425068387975e-11	7.171152560469892e-11	2.78692583097143e-10	0.9999999988364889	7.752064987988112e-11	3.686132816999497e-11
FJ410223	0.0	0.0	0.0	0.0	0.0	0.0	0.0	1.0	0.0	0.0
0.946223	4.619568163941358e-08	1.2395044139155785e-07	5.307906025479844e-08	1.8104331818380496e-07	2.156468587732216e-08	4.370409132765381e-08	1.6984725957662775e-07	0.9999992909061595	4.724442177963372e-08	2.2464880494670687e-08
GU131899_GU131899.1	1.2850596647312833e-10	3.4480216982452975e-10	1.4765397317373307e-10	5.03621675253351e-10	5.998809200361187e-11	1.2157492422621417e-10	4.724767655789897e-10	0.9999999980274609	1.3142332499053506e-10	6.249223038215639e-11
EU482699_EU482699.1	8.291444276454709e-12	2.224727813006708e-11	9.52690932854974e-12	3.2494608393541904e-11	3.8705434132725206e-12	7.844240522844876e-12	3.0485080819472555e-11	0.9999999998727281	8.479677681061463e-12	4.0321150849705435e-12
EU482701_EU482701.3	0.0	0.0	0.0	0.0	0.0	0.0	0.0	1.0	0.0	0.0
FJ410217	0.0	0.0	0.0	0.0	0.0	0.0	0.0	1.0	0.0	0.0
FJ410217.1	0.0	0.0	0.0	0.0	0.0	0.0	0.0	1.0	0.0	0.0
0.590784	1.938106469256983e-09	5.200251274640275e-09	2.2268936491703638e-09	7.595541698607935e-09	9.047308259799354e-10	1.8335735966899592e-09	7.1258191434538405e-09	0.9999999702504799	1.9821056046349524e-09	9.424978411977593e-10
FJ410195_FJ410195.1	4.884722817032801e-12	1.310649670617817e-11	5.612569996414153e-12	1.914348691954894e-11	2.280245888984305e-12	4.621262519129827e-12	1.795961775692457e-11	0.9999999999250206	4.9956164051404105e-12	2.375432301027217e-12
EU482642	0.0	0.0	0.0	0.0	0.0	0.0	0.0	1.0	0.0	0.0
EU482642.1	0.0	0.0	0.0	0.0	0.0	0.0	0.0	1.0	0.0	0.0
JF730049_JF730049.1	1.8125899052633786e-13	4.863470152318113e-13	2.0826745138149148e-13	7.103635649687458e-13	8.461382221073356e-14	1.71482683982363e-13	6.664333487885564e-13	0.9999999999972178	1.853739547912783e-13	8.814593520976815e-14
FJ461309	0.0	0.0	0.0	0.0	0.0	0.0	0.0	1.0	0.0	0.0
EU482652_FJ547064.1	1.0507312419578456e-10	2.8192808635484396e-10	1.2072952476124056e-10	4.11787127741262e-10	4.9049366456317045e-11	9.940594559852834e-11	3.8632143885462996e-10	0.9999999983871498	1.0745850739810619e-10	5.109687950239228e-11
EU677148_FJ859028.1	9.286385765330438e-10	2.4916866115964496e-09	1.0670101881703373e-09	3.63938366796576e-09	4.334993766909356e-10	8.785519277749047e-10	3.4143173509687433e-09	0.9999999857455965	9.49720645601079e-10	4.515953419065243e-10
EU482654.1_EU482654.2	1.2171826684713484e-13	3.265896803705937e-13	1.398548736766885e-13	4.770203216308e-13	5.6819514226002424e-14	1.1515332303252157e-13	4.4752048959407863e-13	0.9999999999981318	1.2448153015899615e-13	5.919138373328767e-14
EU482654	0.0	0.0	0.0	0.0	0.0	0.0	0.0	1.0	0.0	0.0
FJ410202	0.0	0.0	0.0	0.0	0.0	0.0	0.0	1.0	0.0	0.0
FJ205879	0.0	0.0	0.0	0.0	0.0	0.0	0.0	1.0	0.0	0.0
GU131899.1	0.0	0.0	0.0	0.0	0.0	0.0	0.0	1.0	0.0	0.0
GU131899	0.0	0.0	0.0	0.0	0.0	0.0	0.0	1.0	0.0	0.0
EU482699.1	0.0	0.0	0.0	0.0	0.0	0.0	0.0	1.0	0.0	0.0
EU482699	0.0	0.0	0.0	0.0	0.0	0.0	0.0	1.0	0.0	0.0
EU482701	0.0	0.0	0.0	0.0	0.0	0.0	0.0	1.0	0.0	0.0
EU482701.1	0.0	0.0	0.0	0.0	0.0	0.0	0.0	1.0	0.0	0.0
EU482701.2	0.0	0.0	0.0	0.0	0.0	0.0	0.0	1.0	0.0	0.0
EU482701.3	0.0	0.0	0.0	0.0	0.0	0.0	0.0	1.0	0.0	0.0
FM210206_FM210206.1	0.0	0.0	0.0	0.0	0.0	0.0	0.0	1.0	0.0	0.0
FJ024452	0.0	0.0	0.0	0.0	0.0	0.0	0.0	1.0	0.0	0.0
FJ410195	0.0	0.0	0.0	0.0	0.0	0.0	0.0	1.0	0.0	0.0
FJ410195.1	0.0	0.0	0.0	0.0	0.0	0.0	0.0	1.0	0.0	0.0
JF730049.1	0.0	0.0	0.0	0.0	0.0	0.0	0.0	1.0	0.0	0.0
JF730049	0.0	0.0	0.0	0.0	0.0	0.0	0.0	1.0	0.0	0.0
FJ547064_FJ547064.1	5.0989245377713105e-11	1.3681234363252095e-10	5.858688803156912e-11	1.9982954785525709e-10	2.3802377639427383e-11	4.823911148470742e-11	1.8747171354423467e-10	0.9999999992173259	5.2146809601238214e-11	2.4795982292562727e-11
0.717915	1.967477086932554e-08	5.2790573642060926e-08	2.2606406300568233e-08	7.710646701768152e-08	9.18441374709153e-09	1.8613600934292464e-08	7.233805837171384e-08	0.9999996979964719	2.0121429977450722e-08	9.567807220368507e-09
FJ390387_FJ390387.1	0.0	0.0	0.0	0.0	0.0	0.0	0.0	1.0	0.0	0.0
FJ024454_FJ859028.1	8.304253853692631e-08	2.228164828537885e-07	9.541627594368551e-08	3.2544809803833605e-07	3.8765230741315874e-08	7.856359208263238e-08	3.0532177680325894e-07	0.9999987253147807	8.492778062923367e-08	4.038344360340551e-08
EU677148	0.0	0.0	0.0	0.0	0.0	0.0	0.0	1.0	0.0	0.0
EU482654.2	0.0	0.0	0.0	0.0	0.0	0.0	0.0	1.0	0.0	0.0
EU482654.1	0.0	0.0	0.0	0.0	0.0	0.0	0.0	1.0	0.0	0.0
FM210206	0.0	0.0	0.0	0.0	0.0	0.0	0.0	1.0	0.0	0.0
FM210206.1	0.0	0.0	0.0	0.0	0.0	0.0	0.0	1.0	0.0	0.0
FJ547064.1	0.0	0.0	0.0	0.0	0.0	0.0	0.0	1.0	0.0	0.0
FJ547064	0.0	0.0	0.0	0.0	0.0	0.0	0.0	1.0	0.0	0.0
FJ410237	0.0	0.0	0.0	0.0	0.0	0.0	0.0	1.0	0.0	0.0
EU482652	0.0	0.0	0.0	0.0	0.0	0.0	0.0	1.0	0.0	0.0
FJ390387.1	0.0	0.0	0.0	0.0	0.0	0.0	0.0	1.0	0.0	0.0
FJ390387	0.0	0.0	0.0	0.0	0.0	0.0	0.0	1.0	0.0	0.0
FJ859028_FJ859028.1	4.825727428309415e-10	1.2948202592684863e-09	5.544784011194873e-10	1.891228087272849e-09	2.252706149751518e-10	4.5654490801854076e-10	1.7742709926003516e-09	0.9999999925926114	4.935281695726295e-10	2.346742945001421e-10
FJ024454_FJ024454.2	0.0	0.0	0.0	0.0	0.0	0.0	0.0	1.0	0.0	0.0
FJ859028	0.0	0.0	0.0	0.0	0.0	0.0	0.0	1.0	0.0	0.0
FJ859028.1	0.0	0.0	0.0	0.0	0.0	0.0	0.0	1.0	0.0	0.0
FJ024454	0.0	0.0	0.0	0.0	0.0	0.0	0.0	1.0	0.0	0.0
FJ024454.1	0.0	0.0	0.0	0.0	0.0	0.0	0.0	1.0	0.0	0.0
FJ024454.2	0.0	0.0	0.0	0.0	0.0	0.0	0.0	1.0	0.0	0.0
