node	Africa	Caribbean	Central America	Eastern Asia	Oceania	South America	South-eastern Asia	Southern Asia
AB189123_FJ467493	0.10827582453820307	0.08746908989795993	0.05447217170539795	0.14950873469695397	0.05236638398665281	0.17609630107019417	0.2473721924136374	0.12443930169100069
EF105378_FJ467493	0.2729567783980065	0.05700248412208275	0.035794837143683825	0.09797278789031712	0.03381614197890527	0.11571359125204936	0.33829395679318797	0.048449422421767085
AB189123_JQ922552.1	0.020170514435000446	0.03228092613600642	0.016896453163296483	0.049328670945647086	0.022688192832417953	0.05465581152554809	0.4044009432730856	0.39957848768899795
EF105379_FJ467493	0.0066477131101951555	0.004009250816492218	0.0025222393509288245	0.00689931163756485	0.002373601950237607	0.008153568764088643	0.9664962959166601	0.0028980184538325822
EF105378_EF105388	0.9989834725490286	0.0001120724345105014	7.050689936900237e-05	0.00019286251930452324	6.634873069060575e-05	0.00022792555791799424	0.000265976042729643	8.08352664490174e-05
AB189123_FM210234.1	0.0024465062613788615	0.00943648794536145	0.0015237190858891072	0.011830661846146104	0.015853613174584582	0.004936046413566619	0.8658207790619433	0.08815218621113008
AF100465_JQ922552.1	0.0010565131136687825	0.009031781165932867	0.0009892422930598379	0.00276504320402861	0.003585173077094148	0.0032891738649064293	0.009463479743023327	0.9698195935382861
EF105379_EF105379.2	0.0	0.0	0.0	0.0	0.0	0.0	1.0	0.0
FJ467493	0.0	0.0	0.0	0.0	0.0	0.0	1.0	0.0
0.648	0.9999208768575679	8.975719296330409e-06	5.647520586251216e-06	1.5447402480448088e-05	5.3130139104953276e-06	1.8256564470492706e-05	1.908888855022875e-05	6.394033137726417e-06
EF105387_EF105388	0.9999971669106907	3.4829680411103873e-07	2.1922340021867423e-07	5.9956317007468e-07	2.060891959137337e-07	7.086759062064895e-07	5.114100194950619e-07	2.398308132479453e-07
AF100460_FM210234.1	0.0013723624079374345	0.014363829468754752	0.0010343880729056117	0.017097232147931796	0.02755714649090976	0.0033614237206082043	0.9025781817450071	0.03263543594594545
AB189123_JX475906.1	0.0034655493669429375	0.002167212584645055	0.0007449138082569589	0.003129603201716897	0.0027224511719031357	0.0024095110482360163	0.8844121602166911	0.10094859860160782
0.816	0.0004438844143042882	0.012051075299554376	0.0004262980040565087	0.0011780225492104683	0.004219285133675729	0.0015197025112563746	0.0029211874755923576	0.97724054461235
JQ922552_JQ922552.1	0.0	0.0	0.0	0.0	0.0	0.0	0.0	1.0
EF105379.2	0.0	0.0	0.0	0.0	0.0	0.0	1.0	0.0
EF105379.1	0.0	0.0	0.0	0.0	0.0	0.0	1.0	0.0
EF105379	0.0	0.0	0.0	0.0	0.0	0.0	1.0	0.0
EF105378_EF457904	0.9999691727842267	3.874561099487431e-06	2.4389269156349714e-06	6.670123573085219e-06	2.292371046570563e-06	7.884232467401741e-06	5.023110280549784e-06	2.643890390499892e-06
EF105385	1.0	0.0	0.0	0.0	0.0	0.0	0.0	0.0
EF105387	1.0	0.0	0.0	0.0	0.0	0.0	0.0	0.0
EF105388	1.0	0.0	0.0	0.0	0.0	0.0	0.0	0.0
AF100466_FM210234.1	0.001406331816245718	0.13004585022701035	0.0013585521260890687	0.02704596313674206	0.00467929225786026	0.004568007106051712	0.8253923951401584	0.005503608189842568
AF100460_KJ734727	0.0011916731605649178	0.007827402282460271	0.001025044702900152	0.024265360899209297	0.054716355099769465	0.0033221995098660128	0.8911843051288955	0.01646765921633451
0.984	0.005189463246784389	0.0006581457478249138	0.00028481412008644246	0.0010073031556736328	0.0006904917450311702	0.0009210125868040447	0.9700040457736258	0.021244723624169487
AF276619_JX475906.1	0.00017272593518581638	0.00024923224819787295	0.00015237960338885094	0.0007837679608260589	0.0001579378102046472	0.0004926026963702614	0.006732251113799478	0.9912591026320269
JQ922550_JQ922553.2	0.00012599927803769696	0.002637723148167954	0.0001221078859726126	0.00033655953159337745	0.0009352194307404923	0.00042516261620284936	0.0006888526399114685	0.9947283754693735
AF100465_HM582107	0.002453310702045496	0.6592905038934346	0.0025561413496214213	0.006681631147673434	0.20931211468178224	0.016612285275074683	0.005102105701368748	0.09799190724899953
JQ922552.1	0.0	0.0	0.0	0.0	0.0	0.0	0.0	1.0
JQ922552	0.0	0.0	0.0	0.0	0.0	0.0	0.0	1.0
EF105389_EF457904	0.9999779041376327	2.789194788876031e-06	1.7557497915836803e-06	4.801702154871196e-06	1.6501858966578297e-06	5.675749716218594e-06	3.523360022483099e-06	1.8999199967260166e-06
EF105378	1.0	0.0	0.0	0.0	0.0	0.0	0.0	0.0
AF100466_JN819419	1.388463190901133e-05	0.9973497846531248	1.3855289642011393e-05	6.796963876025476e-05	1.736689950458107e-05	0.0014213383432864208	0.0010956548425856728	2.014570118710909e-05
AF119661_FM210234.1	0.0002912478059534235	0.011003777469039936	0.0002866611656855156	0.050610276798293094	0.0005500631665315163	0.0009412178809091416	0.9356738699081418	0.0006428858054456533
AF204178_KJ734727	0.003710743622681475	0.008803753491207897	0.003617047227250883	0.12868802514381286	0.3861709887979468	0.011696928728913886	0.44582290176529427	0.011489611222891716
AF100460_M84728	6.543646463686e-05	0.00019589642575962947	6.267421658397721e-05	0.0005049212248792579	0.0008942195502941269	0.00020273794386334112	0.9977676264121176	0.000306487761865209
GQ398262_GU131843	0.026273432361951076	0.0007214536667750396	0.0004183989840347128	0.0012073031359254532	0.0005099620602102592	0.0013526274306107108	0.9632843087058659	0.006232513654626819
AB189123_JN851127	1.435452468289904e-05	6.832548115989613e-06	4.0287164383016875e-06	1.1498142598215553e-05	4.675525771007048e-06	1.3024127426983015e-05	0.9998972032305049	4.838318446175039e-05
AF276619_JQ922549	5.5038588929856815e-06	8.153227306090203e-06	5.0281577861497516e-06	0.0005240997979363421	5.065964318242617e-06	1.6254590957454176e-05	0.00015858078047896996	0.9992773136223237
JX475906_JX475906.1	6.649694301113569e-10	1.0418910836977336e-09	6.538756103266042e-10	1.9492108100267947e-09	6.210167805637387e-10	2.1137650013870573e-09	4.130141995070146e-09	0.9999999888251293
JQ922553_JQ922553.2	0.0	0.0	0.0	0.0	0.0	0.0	0.0	1.0
JQ922550	0.0	0.0	0.0	0.0	0.0	0.0	0.0	1.0
AF100465_EU056812	0.00011056835021153503	0.976368816883344	0.0002793520313121315	0.0003011801501607796	0.006368281209823674	0.013340171240386988	0.00022700715570331094	0.003004622979057629
HM582107	0.0	0.0	0.0	0.0	1.0	0.0	0.0	0.0
EF105389_EF105389.2	1.0	0.0	0.0	0.0	0.0	0.0	0.0	0.0
EF457904	1.0	0.0	0.0	0.0	0.0	0.0	0.0	0.0
AF208496_JN819419	1.110905157234561e-06	0.9889859545815755	1.7218884286117614e-06	3.3301139727714263e-06	1.0841748652369146e-06	0.010992585961833461	1.2962630353020727e-05	1.249743814214022e-06
0.958	1.717223124714607e-08	0.9999972401694163	1.7130958190413605e-08	7.717898883729175e-08	2.048186142405922e-08	1.4929988912006823e-06	1.1111343941912332e-06	2.3733258728204446e-08
FJ639697_FM210234.1	6.740882349766877e-07	1.9824479047100635e-05	6.653533537908103e-07	9.046968327339032e-05	1.1246540745897184e-06	2.176730784730326e-06	0.9998837531182656	1.3118929657887307e-06
AF119661_AF119661.1	9.20058101804258e-08	2.9799447165634916e-07	9.16160452710453e-08	0.9999853294003758	9.016359430420496e-08	2.96374042489764e-07	1.369850047036476e-05	1.0394518974683125e-07
AF204178_M29095	0.00076542231135271	0.001482479846948148	0.0007552018833292957	0.0864019709711776	0.8645637190667267	0.002441705283170686	0.04207174211858596	0.0015177585187088813
KJ734727	0.0	0.0	0.0	1.0	0.0	0.0	0.0	0.0
AF100460_AJ487271	1.6950697004296275e-06	3.529292662863709e-06	1.665711413023533e-06	7.6130200767944e-06	9.223402997813354e-06	5.385907351951807e-06	0.9999668971206436	3.990475153507376e-06
M84728	0.0	0.0	0.0	0.0	0.0	0.0	1.0	0.0
GU131843	1.0	0.0	0.0	0.0	0.0	0.0	0.0	0.0
GQ398262	0.0	0.0	0.0	0.0	0.0	0.0	1.0	0.0
AY858035_JN851127	1.717869272040647e-07	2.1118708716611546e-07	1.3189827547703696e-07	3.6263317887432535e-07	1.2736513908923355e-07	4.2638529330331336e-07	0.9999982577910426	3.109530563749362e-07
AB189123_JN851131	4.03232956606285e-06	5.655067347106899e-06	3.5473071938863197e-06	9.723310886709722e-06	3.3747140209880136e-06	1.146728268040209e-05	0.9999563466234315	5.853364873305436e-06
0.961	3.856834015741337e-05	6.059977386249542e-05	3.8063570039126936e-05	0.0048975717908906575	3.6045848722972833e-05	0.00012304693973633394	0.00019461179722046745	0.9946114919393704
DQ448231_JQ922549	3.2455258662060234e-07	5.059601307703661e-07	3.1705101771842993e-07	7.955742838190813e-06	3.026976773274184e-07	1.024922901452763e-06	2.692095003880519e-06	0.999986876977844
JX475906.1	0.0	0.0	0.0	0.0	0.0	0.0	0.0	1.0
JX475906	0.0	0.0	0.0	0.0	0.0	0.0	0.0	1.0
JQ922553.2	0.0	0.0	0.0	0.0	0.0	0.0	0.0	1.0
JQ922553.1	0.0	0.0	0.0	0.0	0.0	0.0	0.0	1.0
JQ922553	0.0	0.0	0.0	0.0	0.0	0.0	0.0	1.0
AF100465_GQ868600.1	9.193021750176959e-05	0.9767496642513733	0.0002951392050042491	0.00025042425946404185	0.004416551852840018	0.01591475206995849	0.00018789900196197417	0.0020936391418962
EU056812	0.0	1.0	0.0	0.0	0.0	0.0	0.0	0.0
EF105389.2	1.0	0.0	0.0	0.0	0.0	0.0	0.0	0.0
EF105389.1	1.0	0.0	0.0	0.0	0.0	0.0	0.0	0.0
EF105389	1.0	0.0	0.0	0.0	0.0	0.0	0.0	0.0
AF208496_EU920828.1	1.5000031529540384e-06	0.9870477715805426	6.3687399864597954e-06	4.138882346285923e-06	1.4121126130274819e-06	0.0129323517519298	4.830885781221425e-06	1.6260436476066704e-06
EU482545_JN819419	4.1245304840039796e-05	0.9713320896366576	4.1260002095985855e-05	0.00011246602238524445	3.8634498890092015e-05	0.028304473877018566	8.53498192486657e-05	4.44808388638808e-05
AF100466_GQ868603	1.331431593228664e-09	0.9999998927409594	1.3266271593406136e-09	3.767468678292917e-09	1.2669925337275723e-09	9.049828919256983e-08	7.608826196466463e-09	1.4594052127387861e-09
0.941	2.2264227024832533e-07	0.9999970780126439	2.218242128449928e-07	6.097447234521152e-07	2.0893337463811493e-07	8.635590080921683e-07	5.547204040086569e-07	2.40563362688822e-07
FJ639697_JX649148	9.030958588802893e-07	3.2499399057957225e-06	8.991617772824737e-07	1.1063219938917572e-05	8.93560918684701e-07	2.9091987595822253e-06	0.9999790513977989	1.0304250420954626e-06
0.598	3.678771541361668e-07	6.804985001795079e-06	3.644479233911429e-07	3.0405909790093374e-05	5.081774040810753e-07	1.1867189576046014e-06	0.9999597711514927	5.907322760486232e-07
AF119661.1	0.0	0.0	0.0	1.0	0.0	0.0	0.0	0.0
AF119661	0.0	0.0	0.0	1.0	0.0	0.0	0.0	0.0
M29095	0.0	0.0	0.0	0.0	1.0	0.0	0.0	0.0
AF204178	0.0	0.0	0.0	1.0	0.0	0.0	0.0	0.0
AF100460_DQ181804	4.775319296325721e-08	7.675001525818653e-08	4.754534348069137e-08	1.342502060495713e-07	5.525869557937549e-08	1.536998219585189e-07	0.9999994302736706	5.446905404979093e-08
AJ487271	0.0	0.0	0.0	0.0	0.0	0.0	1.0	0.0
AY858035_JN851129	5.491204960248898e-10	8.360425286456975e-10	5.257075139793176e-10	1.998801949744845e-09	4.959504195414511e-10	1.699437256735234e-09	0.9999999932344124	6.605275655817968e-10
JN851126_JN851127	9.007179806548572e-07	1.425413624457172e-06	8.972699273270174e-07	2.453899609050434e-06	8.433327064928665e-07	2.9005724908583105e-06	0.9999896073112523	9.714824088462654e-07
AB189123_AB189123.1	6.866700790248457e-10	1.084331755098999e-09	6.825253946200103e-10	1.8666759846073024e-09	6.416282431046134e-10	2.206375593729954e-09	0.9999999920863186	7.454742905179257e-10
JN851131	0.0	0.0	0.0	0.0	0.0	0.0	1.0	0.0
KF041236	0.0	0.0	0.0	0.0	0.0	0.0	0.0	1.0
AF276619	0.0	0.0	0.0	1.0	0.0	0.0	0.0	0.0
DQ448231_KJ010186	5.686560349787943e-08	8.998246460523104e-08	5.66383586268231e-08	3.5220213972233553e-07	5.324621452615771e-08	1.8309281081120725e-07	1.1940576930010868e-07	0.999999088566639
JQ922549	0.0	0.0	0.0	0.0	0.0	0.0	0.0	1.0
GQ868600_GQ868600.1	4.972563448661248e-09	0.999999457426257	9.393676308976705e-09	1.3547679820622459e-08	9.91051040937488e-08	3.5666302788816316e-07	1.0029504531951688e-08	4.8862186928520955e-08
AF100465_GQ868592	0.00022961815438672832	0.040740571725768705	0.01253274045806414	0.0006256535036408226	0.00039405791446510305	0.9446882219575143	0.00045912137099840365	0.000330014915161964
EU482444_EU920828.1	2.232090934092857e-05	0.03576119037400848	0.0020263373357402065	6.0821167708824705e-05	2.090183997897783e-05	0.9620396835000624	4.468028929795427e-05	2.4064583862213848e-05
0.262	5.832534740321061e-07	0.9989902012964867	9.081871553769457e-07	1.5927010555279244e-06	5.466683042675259e-07	0.001004249725613399	1.2887638242950903e-06	6.294040862334842e-07
EU920835_JN819419	3.3316002873317704e-05	0.014156965004253019	3.3195674248648494e-05	9.077956559058825e-05	3.1197679844231745e-05	0.9855519950695747	6.66326817824536e-05	3.5918321832886476e-05
EU482545_EU482545.2	1.6482523752420047e-14	0.9999999999980783	1.643199755733359e-14	4.491607857183086e-14	1.5435162404837865e-14	1.7775352684166283e-12	3.312264126108021e-14	1.7770738947999083e-14
0.794	4.302220581294209e-09	0.999999053445158	4.286381959932056e-09	1.1739669828109088e-08	4.0311306233165416e-09	9.083486304815199e-07	9.20562675086989e-09	4.641181606303178e-09
GQ868603	0.0	1.0	0.0	0.0	0.0	0.0	0.0	0.0
EU482572_EU482572.1	1.232464609523899e-10	0.9999999985261544	1.2279237789906847e-10	3.3582300313760407e-10	1.1541019897245523e-10	3.9718362388647183e-10	2.4651664317891544e-10	1.3287336698649e-10
GQ398284	0.0	1.0	0.0	0.0	0.0	0.0	0.0	0.0
FJ639697_FJ639702.1	3.063638605319616e-07	4.871016234058599e-07	3.0523436562074703e-07	8.451817951534163e-07	2.869407769644429e-07	9.867232825847672e-07	0.999996452093447	3.3036084871622746e-07
JX649148	0.0	0.0	0.0	0.0	0.0	0.0	1.0	0.0
FM210208_FM210234.1	2.7502011496172854e-07	4.4964546448442266e-07	2.74002052011853e-07	8.172036660882508e-07	2.579098141803176e-07	8.857764559879949e-07	0.9999967434942729	2.969481593982403e-07
FM210202_FM210241.1	1.1107698764035913e-07	1.7823480958299632e-07	1.1066692893774362e-07	3.1412893299241896e-07	1.0407768585569187e-07	3.5775238038736165e-07	0.9999987042340022	1.1982827256144251e-07
AF100460_DQ181805	4.559373624249045e-08	7.252634520351418e-08	4.541584647941831e-08	1.2551558361769993e-07	4.596700878675403e-08	1.4681471011968715e-07	0.999999468085012	5.0081757390654e-08
DQ181804	0.0	0.0	0.0	0.0	0.0	0.0	1.0	0.0
AY858035_GU370051	7.182861469733435e-09	1.134328066249782e-08	7.139964566663859e-09	2.9422446419962416e-08	6.712095732621879e-09	2.3081109750117e-08	0.9999999073217307	7.79651060658839e-09
EU081180_JN851129	7.618292730476128e-07	1.2057750094001066e-06	7.590144165257662e-07	2.075995595708888e-06	7.133793062493735e-07	2.4536388259737934e-06	0.9999912090107738	8.213567993954434e-07
JN851126_JN851126.2	1.2632248595641133e-16	1.9993671225174345e-16	1.258567119265629e-16	3.441984943909351e-16	1.182895978448631e-16	4.0685250256517484e-16	0.9999999999999984	1.361899154352437e-16
JN851127	0.0	0.0	0.0	0.0	0.0	0.0	1.0	0.0
AB189123.1	0.0	0.0	0.0	0.0	0.0	0.0	1.0	0.0
AB189123	0.0	0.0	0.0	0.0	0.0	0.0	1.0	0.0
0.507	6.787073985192818e-08	1.0742119767382902e-07	6.761953465056737e-08	3.1171915835904265e-06	6.355475892829733e-08	2.185912578644704e-07	1.3602735609941371e-07	0.9999962217235713
KF041233_KJ010186	7.500967455262857e-08	1.1872175569164501e-07	7.473330092608059e-08	2.0449021499321173e-07	7.023996244978952e-08	2.4158767570117416e-07	1.4992880241903042e-07	0.9999990652886135
GQ868600.1	0.0	1.0	0.0	0.0	0.0	0.0	0.0	0.0
GQ868600	0.0	1.0	0.0	0.0	0.0	0.0	0.0	0.0
AF100465_JX966379	0.0002725459614905124	0.029429270499510954	0.020606766135115813	0.0007426225598337407	0.00038379807513687917	0.9476670661624598	0.0005448750001913968	0.0003530556062608408
AF100468_GQ868592	1.0365143073603547e-05	0.0005937969635103693	0.0001862732011344549	2.8242570390146693e-05	1.2266319837169205e-05	0.9991359820850169	2.0719801867441553e-05	1.2353915169913084e-05
EU482444_KJ189305	1.7658792204822683e-05	0.01052472109216296	0.00541388300105389	4.8116658904574163e-05	1.653598575520301e-05	0.983924731330736	3.5315029672518894e-05	1.9038109510023584e-05
EU920828_EU920828.1	2.1149259528047747e-08	2.6885649949492684e-06	1.7001285898457656e-07	5.762696105767872e-08	1.9804441954064912e-08	0.9999969777633114	4.2277046343321396e-08	2.2801125814285837e-08
AF208496_FJ898451	6.257535459724366e-08	0.9998432098762167	6.368396223961102e-08	1.705175231219371e-07	5.8598375296618196e-08	0.00015624170726325593	1.255761219693507e-07	6.746518278662461e-08
EU482546	0.0	1.0	0.0	0.0	0.0	0.0	0.0	0.0
EU920840_JN819419	1.649771709641534e-08	3.3874161634120513e-06	1.643751002230265e-08	4.49527330395092e-08	1.5448702520403423e-08	0.9999964684759581	3.298491165258587e-08	1.7786304107211116e-08
EU920835_EU920835.1	1.3692374443048645e-09	8.381443069963918e-08	1.3642066644596936e-09	3.730861041016709e-09	1.2821714637851183e-09	0.9999999042259008	2.7370102159225348e-09	1.4761815920144785e-09
EU482545.2	0.0	1.0	0.0	0.0	0.0	0.0	0.0	0.0
EU482545.1	0.0	1.0	0.0	0.0	0.0	0.0	0.0	0.0
EU482545	0.0	1.0	0.0	0.0	0.0	0.0	0.0	0.0
EU482561_EU482576	1.9894441384064046e-08	0.9999997611799055	1.982114273424956e-08	5.420775256102456e-08	1.862939766631256e-08	6.505436882684818e-08	3.976471062181903e-08	2.1448280638041412e-08
AF100466_FJ898450.1	2.401183337966956e-06	0.9982980421066703	2.392336471837631e-06	6.542671936633107e-06	2.2484977492285442e-06	0.001680984937365916	4.799540206438635e-06	2.5887262617375355e-06
EU482572.1	0.0	1.0	0.0	0.0	0.0	0.0	0.0	0.0
EU482572	0.0	1.0	0.0	0.0	0.0	0.0	0.0	0.0
FJ639702_FJ639702.1	0.0	0.0	0.0	0.0	0.0	0.0	1.0	0.0
FJ639697_FJ639697.1	2.3741057529527773e-11	3.758214644754644e-11	2.3653584500282264e-11	6.471685586941723e-11	2.2231568524596915e-11	7.646410690917779e-11	0.999999999726015	2.559551454990851e-11
0.503	1.3405338155155662e-07	2.1231476221153085e-07	1.3355943095267284e-07	3.659325115389012e-07	1.2553292371040272e-07	4.317530025338789e-07	0.9999984523260854	1.4452790207570523e-07
FM210222_FM210234.1	3.9072850523191533e-07	6.186600085585518e-07	3.892888355221823e-07	1.0657473138011102e-06	3.658890264152868e-07	1.258440452065084e-06	0.9999954899926016	4.212532569496839e-07
FM210202_FM210218	1.2933609396606725e-08	2.0483919510531643e-08	1.288595267313e-08	3.530352084490533e-08	1.2111535491613289e-08	4.165597770530247e-08	0.9999998506812958	1.3944188622214923e-08
FM210221_FM210241.1	4.9849971729723894e-08	7.891245562146361e-08	4.966630144600776e-08	1.3588760848683588e-07	4.668043794601985e-08	1.6055449770412343e-07	0.9999994247048889	5.3743838366317427e-08
AF100460_GQ868542	1.3558653142337345e-08	2.14600649077405e-08	1.3508696024194202e-08	3.694442805378412e-08	1.269711423246079e-08	4.366907979754466e-08	0.9999998435441474	1.46178164274482e-08
DQ181805	0.0	0.0	0.0	0.0	0.0	0.0	1.0	0.0
AY858035_JX470186	4.0171777084803815e-07	6.358192922939483e-07	4.0023729755379144e-07	2.4301062684966877e-05	3.7617303247408836e-07	1.2938328328405092e-06	0.9999721580622835	4.330948055406303e-07
GU370051	0.0	0.0	0.0	0.0	0.0	0.0	1.0	0.0
JN851129	0.0	0.0	0.0	0.0	0.0	0.0	1.0	0.0
EU081180	0.0	0.0	0.0	0.0	0.0	0.0	1.0	0.0
JN851126.2	0.0	0.0	0.0	0.0	0.0	0.0	1.0	0.0
JN851126.1	0.0	0.0	0.0	0.0	0.0	0.0	1.0	0.0
JN851126	0.0	0.0	0.0	0.0	0.0	0.0	1.0	0.0
JQ955624_KF479233	5.5249888730055456e-05	8.744691167971256e-05	5.504632662319718e-05	0.004876893418009591	5.173666232352467e-05	0.00017794629622582982	0.00011043098939154696	0.9945852495070167
DQ448231_FJ898454.1	1.842266878476095e-07	2.9158526605883624e-07	1.8354790435936158e-07	5.59755217235635e-07	1.7251208897007635e-07	5.933487621244308e-07	3.6823069019336923e-07	0.9999976467933832
KJ010185_KJ010186	2.708797838620829e-08	4.287357161714712e-08	2.6988175839587563e-08	7.381029987439343e-08	2.5365509763617162e-08	8.724371319845385e-08	5.4142194006266216e-08	0.9999996624885573
KF041233_KF041233.2	2.2719948028601846e-14	3.596005982411574e-14	2.263623911914624e-14	6.190667846315296e-14	2.1275233463919318e-14	7.317536262320056e-14	4.541153527819084e-14	0.999999999999717
AF100465	0.0	0.0	0.0	0.0	0.0	1.0	0.0	0.0
JX966379	0.0	0.0	1.0	0.0	0.0	0.0	0.0	0.0
AF100468	0.0	0.0	0.0	0.0	0.0	1.0	0.0	0.0
GQ868592	0.0	0.0	0.0	0.0	0.0	1.0	0.0	0.0
0.893	2.2167394356873234e-07	1.0619624520390452e-06	0.9999298562907799	6.040100668014493e-07	2.0757816080149302e-07	6.73664245485095e-05	4.430724701242445e-07	2.389875781782522e-07
0.339	9.454483513042487e-07	0.0003970935790182968	0.00020431466246373175	2.5761479794295858e-06	8.853322461744366e-07	0.9993912750837497	1.8904509536759154e-06	1.0192952378380774e-06
EU920828.1	0.0	0.0	0.0	0.0	0.0	1.0	0.0	0.0
EU920828	0.0	0.0	0.0	0.0	0.0	1.0	0.0	0.0
0.744	7.551421496372146e-07	0.9997177639977662	7.5280760376892e-07	2.057591784692487e-06	7.071249082963874e-07	0.00027563970326414694	1.5095099128777477e-06	8.141226102879247e-07
EU687216_FJ898451	3.8838127959591274e-07	0.9997555707919961	3.869646626461107e-07	1.058248967310838e-06	3.6368493831714423e-07	0.0002410369296159722	7.762830916164807e-07	4.1871544859492983e-07
JN819419	0.0	0.0	0.0	0.0	0.0	1.0	0.0	0.0
EU920840_FJ850088.1	3.9256984503307314e-07	7.054956984868112e-07	3.9112348335400684e-07	1.0696616907464948e-06	3.6760714054133563e-07	0.9999958656611501	7.846498586855654e-07	4.232311329793963e-07
FJ850085	0.0	0.0	0.0	0.0	0.0	1.0	0.0	0.0
EU920835.1	0.0	0.0	0.0	0.0	0.0	1.0	0.0	0.0
EU920835	0.0	0.0	0.0	0.0	0.0	1.0	0.0	0.0
EU482561_EU482575	1.9812703175101375e-09	0.999999976310181	1.9739705666756358e-09	5.3985016852967695e-09	1.8552854404478098e-09	6.38470571260748e-09	3.960069608201885e-09	2.1360155242429404e-09
EU482576	0.0	1.0	0.0	0.0	0.0	0.0	0.0	0.0
EU482551_FJ898450.1	6.518755046362814e-08	0.9999801507382299	6.494737485713915e-08	1.776209952815652e-07	6.104241676002937e-08	1.9279888790971477e-05	1.3029567163687114e-07	7.02789702786866e-08
AF100466_JX669483	5.4441059809581634e-05	0.03954326624742435	5.424047830858924e-05	0.00014833924843239967	5.0979265301663804e-05	0.9599812264124933	0.00010881416225104038	5.8693125979114316e-05
FJ639702.1	0.0	0.0	0.0	0.0	0.0	0.0	1.0	0.0
FJ639702	0.0	0.0	0.0	0.0	0.0	0.0	1.0	0.0
FJ639697.1	0.0	0.0	0.0	0.0	0.0	0.0	1.0	0.0
FJ639697	0.0	0.0	0.0	0.0	0.0	0.0	1.0	0.0
FM210208_FM210235	3.4262834016596427e-08	5.423005825145077e-08	3.413659659351985e-08	9.33604606251672e-08	3.2084143385222035e-08	1.1035215858035338e-07	0.9999996046348346	3.693891388956366e-08
FM210237	0.0	0.0	0.0	0.0	0.0	0.0	1.0	0.0
FM210222_FM210222.1	0.0	0.0	0.0	0.0	0.0	0.0	1.0	0.0
FM210234_FM210234.1	6.07703047857681e-10	9.618461998664312e-10	6.054640386228766e-10	1.655861715438052e-09	5.690605331811533e-10	1.9572620004419532e-09	0.9999999929876352	6.551671838217579e-10
FM210202_FM210220	2.535387370656053e-08	4.012904896170276e-08	2.5260460379671673e-08	6.908406228544262e-08	2.3741676829706006e-08	8.165858925722022e-08	0.9999997074381709	2.733411764886699e-08
FM210218	0.0	0.0	0.0	0.0	0.0	0.0	1.0	0.0
FM210241_FM210241.1	0.0	0.0	0.0	0.0	0.0	0.0	1.0	0.0
FM210221	0.0	0.0	0.0	0.0	0.0	0.0	1.0	0.0
AF100461_GQ868542	1.0052099913168445e-11	1.5909992412144878e-11	1.0015064062830402e-11	2.738965189099005e-11	9.41294195152318e-12	3.237534030096512e-11	0.9999999998840075	1.0837219138418047e-11
AF100460_DQ181798.1	2.4142068278115225e-08	3.821092476283241e-08	2.4053119741205824e-08	6.578153169028651e-08	2.2606925981594048e-08	7.775566206138203e-08	0.9999997214221059	2.602766164296919e-08
EU179859_JX470186	1.2382243945586599e-05	1.9598029877080523e-05	1.2336622698071107e-05	0.000798965358658077	1.1594882317541424e-05	3.9880160071019297e-05	0.9990918933541657	1.3349348266950643e-05
0.861	9.578822641172294e-07	1.5160907247043977e-06	9.543530325808615e-07	4.392914671634774e-06	8.969724838701308e-07	3.0851030006404956e-06	0.9999871639869973	1.0326968253072194e-06
KF479233	0.0	0.0	0.0	1.0	0.0	0.0	0.0	0.0
JQ955624	0.0	0.0	0.0	0.0	0.0	0.0	0.0	1.0
FJ898454_FJ898454.1	5.382079376816057e-12	8.518500840941693e-12	5.362249754896317e-12	1.466832303339426e-11	5.039844066632853e-12	1.7334353477420644e-11	1.0757440204737561e-11	0.9999999999329372
DQ448231	0.0	0.0	0.0	0.0	0.0	0.0	0.0	1.0
KJ010185_KJ010185.1	0.0	0.0	0.0	0.0	0.0	0.0	0.0	1.0
KJ010186	0.0	0.0	0.0	0.0	0.0	0.0	0.0	1.0
KF041233.2	0.0	0.0	0.0	0.0	0.0	0.0	0.0	1.0
KF041233.1	0.0	0.0	0.0	0.0	0.0	0.0	0.0	1.0
KF041233	0.0	0.0	0.0	0.0	0.0	0.0	0.0	1.0
0.881	1.3881789205964963e-09	5.014953051261163e-09	0.9999997156575723	3.7824654087325e-09	1.2999075119537954e-09	2.685856914826999e-07	2.7746300729410445e-09	1.4966013132062788e-09
0.604	8.131188152460477e-09	2.0826593809582204e-08	0.9999991442578956	2.215560029073739e-08	7.614142754657288e-09	7.719960725804551e-07	1.6252240116925655e-08	8.766266782716079e-09
0.902	1.2046533291560704e-07	1.0382309380096664e-05	5.3594468573630755e-06	3.2824059745805543e-07	1.1280526859154215e-07	0.9999833260591101	2.4079920100510697e-07	1.2987425255410617e-07
EU482605_GU131947.1	3.075137482184579e-07	1.8156191266190512e-06	9.89555917093654e-07	8.379036371670614e-07	2.8795959427995307e-07	0.9999948152700894	6.146460642696266e-07	3.3153182301593714e-07
0.379	2.8151692668586403e-08	0.9999936859367408	2.805776601581076e-08	7.670693039693073e-08	2.6361599738461656e-08	6.068162875483944e-06	5.6271923731987716e-08	3.035047115369785e-08
EU920833	0.0	0.0	0.0	0.0	0.0	1.0	0.0	0.0
EU687216_JX669476.2	6.533437326057426e-06	0.9948418483575732	6.509372966883899e-06	1.7802099903776e-05	6.117989553694316e-06	0.005101086296491467	1.3058721064298098e-05	7.0437251204578845e-06
FJ898451	0.0	1.0	0.0	0.0	0.0	0.0	0.0	0.0
FJ850088_FJ850088.1	0.0	0.0	0.0	0.0	0.0	1.0	0.0	0.0
EU920840	0.0	0.0	0.0	0.0	0.0	1.0	0.0	0.0
EU482561_EU482744.2	8.062370032477107e-10	0.9999999903613396	8.03266520510327e-10	2.196808647687865e-09	7.549700576714613e-10	2.5967032635400853e-09	1.6114675097908853e-09	8.692073619048789e-10
EU482575	0.0	1.0	0.0	0.0	0.0	0.0	0.0	0.0
EU482551_GQ398282	1.4929838709024006e-08	0.9999996860002309	1.4874831524098645e-08	4.068034456909697e-08	1.3980481162424915e-08	1.835973008058609e-07	2.984105289302041e-08	1.60959193379074e-08
FJ898450_FJ898450.1	1.8550030050045832e-09	0.9999999772960098	1.8481684707654066e-09	5.054452508701855e-09	1.7370471959763965e-09	6.501742340378317e-09	3.707690281113179e-09	1.9998862145333816e-09
AF489932_JX669483	1.7528565292016643e-06	0.0003694698573398094	1.7463983412998549e-06	4.7761270780363674e-06	1.6413960036045586e-06	0.9996152200781627	3.503524857946109e-06	1.8897616874230702e-06
AF100466_AF100466.2	0.0	0.0	0.0	0.0	0.0	1.0	0.0	0.0
0.926	2.5256175679170622e-08	3.997428970574011e-08	2.5163122351319032e-08	6.881725568452868e-08	2.365018786577679e-08	8.134392790989063e-08	0.9999997085662556	2.7228785036410856e-08
FM210235	0.0	0.0	0.0	0.0	0.0	0.0	1.0	0.0
FM210222.1	0.0	0.0	0.0	0.0	0.0	0.0	1.0	0.0
FM210222	0.0	0.0	0.0	0.0	0.0	0.0	1.0	0.0
FM210234.1	0.0	0.0	0.0	0.0	0.0	0.0	1.0	0.0
FM210234	0.0	0.0	0.0	0.0	0.0	0.0	1.0	0.0
FM210202	0.0	0.0	0.0	0.0	0.0	0.0	1.0	0.0
FM210220	0.0	0.0	0.0	0.0	0.0	0.0	1.0	0.0
FM210241.1	0.0	0.0	0.0	0.0	0.0	0.0	1.0	0.0
FM210241	0.0	0.0	0.0	0.0	0.0	0.0	1.0	0.0
GQ868542	0.0	0.0	0.0	0.0	0.0	0.0	1.0	0.0
DQ181799	0.0	0.0	0.0	0.0	0.0	0.0	1.0	0.0
AF100461_FJ906957	1.7211329588470396e-07	2.7241278943737456e-07	1.7147916526024522e-07	4.689687712403202e-07	1.6116896693104119e-07	5.543345797945728e-07	0.9999980139663939	1.8555603780941936e-07
AF169679_AF169680	3.512318972877521e-08	5.559132453288088e-08	3.499378258378326e-08	9.570253735752172e-08	3.288977864714427e-08	1.131231525098945e-07	0.9999995947097823	3.786645237249428e-08
AF100460_FJ687434	1.1939811664319216e-08	1.8897769559519032e-08	1.1895820871698868e-08	3.253321474450752e-08	1.1180583857747003e-08	3.845519573308583e-08	0.9999998622252446	1.2872359109194342e-08
DQ181798_DQ181798.1	1.0242133993210722e-12	1.6210765568926406e-12	1.020439808912773e-12	2.7907437185407627e-12	9.590857849609018e-13	3.2987393647551e-12	0.9999999999881815	1.1042085927906795e-12
EU179859_EU179859.1	0.0	0.0	0.0	0.0	0.0	0.0	1.0	0.0
JX470186	0.0	0.0	0.0	1.0	0.0	0.0	0.0	0.0
AY858035	0.0	0.0	0.0	0.0	0.0	0.0	1.0	0.0
JN851130	0.0	0.0	0.0	0.0	0.0	0.0	1.0	0.0
FJ898454.1	0.0	0.0	0.0	0.0	0.0	0.0	0.0	1.0
FJ898454	0.0	0.0	0.0	0.0	0.0	0.0	0.0	1.0
KJ010185.1	0.0	0.0	0.0	0.0	0.0	0.0	0.0	1.0
KJ010185	0.0	0.0	0.0	0.0	0.0	0.0	0.0	1.0
0.752	2.08475489193743e-10	3.320043932004664e-10	0.9999999971922173	5.680473057974757e-10	1.9521896349470087e-10	8.625875574557669e-10	4.1669072170169616e-10	2.2475826495234404e-10
EU482603_GQ868604	1.9587728143605826e-08	3.101197927337912e-08	0.9999997534445697	5.337201145185152e-08	1.8342184972972147e-08	6.39729147818256e-08	3.915100301580145e-08	2.111760863878754e-08
FJ898439_GQ868515.1	4.113139014151994e-08	6.529904380979052e-08	0.999999465371104	1.1207348855122256e-07	3.851593000814844e-08	1.5105369387214768e-07	8.221143228845012e-08	4.434391744878767e-08
FJ898461	0.0	0.0	1.0	0.0	0.0	0.0	0.0	0.0
FJ898466_GQ868553	1.699620725905761e-07	7.005573087912964e-07	3.9119124846933505e-07	4.6310720983279523e-07	1.591545387569303e-07	0.9999975930780561	3.3971276610107574e-07	1.8323679919187763e-07
KJ189305	0.0	0.0	0.0	0.0	0.0	1.0	0.0	0.0
EU482605_FJ639732	4.038354548440891e-09	6.797501565688206e-09	4.232085815261971e-09	1.1003578569211775e-08	3.781563927727068e-09	0.999999957721481	8.071668374889574e-09	4.353766314531971e-09
GQ868555_GU131947.1	1.8056528154828577e-07	2.954933148672337e-07	1.8488829226901195e-07	4.91998470359506e-07	1.6908350835807375e-07	0.9999981223978113	3.609051637003741e-07	1.9466815769695488e-07
AF208496_AY702039	2.0471398843080122e-08	0.9999996976102294	2.039606891943652e-08	5.577980994546191e-08	1.9169665023171064e-08	1.235852533576368e-07	4.0917276745273265e-08	2.2070297752669212e-08
FJ898460_FJ898460.1	0.0	1.0	0.0	0.0	0.0	0.0	0.0	0.0
EU920842_JX669476.2	4.2348423023823795e-06	0.0033511943921970557	4.219239561757123e-06	1.1538962058555515e-05	3.965557428232494e-06	0.9966118170080585	8.464397843219181e-06	4.565600550177762e-06
EU687216	0.0	1.0	0.0	0.0	0.0	0.0	0.0	0.0
FJ850088.1	0.0	0.0	0.0	0.0	0.0	1.0	0.0	0.0
FJ850088	0.0	0.0	0.0	0.0	0.0	1.0	0.0	0.0
EU482561_EU482740	3.008312770035128e-09	0.9999999640353044	2.997229005439167e-09	8.196953849596885e-09	2.817020375195315e-09	9.689035304236399e-09	6.012869967166812e-09	3.243274119114866e-09
EU482590_EU482744.2	3.025963117733549e-08	0.9999996382429284	3.014814322566009e-08	8.245046949142371e-08	2.8335483737435338e-08	9.74588273097957e-08	6.04814862789702e-08	3.262303030089104e-08
EU482551_GQ398270	2.8135466400510728e-08	0.9999996635076389	2.8031804677073526e-08	7.666261364847718e-08	2.6346390210981155e-08	9.074731802709341e-08	5.6235808542381097e-08	3.0332959695918836e-08
GQ398269_GQ398282	1.3733798746360764e-07	0.9999983492213441	1.3683198225755453e-07	3.7421412970290337e-07	1.286049485406246e-07	4.5122044680566705e-07	2.7450452330928394e-07	1.480646376806378e-07
FJ898450.1	0.0	1.0	0.0	0.0	0.0	0.0	0.0	0.0
FJ898450	0.0	1.0	0.0	0.0	0.0	0.0	0.0	0.0
FJ850072_JX669483	8.397682346414547e-08	6.382000214727844e-06	8.36674210137093e-08	2.2881734682601672e-07	7.863691073354855e-08	0.9999928845167199	1.678488114656248e-07	9.053575175934163e-08
AF489932	0.0	0.0	0.0	0.0	0.0	1.0	0.0	0.0
AF100466.2	0.0	0.0	0.0	0.0	0.0	1.0	0.0	0.0
AF100466.1	0.0	0.0	0.0	0.0	0.0	1.0	0.0	0.0
AF100466	0.0	0.0	0.0	0.0	0.0	1.0	0.0	0.0
FM210208_FM210208.2	0.0	0.0	0.0	0.0	0.0	0.0	1.0	0.0
FM210236_FM210236.1	2.0188790437096992e-11	3.195386324831995e-11	2.0114407280225782e-11	5.5009766694203535e-11	1.8905026956991873e-11	6.50231268071609e-11	0.9999999997670396	2.176561631953158e-11
EU482451_FJ906957	1.9608184043150772e-07	3.1034906882338244e-07	1.9535940060326464e-07	5.342774902831096e-07	1.8361340124049832e-07	6.315313646295002e-07	0.9999977373908117	2.1139662226427545e-07
AF100461	0.0	0.0	0.0	0.0	0.0	0.0	1.0	0.0
AF169679_AF169679.1	0.0	0.0	0.0	0.0	0.0	0.0	1.0	0.0
AF169680	0.0	0.0	0.0	0.0	0.0	0.0	1.0	0.0
0.920	2.3655715507057108e-07	3.7441148368688084e-07	2.3568558884030488e-07	6.445633254091161e-07	2.2151497424697325e-07	7.618923946541749e-07	0.9999972703418559	2.5503322207310505e-07
FJ639828_FJ687434	3.7227144883186004e-07	5.892136530351589e-07	3.708998596986582e-07	1.0143532667189635e-06	3.485994763940489e-07	1.198994744113018e-06	0.9999957043202022	4.0134734902179373e-07
DQ181798.1	0.0	0.0	0.0	0.0	0.0	0.0	1.0	0.0
DQ181798	0.0	0.0	0.0	0.0	0.0	0.0	1.0	0.0
EU179859.1	0.0	0.0	0.0	0.0	0.0	0.0	1.0	0.0
EU179859	0.0	0.0	0.0	0.0	0.0	0.0	1.0	0.0
0.886	1.6389353355974855e-10	2.594043544698785e-10	0.9999999979443882	4.4657182731071705e-10	1.5347188231202344e-10	5.279934998002003e-10	3.275824626930353e-10	1.7669427892580214e-10
0.993	4.191680885546233e-10	6.63440773693391e-10	0.9999999947428592	1.1421357218338202e-09	3.925140556699021e-10	1.3501625036272122e-09	8.378128883303495e-10	4.5190680527283754e-10
EU482687_GQ868604	6.041381077740369e-09	9.562022503477665e-09	0.999999924230808	1.64613607917789e-08	5.6572221345571975e-09	1.9458747970186778e-08	1.207522010487985e-08	6.513237283142115e-09
EU482603_EU482634.2	3.7028722790479456e-09	5.8607341761618045e-09	0.999999953559991	1.0089467253749583e-08	3.4674142797665123e-09	1.1926317705763873e-08	7.401121898181871e-09	3.992081524449861e-09
GQ868497_GQ868515.1	1.1138663442058996e-08	1.7629893762082496e-08	0.9999998602903638	3.035027178364172e-08	1.0430378842675784e-08	3.5888368919497e-08	2.226342139449214e-08	1.200863793918006e-08
FJ898439_FJ898439.1	6.981076052256222e-11	1.1049337130860426e-10	0.9999999991244465	1.9021811425612314e-10	6.537163846751254e-11	2.2486196435598026e-10	1.395343694020407e-10	7.526326221588551e-11
FJ898466_JN819408	3.6209028601690764e-07	5.796396210318051e-07	3.6411847810826737e-07	9.866119621810683e-07	3.3906571274080674e-07	0.9999962543743924	7.237285512351454e-07	3.903709964256412e-07
GQ868553	0.0	0.0	0.0	0.0	0.0	1.0	0.0	0.0
EU482605_FJ639733	1.3509337543149713e-08	2.138508888567993e-08	1.3461182363280957e-08	3.6809808302951374e-08	1.2650306674751178e-08	0.9999998606179948	2.700181005643887e-08	1.4564471240022238e-08
FJ024473_FJ639732	1.694738782117471e-09	2.6855084712219296e-09	1.6901172078114235e-09	4.617769708989841e-09	1.586973843771833e-09	0.9999999825104254	3.3873618608694444e-09	1.8271047098347284e-09
GQ868558_GU131947.1	1.234780772584959e-07	1.9553086180555123e-07	1.230722830043403e-07	3.3644909226909735e-07	1.1562636139234805e-07	0.9999987259191069	2.4680200485738065e-07	1.3312221263763287e-07
GQ868555	0.0	0.0	0.0	0.0	0.0	1.0	0.0	0.0
AY702039	0.0	1.0	0.0	0.0	0.0	0.0	0.0	0.0
AF208496	0.0	1.0	0.0	0.0	0.0	0.0	0.0	0.0
FJ898460.1	0.0	1.0	0.0	0.0	0.0	0.0	0.0	0.0
FJ898460	0.0	1.0	0.0	0.0	0.0	0.0	0.0	0.0
0.859	1.671975563384817e-08	0.00012329599013635698	1.6658153778080967e-08	4.555745222846534e-08	1.5656580910824584e-08	0.9998765579736467	3.34186383743751e-08	1.8025635919794783e-08
EU920842	0.0	0.0	0.0	0.0	0.0	1.0	0.0	0.0
0.892	1.847134564191287e-09	0.9999999779173121	1.8403290202696292e-09	5.033012832802437e-09	1.7296790928402932e-09	5.949165967876995e-09	3.6919631685028093e-09	1.9914032165259178e-09
EU482561_GQ398308.3	1.2417386176392036e-08	0.9999998515488432	1.2371635818700785e-08	3.383449434990517e-08	1.1627790239761398e-08	3.999334573694009e-08	2.481927050744431e-08	1.3387234071567487e-08
EU482744_EU482744.2	1.1239701123004205e-16	0.9999999999999986	1.1198289803470806e-16	3.0625576005996836e-16	1.052499174619995e-16	3.620031193430385e-16	2.246537062083403e-16	1.2117567070128524e-16
EU482590	0.0	1.0	0.0	0.0	0.0	0.0	0.0	0.0
EU482551_EU677144	3.6364669193000082e-09	0.9999999565250637	3.6230687967058467e-09	9.908528065964045e-09	3.4052314996730555e-09	1.1712757163782645e-08	7.2683940790875465e-09	3.92048963853114e-09
GQ398270	0.0	1.0	0.0	0.0	0.0	0.0	0.0	0.0
GQ398269_GQ398269.1	0.0	1.0	0.0	0.0	0.0	0.0	0.0	0.0
GQ398282	0.0	1.0	0.0	0.0	0.0	0.0	0.0	0.0
0.896	3.075134796522514e-07	1.869252401452386e-06	3.0638048342510183e-07	8.379028357576597e-07	2.879593327060795e-07	0.9999954448168853	6.146430601980181e-07	3.315315215135975e-07
JX669483	0.0	0.0	0.0	0.0	0.0	1.0	0.0	0.0
FM210208.2	0.0	0.0	0.0	0.0	0.0	0.0	1.0	0.0
FM210208.1	0.0	0.0	0.0	0.0	0.0	0.0	1.0	0.0
FM210208	0.0	0.0	0.0	0.0	0.0	0.0	1.0	0.0
FM210236.1	0.0	0.0	0.0	0.0	0.0	0.0	1.0	0.0
FM210236	0.0	0.0	0.0	0.0	0.0	0.0	1.0	0.0
EU482451_GQ868620.1	6.173420479668515e-09	9.770998135799078e-09	6.1506752584833764e-09	1.6821137506059536e-08	5.780865423667601e-09	1.9883068474760662e-08	0.9999999287642451	6.655589494402277e-09
FJ906957	0.0	0.0	0.0	0.0	0.0	0.0	1.0	0.0
AF169679.1	0.0	0.0	0.0	0.0	0.0	0.0	1.0	0.0
AF169679	0.0	0.0	0.0	0.0	0.0	0.0	1.0	0.0
AF100460_AF100460.2	0.0	0.0	0.0	0.0	0.0	0.0	1.0	0.0
AF100464	0.0	0.0	0.0	0.0	0.0	0.0	1.0	0.0
FJ639828_FJ639828.2	1.479937055683665e-16	2.3423744194663286e-16	1.4744844065756915e-16	4.032484875435633e-16	1.3858309153867405e-16	4.7665131369885265e-16	0.9999999999999983	1.5955261030127934e-16
FJ687434	0.0	0.0	0.0	0.0	0.0	0.0	1.0	0.0
FJ850061_FJ873808	6.118609606461353e-09	9.684246104710908e-09	0.9999999232631966	1.6671790602170308e-08	5.729539860666042e-09	1.9706538787937792e-08	1.2229580750329548e-08	6.596497671141891e-09
FJ850065_KJ189308.1	1.4485448618108113e-09	2.2926883444462723e-09	0.9999999818330129	3.946948435549302e-09	1.356434886276062e-09	4.665407131426641e-09	2.8952813624982424e-09	1.5616820523062937e-09
0.765	5.103064349976447e-09	8.076889061869986e-09	0.9999999359997015	1.3904665560352903e-08	4.778571029251131e-09	1.6435716187019268e-08	1.0199758042457976e-08	5.501634238072459e-09
0.948	7.1526338844823344e-09	1.1320850843886562e-08	0.9999999102949387	1.948926668734518e-08	6.6978126708092616e-09	2.303687538023505e-08	1.4296338432091848e-08	7.711283411789006e-09
EU482687_JF357906	1.0912451378405466e-09	1.727171241159842e-09	0.9999999863141014	2.9733896430492887e-09	1.0218551136867526e-09	3.5146336893175007e-09	2.181127966970235e-09	1.1764757801851671e-09
GQ868604	0.0	0.0	1.0	0.0	0.0	0.0	0.0	0.0
0.238	2.766102359619624e-09	4.378056118437321e-09	0.9999999653088056	7.536986715911478e-09	2.5902116244492474e-09	8.908939743525234e-09	5.528751521411416e-09	2.9821460996796144e-09
EU482634_EU482634.2	8.227176285587009e-16	1.3021585753854444e-15	0.9999999999999896	2.241714525071232e-15	7.704027140286694e-16	2.64977109481169e-15	1.6444081777260514e-15	8.869751904196976e-16
GQ868497_GU131959	4.020355990070135e-09	6.3632303796596456e-09	0.9999999495784457	1.095453665516583e-08	3.764709857424022e-09	1.2948666435260437e-08	8.035692974057855e-09	4.334361992576419e-09
GQ868515_GQ868515.1	0.0	0.0	1.0	0.0	0.0	0.0	0.0	0.0
FJ898439.1	0.0	0.0	1.0	0.0	0.0	0.0	0.0	0.0
FJ898439	0.0	0.0	1.0	0.0	0.0	0.0	0.0	0.0
JN819408	0.0	0.0	0.0	0.0	0.0	1.0	0.0	0.0
FJ898466	0.0	0.0	0.0	0.0	0.0	1.0	0.0	0.0
0.677	8.138580321739468e-08	1.2881388090500597e-07	8.108609021099258e-08	2.217574181881254e-07	7.621064810769664e-08	0.9999991603337925	1.6267000452678816e-07	8.774236238583307e-08
FJ639733	0.0	0.0	0.0	0.0	0.0	1.0	0.0	0.0
0.843	8.837641817317078e-09	1.3988131178192898e-08	8.805249956260635e-09	2.4080522091131135e-08	8.275674429881997e-09	0.9999999088206325	1.766425073712429e-08	9.52789725377696e-09
FJ639732	0.0	0.0	0.0	0.0	0.0	1.0	0.0	0.0
GU131947_GU131947.1	1.5102768231950315e-13	2.3904020937432577e-13	1.5047161562510838e-13	4.115153697832174e-13	1.4142414397542935e-13	0.9999999999984417	3.018668219196936e-13	1.6282355286183642e-13
GQ868558_GQ868558.1	0.0	0.0	0.0	0.0	0.0	1.0	0.0	0.0
JX286520_JX669476.2	3.1089078730351114e-08	2.555923998898602e-06	3.097453478073301e-08	8.471052149814191e-08	2.911218843392773e-08	0.9999971725330707	6.21393459042674e-08	3.351726104998678e-08
0.937	6.032284511883556e-08	0.00013512070918391523	6.010059289504745e-08	1.6436574761799033e-07	5.648704000533182e-08	0.9998643524099049	1.2057038329436773e-07	6.503430238838686e-08
0.821	1.849856051424084e-10	0.9999999977884777	1.8430404805118352e-10	5.040428253656178e-10	1.7322275263216736e-10	5.957931208487259e-10	3.6974027454679073e-10	1.9943372628775964e-10
EU482740	0.0	1.0	0.0	0.0	0.0	0.0	0.0	0.0
0.825	1.349027956204678e-08	0.99999983872229	1.3440576258424637e-08	3.675787972902797e-08	1.2632460551275025e-08	4.344887136057322e-08	2.696371788034141e-08	1.4543924753774322e-08
GQ398308_GQ398308.3	0.0	1.0	0.0	0.0	0.0	0.0	0.0	0.0
EU482744.2	0.0	1.0	0.0	0.0	0.0	0.0	0.0	0.0
EU482744.1	0.0	1.0	0.0	0.0	0.0	0.0	0.0	0.0
EU482744	0.0	1.0	0.0	0.0	0.0	0.0	0.0	0.0
EU569714_EU677144	5.287283162926323e-08	0.9999993678997289	5.267802807521198e-08	1.4406619055022256e-07	4.951075748422345e-08	1.702903937304437e-07	1.0567965689881962e-07	5.700241282607726e-08
EU482551_EU482729	1.59272093358231e-09	0.9999999809588536	1.5868527459155472e-09	4.339794757347572e-09	1.4914430994650051e-09	5.129762509885404e-09	3.183453516860396e-09	1.717118856228339e-09
GQ398269.1	0.0	1.0	0.0	0.0	0.0	0.0	0.0	0.0
GQ398269	0.0	1.0	0.0	0.0	0.0	0.0	0.0	0.0
FJ850072_KC294222.1	9.792485339343178e-07	1.5837242360174588e-06	9.756406111348075e-07	2.668224899983138e-06	9.169801424739814e-07	0.9999898631752109	1.9572745755474167e-06	1.05573179023312e-06
KC294201	0.0	0.0	0.0	0.0	0.0	1.0	0.0	0.0
EU482451_FJ639710	1.347018990691146e-08	2.1319979888419763e-08	1.3420560621194158e-08	3.670314008305805e-08	1.2613648355810993e-08	4.338416752418129e-08	0.9999998445660475	1.4522266015623374e-08
0.955	6.694218232497485e-08	1.0595292202399486e-07	6.669554194973844e-08	1.8240190467385324e-07	6.26854672319483e-08	2.1560429901072564e-07	0.9999992275470465	7.217063650237341e-08
AF100460.2	0.0	0.0	0.0	0.0	0.0	0.0	1.0	0.0
AF100460.1	0.0	0.0	0.0	0.0	0.0	0.0	1.0	0.0
AF100460	0.0	0.0	0.0	0.0	0.0	0.0	1.0	0.0
FJ639828.2	0.0	0.0	0.0	0.0	0.0	0.0	1.0	0.0
FJ639828.1	0.0	0.0	0.0	0.0	0.0	0.0	1.0	0.0
FJ639828	0.0	0.0	0.0	0.0	0.0	0.0	1.0	0.0
FJ850061_FJ850061.1	2.0338061178954734e-15	3.219012191379536e-15	0.9999999999999745	5.541649476567303e-15	1.904480588047823e-15	6.550389114534792e-15	4.065073235437504e-15	2.1926545707515164e-15
FJ873808	0.0	0.0	1.0	0.0	0.0	0.0	0.0	0.0
FJ850065_GQ199898.2	6.102526037209417e-09	9.658789763296099e-09	0.9999999234649122	1.6627966610127957e-08	5.714479012359355e-09	1.9654734922909375e-08	1.2197433690528143e-08	6.579157910324007e-09
GQ199894_KJ189308.1	1.3542848224324385e-08	2.1434980038885215e-08	0.9999998301517972	3.690111712871482e-08	1.2681686480908347e-08	4.361818208878546e-08	2.706878957826146e-08	1.4600599240396752e-08
EU482444_FJ882594	6.991824712663509e-09	1.1066329672238213e-08	0.9999999123117352	1.905109902967329e-08	6.547229022046368e-09	2.2518947152824048e-08	1.3974920842370926e-08	7.537914395684281e-09
FJ850066_FJ850066.2	7.829399554104467e-16	1.2392003541573349e-15	0.9999999999999901	2.1333296010406227e-15	7.331544209480333e-16	2.521656964269796e-15	1.5649024898140331e-15	8.44090720717821e-16
FJ744744_FJ744744.1	1.8356603870051227e-11	2.9053964942906948e-11	0.9999999997697799	5.001748363963317e-11	1.7189345348794374e-11	5.912210466415394e-11	3.6690291384750795e-11	1.9790328598672943e-11
FJ850120	0.0	0.0	1.0	0.0	0.0	0.0	0.0	0.0
0.841	1.7820209624547635e-09	2.8204985486285336e-09	0.999999977650709	4.855593385685223e-09	1.6687059305344362e-09	5.739451090196403e-09	3.5618172527474646e-09	1.9212039801240633e-09
EU482687_EU482687.2	7.715687037472181e-17	1.2212024745103967e-16	0.9999999999999991	2.1023455803549873e-16	7.225062436887207e-17	2.485032960413269e-16	1.5421741823402377e-16	8.31831328480205e-17
EU482603	0.0	0.0	1.0	0.0	0.0	0.0	0.0	0.0
EU482693	0.0	0.0	1.0	0.0	0.0	0.0	0.0	0.0
EU482634.2	0.0	0.0	1.0	0.0	0.0	0.0	0.0	0.0
EU482634.1	0.0	0.0	1.0	0.0	0.0	0.0	0.0	0.0
EU482634	0.0	0.0	1.0	0.0	0.0	0.0	0.0	0.0
GU131959	0.0	0.0	1.0	0.0	0.0	0.0	0.0	0.0
GQ868497	0.0	0.0	1.0	0.0	0.0	0.0	0.0	0.0
GQ868515.1	0.0	0.0	1.0	0.0	0.0	0.0	0.0	0.0
GQ868515	0.0	0.0	1.0	0.0	0.0	0.0	0.0	0.0
EU482605_EU482605.1	0.0	0.0	0.0	0.0	0.0	1.0	0.0	0.0
HQ332189	0.0	0.0	0.0	0.0	0.0	1.0	0.0	0.0
FJ850108_JN819407.2	3.1437947802086196e-08	4.9758499124470616e-08	3.1322119165246886e-08	8.566110872065689e-08	2.9438873642040567e-08	0.9999996756514248	6.283664851966729e-08	3.389337820196028e-08
FJ024473	0.0	0.0	0.0	0.0	0.0	1.0	0.0	0.0
GU131947.1	0.0	0.0	0.0	0.0	0.0	1.0	0.0	0.0
GU131947	0.0	0.0	0.0	0.0	0.0	1.0	0.0	0.0
GQ868558.1	0.0	0.0	0.0	0.0	0.0	1.0	0.0	0.0
GQ868558	0.0	0.0	0.0	0.0	0.0	1.0	0.0	0.0
0.957	2.866859051519127e-08	7.368910593840603e-08	2.8562964560439933e-08	7.811525308362625e-08	2.684561406441783e-08	0.9999996759093578	5.730139120715434e-08	3.090772295206973e-08
JX669476_JX669476.2	0.0	0.0	0.0	0.0	0.0	1.0	0.0	0.0
0.836	3.196717146542939e-06	0.0016980905019773381	3.1849392288087955e-06	8.710312033186596e-06	2.9934445065837674e-06	0.9982739882479544	6.3894435164373825e-06	3.4463936365872267e-06
GQ199890	0.0	0.0	0.0	0.0	0.0	1.0	0.0	0.0
GQ398286_GQ398291	4.199598647538896e-08	0.9999994979335676	4.184125734193422e-08	1.144293128147762e-07	3.932554844562019e-08	1.3525873986800227e-07	8.393954522742416e-08	4.5276042238364926e-08
0.743	1.324949901576914e-08	0.9999998416008467	1.3200682838951371e-08	3.6101808643143064e-08	1.2406990742560014e-08	4.267337646195089e-08	2.6482457377840773e-08	1.4284338276627712e-08
EU482561_EU482561.1	2.3343812661527685e-11	0.9999999997209221	2.3257805206820927e-11	6.360646970159652e-11	2.185942783519021e-11	7.518467713964343e-11	4.665848294410548e-11	2.5167058492296477e-11
GQ398296	0.0	1.0	0.0	0.0	0.0	0.0	0.0	0.0
GQ398308.3	0.0	1.0	0.0	0.0	0.0	0.0	0.0	0.0
GQ398308.2	0.0	1.0	0.0	0.0	0.0	0.0	0.0	0.0
GQ398308.1	0.0	1.0	0.0	0.0	0.0	0.0	0.0	0.0
GQ398308	0.0	1.0	0.0	0.0	0.0	0.0	0.0	0.0
EU569714_EU569714.1	1.836450845431719e-10	0.9999999978045038	1.8296846643798133e-10	5.003902179652755e-10	1.7196747296875194e-10	5.914756339318746e-10	3.6706090685212183e-10	1.979885056282093e-10
EU677144	0.0	1.0	0.0	0.0	0.0	0.0	0.0	0.0
0.251	6.760891810544399e-11	0.9999999991917282	6.735982122285503e-11	1.8421860487764107e-10	6.330980666139907e-11	2.1775169208144383e-10	1.35133433344039e-10	7.288944703385222e-11
EU482729	0.0	1.0	0.0	0.0	0.0	0.0	0.0	0.0
KC294222_KC294222.1	0.0	0.0	0.0	0.0	0.0	1.0	0.0	0.0
FJ850072_FJ850072.1	3.8587185467596515e-10	6.109265212268255e-10	3.844501564921739e-10	1.051411214998134e-09	3.6133506052426747e-10	0.9999999960187331	7.712619875365023e-10	4.1601000136390786e-10
EU482451_GU131932	3.816123764490901e-09	6.039980317495126e-09	3.80206371797713e-09	1.039805125765381e-08	3.5734643371912703e-09	1.2290795737537092e-08	0.9999999559653425	4.114178407243091e-09
FJ639704_FJ639710	2.2029571096897351e-07	3.4867363859167303e-07	2.194840580629988e-07	6.002546656927582e-07	2.0628756176854332e-07	7.095182841210549e-07	0.999997457984387	2.3750169365844136e-07
FJ639706_JF730047.1	2.3148663891752736e-08	3.6638611038641014e-08	2.3063375439088215e-08	6.307473461221878e-08	2.1676688172570654e-08	7.455615096602873e-08	0.999999732885108	2.495666781726676e-08
GQ868620_GQ868620.1	0.0	0.0	0.0	0.0	0.0	0.0	1.0	0.0
FJ850061.1	0.0	0.0	1.0	0.0	0.0	0.0	0.0	0.0
FJ850061	0.0	0.0	1.0	0.0	0.0	0.0	0.0	0.0
GQ199898_GQ199898.2	5.953542293785285e-17	9.422985336177969e-17	0.9999999999999993	1.6222020499287409e-16	5.574968837427065e-17	1.9174894936217152e-16	1.189965219475045e-16	6.418537936221154e-17
FJ850065	0.0	0.0	1.0	0.0	0.0	0.0	0.0	0.0
0.940	1.180259111135159e-08	1.868058333729579e-08	0.9999998519773052	3.215932053643323e-08	1.1052088722938003e-08	3.8013242094811186e-08	2.359044788655403e-08	1.2724421034683071e-08
KJ189308_KJ189308.1	0.0	0.0	1.0	0.0	0.0	0.0	0.0	0.0
EU482444_FJ906956.1	9.079301005896818e-10	1.437028848029196e-09	0.9999999886131561	2.4738987273275062e-09	8.501967009847611e-10	2.924219469546478e-09	1.8147267426721761e-09	9.788430998726914e-10
FJ882594	0.0	0.0	1.0	0.0	0.0	0.0	0.0	0.0
FJ850066.2	0.0	0.0	1.0	0.0	0.0	0.0	0.0	0.0
FJ850066.1	0.0	0.0	1.0	0.0	0.0	0.0	0.0	0.0
FJ850066	0.0	0.0	1.0	0.0	0.0	0.0	0.0	0.0
FJ744744.1	0.0	0.0	1.0	0.0	0.0	0.0	0.0	0.0
FJ744744	0.0	0.0	1.0	0.0	0.0	0.0	0.0	0.0
0.989	7.437782049168229e-09	1.1772169865353008e-08	0.9999999067187423	2.026622923243323e-08	6.964828852727179e-09	2.3955266010373997e-08	1.4866278782944049e-08	8.018702797117097e-09
EU596500	0.0	0.0	1.0	0.0	0.0	0.0	0.0	0.0
EU482687.2	0.0	0.0	1.0	0.0	0.0	0.0	0.0	0.0
EU482687.1	0.0	0.0	1.0	0.0	0.0	0.0	0.0	0.0
EU482687	0.0	0.0	1.0	0.0	0.0	0.0	0.0	0.0
EU482605.1	0.0	0.0	0.0	0.0	0.0	1.0	0.0	0.0
EU482605	0.0	0.0	0.0	0.0	0.0	1.0	0.0	0.0
0.954	7.704739879660888e-09	1.2194698109336737e-08	7.676352701545296e-09	2.099362734014766e-08	7.214811386227829e-09	0.9999999205093981	1.539986117419437e-08	8.306511109855057e-09
JN819407_JN819407.2	0.0	0.0	0.0	0.0	0.0	1.0	0.0	0.0
JX286520_JX286525.1	1.2542724699327228e-08	2.0013314280095802e-08	1.2496512547005908e-08	3.417601272469317e-08	1.1745158744932222e-08	0.9999998704341237	2.506979108090015e-08	1.352236203818482e-08
JX669478_JX669478.1	5.432287082160832e-10	8.601255969128768e-10	5.412272477351094e-10	1.4801721068953467e-09	5.086859167964192e-10	0.9999999943951241	1.0857792505686533e-09	5.856570592215383e-10
JX669476.2	0.0	0.0	0.0	0.0	0.0	1.0	0.0	0.0
JX669476.1	0.0	0.0	0.0	0.0	0.0	1.0	0.0	0.0
JX669476	0.0	0.0	0.0	0.0	0.0	1.0	0.0	0.0
EU920846	0.0	0.0	0.0	0.0	0.0	1.0	0.0	0.0
EU920850	0.0	1.0	0.0	0.0	0.0	0.0	0.0	0.0
GQ398286_GQ398286.1	4.264818204460579e-12	0.9999999999490137	4.249104997544844e-12	1.1620639431874466e-11	3.993627224581681e-12	1.3735930133216645e-11	8.524312216593671e-12	4.597917690950405e-12
GQ398291	0.0	1.0	0.0	0.0	0.0	0.0	0.0	0.0
EU482588_EU482588.2	1.1119751680398618e-15	0.9999999999999865	1.1078782300080613e-15	3.0298741623908517e-15	1.041266964087268e-15	3.581398429150455e-15	2.2225621480317916e-15	1.1988249092729382e-15
GQ398285	0.0	1.0	0.0	0.0	0.0	0.0	0.0	0.0
EU482561.1	0.0	1.0	0.0	0.0	0.0	0.0	0.0	0.0
EU482561	0.0	1.0	0.0	0.0	0.0	0.0	0.0	0.0
EU569714.1	0.0	1.0	0.0	0.0	0.0	0.0	0.0	0.0
EU569714	0.0	1.0	0.0	0.0	0.0	0.0	0.0	0.0
0.795	1.3213955085641351e-08	0.9999998420257781	1.3165269866135691e-08	3.600495968588276e-08	1.2373706977526723e-08	4.255889820815531e-08	2.6411413890571572e-08	1.4246018222335704e-08
EU482551_EU482565	1.7579049189685845e-09	0.9999999789840621	1.7514281308839125e-09	4.789882766277532e-09	1.6461233764375532e-09	5.66177923424053e-09	3.5136152722058e-09	1.895204376468071e-09
KC294222.1	0.0	0.0	0.0	0.0	0.0	1.0	0.0	0.0
KC294222	0.0	0.0	0.0	0.0	0.0	1.0	0.0	0.0
FJ850072.1	0.0	0.0	0.0	0.0	0.0	1.0	0.0	0.0
FJ850072	0.0	0.0	0.0	0.0	0.0	1.0	0.0	0.0
0.966	1.5606805020883343e-09	2.4701713299305196e-09	1.5549303635166555e-09	4.252492020446912e-09	1.4614400528245047e-09	5.026567911977451e-09	0.9999999819911418	1.682575937930496e-09
GQ868631_GU131932	2.9186856263533502e-08	4.619557651711011e-08	2.907932082129378e-08	7.952740692058841e-08	2.7330924364393307e-08	9.400368297640963e-08	0.9999996632097649	3.146646734366512e-08
FJ639704_FJ639704.1	2.1820696801760793e-10	3.453676749769847e-10	2.1740301083243896e-10	5.945633260998298e-10	2.0433163766678397e-10	7.027909569828903e-10	0.9999999974820867	2.3524981146616246e-10
FJ639710	0.0	0.0	0.0	0.0	0.0	0.0	1.0	0.0
0.876	5.671806158800821e-09	8.977066698562593e-09	5.650909074919036e-09	1.545435494295487e-08	5.311147721290021e-09	1.8267492162960744e-08	0.9999999345524262	6.11479707386266e-09
GQ868638_JF730047.1	1.4695185287429886e-07	2.325884467477735e-07	1.4641042654375816e-07	4.004096808422065e-07	1.3760748810528727e-07	4.7329576250563924e-07	0.9999983043069577	1.5842938471374775e-07
GQ868620.1	0.0	0.0	0.0	0.0	0.0	0.0	1.0	0.0
GQ868620	0.0	0.0	0.0	0.0	0.0	0.0	1.0	0.0
GQ199898.2	0.0	0.0	1.0	0.0	0.0	0.0	0.0	0.0
GQ199898.1	0.0	0.0	1.0	0.0	0.0	0.0	0.0	0.0
GQ199898	0.0	0.0	1.0	0.0	0.0	0.0	0.0	0.0
KJ189309_KJ189309.1	0.0	0.0	1.0	0.0	0.0	0.0	0.0	0.0
GQ199894_GQ199894.2	4.433956765044121e-16	7.017857187622854e-16	0.9999999999999943	1.2081502740071727e-15	4.1520106134835826e-16	1.4280683822501335e-15	8.862378185448189e-16	4.780266654644935e-16
KJ189308.1	0.0	0.0	1.0	0.0	0.0	0.0	0.0	0.0
KJ189308	0.0	0.0	1.0	0.0	0.0	0.0	0.0	0.0
EU482444_FJ744741.2	3.3621519161517187e-10	5.32145513385729e-10	0.999999995783343	9.161083370897551e-10	3.148359620928147e-10	1.0828664107937478e-09	6.720106527148179e-10	3.6247495283077503e-10
FJ906956_FJ906956.1	3.0248152299360084e-13	4.787534571827576e-13	0.9999999999962064	8.241919221401998e-13	2.832473477759795e-13	9.742185638964602e-13	6.045854285304377e-13	3.2610654876291675e-13
FJ205885	0.0	0.0	1.0	0.0	0.0	0.0	0.0	0.0
JF357906	0.0	0.0	1.0	0.0	0.0	0.0	0.0	0.0
0.788	1.8145681715310612e-08	2.872012732635057e-08	1.807882614562091e-08	4.94427697383768e-08	1.699183529817638e-08	0.9999998127891169	3.626871039015525e-08	1.9562932573754247e-08
FJ850108	0.0	0.0	0.0	0.0	0.0	1.0	0.0	0.0
JN819407.2	0.0	0.0	0.0	0.0	0.0	1.0	0.0	0.0
JN819407.1	0.0	0.0	0.0	0.0	0.0	1.0	0.0	0.0
JN819407	0.0	0.0	0.0	0.0	0.0	1.0	0.0	0.0
0.036	4.020090910057514e-08	6.363717543216471e-08	4.0052793712623256e-08	1.095381437367579e-07	3.764461633301826e-08	0.9999995852339681	8.035163144956322e-08	4.334076208746687e-08
JX286525_JX286525.1	3.366148837867295e-11	5.327799350453707e-11	3.3537466695537085e-11	9.171974054595523e-11	3.152102386648184e-11	0.9999999996527106	6.728095380828558e-11	3.629058625714568e-11
JX669478.1	0.0	0.0	0.0	0.0	0.0	1.0	0.0	0.0
JX669478	0.0	0.0	0.0	0.0	0.0	1.0	0.0	0.0
GQ398286.1	0.0	1.0	0.0	0.0	0.0	0.0	0.0	0.0
GQ398286	0.0	1.0	0.0	0.0	0.0	0.0	0.0	0.0
EU482588.2	0.0	1.0	0.0	0.0	0.0	0.0	0.0	0.0
EU482588.1	0.0	1.0	0.0	0.0	0.0	0.0	0.0	0.0
EU482588	0.0	1.0	0.0	0.0	0.0	0.0	0.0	0.0
EU569719_EU569719.1	0.0	1.0	0.0	0.0	0.0	0.0	0.0	0.0
EU482728	0.0	1.0	0.0	0.0	0.0	0.0	0.0	0.0
EU482551_EU677143.1	8.642739582330494e-09	0.99999989667514	8.610896453534542e-09	2.3549458751795754e-08	8.09316562541038e-09	2.7836137760412194e-08	1.727468958218252e-08	9.317772368893016e-09
EU482565	0.0	1.0	0.0	0.0	0.0	0.0	0.0	0.0
EU482451_EU660413	2.7228788715821796e-10	4.3096439754683225e-10	2.712846753666602e-10	7.419212746332716e-10	2.549736628730279e-10	8.769722916242141e-10	0.9999999968580412	2.9355466830610833e-10
EU687249_FJ639707	2.6207708501142964e-07	4.14803222543467e-07	2.6111149368555554e-07	7.14099209454987e-07	2.454121445425207e-07	8.440858101451935e-07	0.9999969758646732	2.8254636136809895e-07
0.968	7.351382521037023e-09	1.1635420776077713e-08	7.324297241165316e-09	2.0030810577906123e-08	6.883923292116199e-09	2.367699438768609e-08	0.9999999151716161	7.925555117699307e-09
GU131932	0.0	0.0	0.0	0.0	0.0	0.0	1.0	0.0
FJ639704.1	0.0	0.0	0.0	0.0	0.0	0.0	1.0	0.0
FJ639704	0.0	0.0	0.0	0.0	0.0	0.0	1.0	0.0
FJ639706_GQ868623	2.2202368055867905e-08	3.514085871822213e-08	2.212056611577202e-08	6.049629816369667e-08	2.0790565334146895e-08	7.150836490249315e-08	0.9999997438045163	2.3936462463580915e-08
GQ868622	0.0	0.0	0.0	0.0	0.0	0.0	1.0	0.0
JF730047_JF730047.1	0.0	0.0	0.0	0.0	0.0	0.0	1.0	0.0
GQ868638	0.0	0.0	0.0	0.0	0.0	0.0	1.0	0.0
KJ189309.1	0.0	0.0	1.0	0.0	0.0	0.0	0.0	0.0
KJ189309	0.0	0.0	1.0	0.0	0.0	0.0	0.0	0.0
GQ199894.2	0.0	0.0	1.0	0.0	0.0	0.0	0.0	0.0
GQ199894.1	0.0	0.0	1.0	0.0	0.0	0.0	0.0	0.0
GQ199894	0.0	0.0	1.0	0.0	0.0	0.0	0.0	0.0
EU482639_FJ744741.2	1.2021776677553166e-09	1.9027499891222733e-09	0.9999999849228379	3.275655031538038e-09	1.1257336731751706e-09	3.871918487575712e-09	2.402854538804165e-09	1.296072587679455e-09
EU482444	0.0	0.0	1.0	0.0	0.0	0.0	0.0	0.0
FJ906956.1	0.0	0.0	1.0	0.0	0.0	0.0	0.0	0.0
FJ906956	0.0	0.0	1.0	0.0	0.0	0.0	0.0	0.0
HQ332186_HQ332186.1	0.0	0.0	0.0	0.0	0.0	1.0	0.0	0.0
HQ332188	0.0	0.0	0.0	0.0	0.0	1.0	0.0	0.0
KC294211_KC294211.1	0.0	0.0	0.0	0.0	0.0	1.0	0.0	0.0
JX286520	0.0	0.0	0.0	0.0	0.0	1.0	0.0	0.0
JX286525.1	0.0	0.0	0.0	0.0	0.0	1.0	0.0	0.0
JX286525	0.0	0.0	0.0	0.0	0.0	1.0	0.0	0.0
EU569719.1	0.0	1.0	0.0	0.0	0.0	0.0	0.0	0.0
EU569719	0.0	1.0	0.0	0.0	0.0	0.0	0.0	0.0
EU482551_EU677146	2.5042979686571484e-09	0.9999999700608545	2.4950711856446847e-09	6.823630534427715e-09	2.3450548339044055e-09	8.065727606924288e-09	5.005469575675594e-09	2.699893730864489e-09
EU677143_EU677143.1	1.7771170092245587e-10	0.9999999978754379	1.7705694365167205e-10	4.842231251698037e-10	1.6641138095601494e-10	5.723656650060402e-10	3.5520154683745407e-10	1.9159170083865175e-10
EU482451_FM210214.1	2.0203157151453732e-09	3.1976602195531976e-09	2.0128721062163956e-09	5.50489126117943e-09	1.891848012141768e-09	6.506939845935698e-09	0.9999999766873624	2.178110513188206e-09
EU482468_EU660413	2.2599690828462885e-11	3.576972242240715e-11	2.251642500066093e-11	6.15789104714311e-11	2.1162623172373615e-11	7.278804379689301e-11	0.9999999997392197	2.4364817745693805e-11
EU687249	0.0	0.0	0.0	0.0	0.0	0.0	1.0	0.0
FJ639707	0.0	0.0	0.0	0.0	0.0	0.0	1.0	0.0
KF955402_KF955402.1	0.0	0.0	0.0	0.0	0.0	0.0	1.0	0.0
GQ868631	0.0	0.0	0.0	0.0	0.0	0.0	1.0	0.0
FJ639706_FJ639706.3	7.597346254213465e-21	1.202472054696749e-20	7.56935475071208e-21	2.070100464469466e-20	7.114246699581918e-21	2.4469183056052576e-20	1.0	8.19072960952673e-21
GQ868623	0.0	0.0	0.0	0.0	0.0	0.0	1.0	0.0
JF730047.1	0.0	0.0	0.0	0.0	0.0	0.0	1.0	0.0
JF730047	0.0	0.0	0.0	0.0	0.0	0.0	1.0	0.0
FJ744741_FJ744741.2	1.8043397252466613e-16	2.85582363129103e-16	0.9999999999999978	4.916406832480894e-16	1.6896054893037826e-16	5.811334320570462e-16	3.606426915622952e-16	1.9452659282215605e-16
EU482639	0.0	0.0	1.0	0.0	0.0	0.0	0.0	0.0
HQ332186.1	0.0	0.0	0.0	0.0	0.0	1.0	0.0	0.0
HQ332186	0.0	0.0	0.0	0.0	0.0	1.0	0.0	0.0
KC294211.1	0.0	0.0	0.0	0.0	0.0	1.0	0.0	0.0
KC294211	0.0	0.0	0.0	0.0	0.0	1.0	0.0	0.0
EU482551_KF955364.3	1.5875287370434973e-11	0.9999999998102093	1.581679679396973e-11	4.325647227266722e-11	1.4865810639786878e-11	5.113039471107123e-11	3.173075605712725e-11	1.7115211282183324e-11
EU677146	0.0	1.0	0.0	0.0	0.0	0.0	0.0	0.0
EU677143.1	0.0	1.0	0.0	0.0	0.0	0.0	0.0	0.0
EU677143	0.0	1.0	0.0	0.0	0.0	0.0	0.0	0.0
EU482451_FJ024461.1	1.0189157242118496e-09	1.6126916471344804e-09	1.015161652446847e-09	2.776308783841995e-09	9.541249780613983e-10	3.2816768566527945e-09	0.9999999882426233	1.0984971479068612e-09
EU482669_FM210214.1	1.0442453386329341e-07	1.652782163583834e-07	1.0403979429667912e-07	2.8453261022889976e-07	9.77843934624283e-08	3.363257312679135e-07	0.9999987950342099	1.125805107277755e-07
0.907	7.458027469950223e-09	1.1804213360424599e-08	7.430549269661169e-09	2.032139330362577e-08	6.983786909022172e-09	2.402047152952534e-08	0.9999999139410288	8.040529466839358e-09
EU482468_EU482468.2	6.462361439407463e-15	1.0228320229484952e-14	6.438551650198754e-15	1.7608434537082866e-14	6.051433224635836e-15	2.0813676215894316e-14	0.9999999999999254	6.967097907359803e-15
EU482784_EU482784.1	0.0	0.0	0.0	0.0	0.0	0.0	1.0	0.0
KF955402.1	0.0	0.0	0.0	0.0	0.0	0.0	1.0	0.0
KF955402	0.0	0.0	0.0	0.0	0.0	0.0	1.0	0.0
FJ639706.3	0.0	0.0	0.0	0.0	0.0	0.0	1.0	0.0
FJ639706.2	0.0	0.0	0.0	0.0	0.0	0.0	1.0	0.0
FJ639706.1	0.0	0.0	0.0	0.0	0.0	0.0	1.0	0.0
FJ639706	0.0	0.0	0.0	0.0	0.0	0.0	1.0	0.0
FJ744741.2	0.0	0.0	1.0	0.0	0.0	0.0	0.0	0.0
FJ744741.1	0.0	0.0	1.0	0.0	0.0	0.0	0.0	0.0
FJ744741	0.0	0.0	1.0	0.0	0.0	0.0	0.0	0.0
KF955364_KF955364.3	1.482127130359711e-19	1.0	1.4766664121864468e-19	4.0384523204518234e-19	1.3878817277381033e-19	4.773566828680527e-19	2.9624039755448815e-19	1.597887231345751e-19
EU482551_EU596489	5.347624369568315e-08	0.999999360685886	5.3279216942845807e-08	1.4571034833527757e-07	5.007579982379499e-08	1.7223382380578575e-07	1.0688572773298519e-07	5.765295380628208e-08
0.185	6.591591239621448e-08	0.9999992119683391	6.567305318842038e-08	1.7960555739006366e-07	6.172445568801418e-08	2.1229893607062896e-07	1.3174953547124e-07	7.106421075690965e-08
EU482451_EU482661	1.2862940020143285e-08	2.0358853470558357e-08	1.2815548073197039e-08	3.504852512859199e-08	1.2045012234959447e-08	4.142836504488045e-08	0.9999998515731685	1.3867587465836947e-08
EU482464_FJ024461.1	4.794244595643778e-10	7.588103736150418e-10	4.776580781215017e-10	1.3063203429379404e-09	4.4893884851741896e-10	1.5441082280702672e-09	0.9999999944678704	5.168694416563531e-10
FM210214_FM210214.1	4.6962771284747424e-14	7.433045459749163e-14	4.678974263331236e-14	1.279626482673635e-13	4.3976505668731536e-14	1.5125553172579228e-13	0.9999999999994581	5.063075295457035e-14
EU482669	0.0	0.0	0.0	0.0	0.0	0.0	1.0	0.0
0.767	1.208214169243493e-09	1.912304278350096e-09	1.2037626502502592e-09	3.292103096581162e-09	1.1313863260031846e-09	3.891360573666023e-09	0.9999999860582882	1.302580564257426e-09
EU660413	0.0	0.0	0.0	0.0	0.0	0.0	1.0	0.0
EU482468.2	0.0	0.0	0.0	0.0	0.0	0.0	1.0	0.0
EU482468.1	0.0	0.0	0.0	0.0	0.0	0.0	1.0	0.0
EU482468	0.0	0.0	0.0	0.0	0.0	0.0	1.0	0.0
EU482784.1	0.0	0.0	0.0	0.0	0.0	0.0	1.0	0.0
EU482784	0.0	0.0	0.0	0.0	0.0	0.0	1.0	0.0
KF955364.3	0.0	1.0	0.0	0.0	0.0	0.0	0.0	0.0
KF955364.2	0.0	1.0	0.0	0.0	0.0	0.0	0.0	0.0
KF955364.1	0.0	1.0	0.0	0.0	0.0	0.0	0.0	0.0
KF955364	0.0	1.0	0.0	0.0	0.0	0.0	0.0	0.0
EU482551	0.0	1.0	0.0	0.0	0.0	0.0	0.0	0.0
EU596489	0.0	1.0	0.0	0.0	0.0	0.0	0.0	0.0
EU529706_EU529706.1	0.0	1.0	0.0	0.0	0.0	0.0	0.0	0.0
EU482721_EU482721.2	0.0	1.0	0.0	0.0	0.0	0.0	0.0	0.0
EU482451_FJ410224	3.775031915927018e-09	5.974942081878975e-09	3.761123267359906e-09	1.028608551073155e-08	3.534985434395023e-09	1.2158449003430617e-08	0.9999999564395057	4.069877119730268e-09
EU482661	0.0	0.0	0.0	0.0	0.0	0.0	1.0	0.0
EU482642_FJ024461.1	8.812664927323735e-11	1.394826949822893e-10	8.780195729143789e-11	2.4012465864839403e-10	8.252285768726609e-11	2.8383425488702204e-10	0.9999999989830972	9.500969568029919e-11
EU482464_EU482658.1	1.8504970640064506e-08	2.9288792853584434e-08	1.8436791313608626e-08	5.042174864117366e-08	1.7328277782380534e-08	5.9599957522996186e-08	0.9999997864691778	1.9950283411255517e-08
FM210214.1	0.0	0.0	0.0	0.0	0.0	0.0	1.0	0.0
FM210214	0.0	0.0	0.0	0.0	0.0	0.0	1.0	0.0
EU482541_FM210211	5.779311272108361e-09	9.147220710455406e-09	5.7580180986375435e-09	1.5747281416942226e-08	5.411816806513323e-09	1.861373968268185e-08	0.9999999333119133	6.23069876970221e-09
EU482776_EU482776.2	1.0036908322437982e-13	1.5885944077632914e-13	9.99992854752055e-14	2.7348244880366254e-13	9.398682055238654e-14	3.2326412255114254e-13	0.9999999999988418	1.0820831305287007e-13
EU529706.1	0.0	1.0	0.0	0.0	0.0	0.0	0.0	0.0
EU529706	0.0	1.0	0.0	0.0	0.0	0.0	0.0	0.0
EU482721.2	0.0	1.0	0.0	0.0	0.0	0.0	0.0	0.0
EU482721.1	0.0	1.0	0.0	0.0	0.0	0.0	0.0	0.0
EU482721	0.0	1.0	0.0	0.0	0.0	0.0	0.0	0.0
FJ410215_FJ410224	3.3834647318407455e-08	5.3551880511357976e-08	3.370998765209883e-08	9.219155845391574e-08	3.168317198692932e-08	1.0897307443529196e-07	0.99999960957841	3.647726960780265e-08
EU482451	0.0	0.0	0.0	0.0	0.0	0.0	1.0	0.0
0.956	6.80587682063319e-08	1.0772020137927786e-07	6.780801390544807e-08	1.8544434195955073e-07	6.373105172361715e-08	2.1920054741306438e-07	0.9999992146626432	7.33744322402521e-08
EU482642_EU482670.1	5.6329363354099976e-11	8.915545379361776e-11	5.612182462691842e-11	1.5348443698735137e-10	5.274749549676066e-11	1.814230202523614e-10	0.9999999993500097	6.072891360642373e-11
0.229	3.053064692963706e-08	4.8322464866388255e-08	3.0418160453197136e-08	8.318892449392257e-08	2.8589266157878657e-08	9.833170208961864e-08	0.9999996477036215	3.291521347548132e-08
EU482658_EU482658.1	5.85103496315036e-11	9.26074157846886e-11	5.829477532413682e-11	1.5942711822733148e-10	5.478979736200039e-11	1.8844744044841745e-10	0.9999999993248428	6.308024370019088e-11
EU482541_FJ432726	2.821043430849019e-08	4.465014199926017e-08	2.810649637486188e-08	7.686688379182835e-08	2.6416591064497472e-08	9.085886809520645e-08	0.9999996744768014	3.041378289952387e-08
FM210211	0.0	0.0	0.0	0.0	0.0	0.0	1.0	0.0
EU482776.2	0.0	0.0	0.0	0.0	0.0	0.0	1.0	0.0
EU482776.1	0.0	0.0	0.0	0.0	0.0	0.0	1.0	0.0
EU482776	0.0	0.0	0.0	0.0	0.0	0.0	1.0	0.0
FJ410215_FJ410215.1	1.3304478727913553e-10	2.1057700066981688e-10	1.3255459984995263e-10	3.6251615593936475e-10	1.2458474408379564e-10	4.285045258772105e-10	0.999999998464782	1.4343612125826665e-10
FJ410224	0.0	0.0	0.0	0.0	0.0	0.0	1.0	0.0
FJ024461_FJ024461.1	1.0987290054867544e-11	1.7390163361974512e-11	1.0946808713389789e-11	2.9937814448338264e-11	1.0288630976486015e-11	3.5387357986138443e-11	0.9999999998732165	1.1845441680501505e-11
EU482676	0.0	0.0	0.0	0.0	0.0	0.0	1.0	0.0
EU482642_GU131899	8.33004305364984e-11	1.3184398408693697e-10	8.299352017398382e-11	2.2697433310805988e-10	7.800352823058068e-11	2.6829019176467566e-10	0.9999999990387874	8.980652981338389e-11
0.944	5.43235864053831e-09	8.598080484636286e-09	5.4123437720803816e-09	1.4801916048918178e-08	5.0869261760922626e-09	1.749629061960165e-08	0.9999999373154367	5.856647739590481e-09
EU482464_EU482464.1	1.9144768477129417e-12	3.030143462872967e-12	1.9074231892915736e-12	5.216504920344577e-12	1.7927392196603046e-12	6.166058894220066e-12	0.9999999999779087	2.064005203740605e-12
EU482705	0.0	0.0	0.0	0.0	0.0	0.0	1.0	0.0
EU482658.1	0.0	0.0	0.0	0.0	0.0	0.0	1.0	0.0
EU482658	0.0	0.0	0.0	0.0	0.0	0.0	1.0	0.0
EU482541_FJ410259	2.4796420947906148e-08	3.9246603022493274e-08	2.470506153363696e-08	6.756449002567553e-08	2.3219667761259395e-08	7.986317103459006e-08	0.9999997138714642	2.6733121339002372e-08
FJ432726	0.0	0.0	0.0	0.0	0.0	0.0	1.0	0.0
FJ410215.1	0.0	0.0	0.0	0.0	0.0	0.0	1.0	0.0
FJ410215	0.0	0.0	0.0	0.0	0.0	0.0	1.0	0.0
FJ024461.1	0.0	0.0	0.0	0.0	0.0	0.0	1.0	0.0
FJ024461	0.0	0.0	0.0	0.0	0.0	0.0	1.0	0.0
0.799	2.2057786924826568e-10	3.491202253793451e-10	2.1976517676423327e-10	6.010234814943187e-10	2.0655177818570363e-10	7.104270465172603e-10	0.9999999974547285	2.378058896362791e-10
0.847	1.7318446131604137e-09	2.741081794511543e-09	1.7254638411209336e-09	4.718874483447472e-09	1.6217201916435139e-09	5.577845401025215e-09	0.9999999800160609	1.8671086557685017e-09
EU482656_FJ410217.1	6.152423572952068e-09	9.737765224310281e-09	6.1297557123305e-09	1.6763925810170285e-08	5.761203666876391e-09	1.9815442604244275e-08	0.9999999290065309	6.632952644666024e-09
EU482670_EU482670.1	6.03872423064117e-11	9.557807279533932e-11	6.01647528149631e-11	1.645412150028099e-10	5.65473423087677e-11	1.944924499691327e-10	0.999999999303185	6.510372925578839e-11
EU482464.1	0.0	0.0	0.0	0.0	0.0	0.0	1.0	0.0
EU482464	0.0	0.0	0.0	0.0	0.0	0.0	1.0	0.0
FJ410259	0.0	0.0	0.0	0.0	0.0	0.0	1.0	0.0
EU482541	0.0	0.0	0.0	0.0	0.0	0.0	1.0	0.0
0.945	9.796634069028268e-11	1.5505649346392948e-10	9.760539555540361e-11	2.669355332499893e-10	9.173686345273928e-11	3.155254800125349e-10	0.999999998869556	1.0561790664521366e-10
FJ205879_GU131899	1.3971772737114204e-08	2.2113861483720238e-08	1.3920295430117093e-08	3.806983684141201e-08	1.3083336569949956e-08	4.499964241229729e-08	0.9999998387782302	1.506302448595022e-08
0.837	1.106150518609172e-09	1.750762756374527e-09	1.1020750407938051e-09	3.014003345018068e-09	1.0358126920820237e-09	3.56263866641385e-09	0.9999999872360118	1.1925453312517834e-09
FM210246_FM210246.1	7.747814272652179e-11	1.226287421437182e-10	7.719268387933454e-11	2.111099506034148e-10	7.255146767546644e-11	2.495380352273414e-10	0.9999999991059714	8.352949786503564e-11
EU482701_FJ410217.1	6.131679043155683e-09	9.704931763081445e-09	6.109087613245446e-09	1.6707401782793122e-08	5.7417782388782314e-09	1.9748629577693336e-08	0.9999999292459042	6.61058788350423e-09
EU482656_EU482656.1	0.0	0.0	0.0	0.0	0.0	0.0	1.0	0.0
EU482670.1	0.0	0.0	0.0	0.0	0.0	0.0	1.0	0.0
EU482670	0.0	0.0	0.0	0.0	0.0	0.0	1.0	0.0
EU482652_FJ461309	3.085988428857979e-10	4.884356619604166e-10	3.074618477690661e-10	8.408601985704368e-10	2.889756799326472e-10	9.939209461817993e-10	0.9999999964390452	3.3270165598791357e-10
0.742	5.589275844925177e-10	8.846441618725311e-10	5.568682834004202e-10	1.522947899894741e-09	5.233865339592645e-10	1.800168232748344e-09	0.9999999935504752	6.025820809924463e-10
0.882	3.863656956968975e-08	6.115213607795285e-08	3.849421780155865e-08	1.052756817123664e-07	3.617974992147953e-08	1.244388845558184e-07	0.9999995541685189	4.165424133584652e-08
GU131899	0.0	0.0	0.0	0.0	0.0	0.0	1.0	0.0
0.995	1.735390733416244e-08	2.746694426037801e-08	1.728996896125525e-08	4.728536837831527e-08	1.62504082143742e-08	5.589266581892226e-08	0.9999997997514197	1.8709317423051017e-08
EU482642	0.0	0.0	0.0	0.0	0.0	0.0	1.0	0.0
FM210246.1	0.0	0.0	0.0	0.0	0.0	0.0	1.0	0.0
FM210246	0.0	0.0	0.0	0.0	0.0	0.0	1.0	0.0
0.877	2.2384860145974273e-08	3.542969857257837e-08	2.230238583584176e-08	6.099354673951571e-08	2.0961453129213364e-08	7.209612702490761e-08	0.9999997416987206	2.4133207921260904e-08
FJ410217_FJ410217.1	1.2062289955943929e-13	1.9091622393316173e-13	1.2017847907333958e-13	3.286693959290921e-13	1.1295273854457003e-13	3.884966817768568e-13	0.9999999999986081	1.3004403405472434e-13
EU482656.1	0.0	0.0	0.0	0.0	0.0	0.0	1.0	0.0
EU482656	0.0	0.0	0.0	0.0	0.0	0.0	1.0	0.0
0.761	1.0000162932041136e-08	1.5827785210559264e-08	9.963318541070878e-09	2.72481222228193e-08	9.364273228312983e-09	3.220806439337399e-08	0.9999998846070576	1.0781215951837748e-08
0.304	3.032007976113116e-08	4.798918910496756e-08	3.020836909395901e-08	8.261517784773762e-08	2.8392088520654002e-08	9.765351704718912e-08	0.9999996501333784	3.268820016265265e-08
EU482654_FJ547067	3.492927932510586e-08	5.52844123115263e-08	3.4800586619546025e-08	9.517417652826345e-08	3.270819860547943e-08	1.1249861480882206e-07	0.9999995969473351	3.7657396784950566e-08
0.820	3.011667794126032e-08	4.766725431868149e-08	3.000571668349542e-08	8.206095511298328e-08	2.8201620602346005e-08	9.699840982977176e-08	0.9999996524804535	3.24689118410596e-08
FJ205879_FJ205879.1	0.0	0.0	0.0	0.0	0.0	0.0	1.0	0.0
FJ410202	0.0	0.0	0.0	0.0	0.0	0.0	1.0	0.0
FJ205877_FJ205877.1	0.0	0.0	0.0	0.0	0.0	0.0	1.0	0.0
FJ024452_FJ024452.1	1.7916712149271776e-10	2.8357725119605557e-10	1.785070019008517e-10	4.88188808314529e-10	1.677742543386447e-10	5.770532165754494e-10	0.9999999979325714	1.9316079561994424e-10
FJ562098_FJ562098.1	1.0322321546872132e-10	1.633768263862402e-10	1.028429020144524e-10	2.81259296517286e-10	9.665946442302962e-11	3.3245658028784787e-10	0.9999999988088963	1.1128536452597723e-10
EU482701_EU482701.1	0.0	0.0	0.0	0.0	0.0	0.0	1.0	0.0
FJ410217.1	0.0	0.0	0.0	0.0	0.0	0.0	1.0	0.0
FJ410217	0.0	0.0	0.0	0.0	0.0	0.0	1.0	0.0
EU482652_FJ547064.1	3.6314439954674796e-09	5.747677908354103e-09	3.618064379228739e-09	9.894841764705574e-09	3.4005279731910447e-09	1.1695987639580874e-08	0.9999999580963821	3.915074404107555e-09
EU677148	0.0	0.0	0.0	0.0	0.0	0.0	1.0	0.0
FJ461309	0.0	0.0	0.0	0.0	0.0	0.0	1.0	0.0
FJ024454	0.0	0.0	0.0	0.0	0.0	0.0	1.0	0.0
FJ547067	0.0	0.0	0.0	0.0	0.0	0.0	1.0	0.0
EU482654	0.0	0.0	0.0	0.0	0.0	0.0	1.0	0.0
FJ410223_FJ410223.1	0.0	0.0	0.0	0.0	0.0	0.0	1.0	0.0
EU482645	0.0	0.0	0.0	0.0	0.0	0.0	1.0	0.0
FJ205879.1	0.0	0.0	0.0	0.0	0.0	0.0	1.0	0.0
FJ205879	0.0	0.0	0.0	0.0	0.0	0.0	1.0	0.0
FJ205877.1	0.0	0.0	0.0	0.0	0.0	0.0	1.0	0.0
FJ205877	0.0	0.0	0.0	0.0	0.0	0.0	1.0	0.0
FJ024452.1	0.0	0.0	0.0	0.0	0.0	0.0	1.0	0.0
FJ024452	0.0	0.0	0.0	0.0	0.0	0.0	1.0	0.0
FJ562098.1	0.0	0.0	0.0	0.0	0.0	0.0	1.0	0.0
FJ562098	0.0	0.0	0.0	0.0	0.0	0.0	1.0	0.0
EU482701.1	0.0	0.0	0.0	0.0	0.0	0.0	1.0	0.0
EU482701	0.0	0.0	0.0	0.0	0.0	0.0	1.0	0.0
0.560	8.600684273114708e-09	1.3612756538448631e-08	8.568996092019673e-09	2.3434867798286524e-08	8.053784526434882e-09	2.7700687956592785e-08	0.9999999007557906	9.272432370569191e-09
FJ547064_FJ547064.1	5.456849516899415e-11	8.636843486128985e-11	5.436744414769298e-11	1.4868648000884002e-10	5.1098597282158404e-11	1.7575169706697452e-10	0.9999999993703284	5.883051452079289e-11
FJ410223.1	0.0	0.0	0.0	0.0	0.0	0.0	1.0	0.0
FJ410223	0.0	0.0	0.0	0.0	0.0	0.0	1.0	0.0
FJ390387_FJ390387.1	0.0	0.0	0.0	0.0	0.0	0.0	1.0	0.0
EU482652	0.0	0.0	0.0	0.0	0.0	0.0	1.0	0.0
FJ547064.1	0.0	0.0	0.0	0.0	0.0	0.0	1.0	0.0
FJ547064	0.0	0.0	0.0	0.0	0.0	0.0	1.0	0.0
FJ390387.1	0.0	0.0	0.0	0.0	0.0	0.0	1.0	0.0
FJ390387	0.0	0.0	0.0	0.0	0.0	0.0	1.0	0.0
