node	Africa	Caribbean	Central America	Eastern Asia	Europe	Oceania	South America	South-eastern Asia	Southern Asia	Western Asia
AF100461_EU003591	0.09925168981709583	0.06283320002773204	0.05515430073513504	0.17229858277968968	0.02510027376397502	0.10125254144522008	0.20476539984084965	0.1738918560332607	0.08039682910900578	0.025055326448036094
EF105378_EU003591	0.9984246779448626	0.0001230014292593084	0.00010814574021333544	0.00033767552134785444	4.938349127234591e-05	0.00019737926508851174	0.00040178312316672987	0.00019031194852012112	0.00011836828890452356	4.9273247364725566e-05
AF100461_GQ398257.2	0.01549539521067031	0.017588610885955137	0.014751808203459834	0.046726519437734745	0.006147021435434806	0.03158185506816669	0.0536682922847813	0.6334069305594326	0.1744975528014842	0.006136014112880338
0.645	0.9998954362010317	8.173579934192031e-06	7.186539624942458e-06	2.2439207713027374e-05	3.309164437974029e-06	1.3115425372394776e-05	2.669965459624613e-05	1.2530282002780489e-05	7.835509599965564e-06	3.274435686841912e-06
EF105387_EU003591	0.9999939469650396	4.748290927679379e-07	4.1750733243286146e-07	1.3036050582901048e-06	1.90603338413683e-07	7.618291902894545e-07	1.551165759556822e-06	7.121578083733492e-07	4.5109139895087446e-07	1.9024598129023995e-07
AF100461_JX475906.1	0.003319164390839675	0.006717482489950844	0.0013824168979006443	0.014865622905530479	0.00060579777971872	0.010844017900612965	0.0050883617010827895	0.9076671766608115	0.048905246279470106	0.0006047129940822147
AF100465_GQ398257.2	0.007083762181161051	0.008187791109498485	0.010740788012696623	0.022215222769022516	0.0031322973794323345	0.02302575384214763	0.03646735837127585	0.47422009462437265	0.4118002432491116	0.0031266884612813003
EF105378_EF457904.2	0.9999834165142735	1.2602443338761974e-06	1.1081195687740692e-06	3.45992778114822e-06	1.0378399353070198e-06	2.021910429948361e-06	4.117019381032447e-06	1.879102344323457e-06	1.1943733531149823e-06	5.049485989640567e-07
EF105385_EF105385.1	1.0	0.0	0.0	0.0	0.0	0.0	0.0	0.0	0.0	0.0
EU003591	1.0	0.0	0.0	0.0	0.0	0.0	0.0	0.0	0.0	0.0
EF105387	1.0	0.0	0.0	0.0	0.0	0.0	0.0	0.0	0.0	0.0
AF100461_JX649148	0.001602470254961885	0.00944932090504315	0.0008603952284572059	0.013806424802381345	0.00038296941224011974	0.014584633021355058	0.0031797277253491794	0.936447772245922	0.019304002764639543	0.0003822836396505509
AY037116_JX475906.1	0.010477183753322778	0.002110454196006195	0.0011047120866688382	0.024264079568060686	0.0005001060773230714	0.003956711947294877	0.004096436067728139	0.8730765362225162	0.07991456952921265	0.0004992105518665335
GQ398257_GQ398257.2	5.1077923003440535e-09	5.957225038673098e-09	5.6004395921501305e-09	1.6328251063176693e-08	2.375433638628468e-09	1.0569326524547068e-08	2.0455713220835752e-08	0.9999998842563952	4.697824335397486e-08	2.3711800189856534e-09
AF100465_JQ922552	0.0017250512206438454	0.002005261192722536	0.010445279648322536	0.005475814926359875	0.0007876498783755894	0.024979463951872748	0.031078968545939455	0.05467187362649669	0.8680443975529498	0.0007862394563169632
EF105389_EF457904.2	0.9998766258368748	2.2801050085221958e-06	2.004878731936851e-06	6.25991019548902e-06	9.525494835890522e-05	3.658123971278164e-06	7.4487773485634905e-06	3.3943208193866876e-06	2.1595090640306885e-06	9.135896272399493e-07
EF105378_EF105383.3	0.9999936121506666	5.012543478016648e-07	4.4074905330154217e-07	1.376167792832574e-06	2.061429210928166e-07	8.041957753672499e-07	1.637526216397748e-06	7.462229948480954e-07	4.7474829771584443e-07	2.0084193400167508e-07
EF105385.1	1.0	0.0	0.0	0.0	0.0	0.0	0.0	0.0	0.0	0.0
EF105385	1.0	0.0	0.0	0.0	0.0	0.0	0.0	0.0	0.0	0.0
AF100466_JX649148	0.001200910177415795	0.09564135328125736	0.001137857791745982	0.004906974528036788	0.0005181665062713489	0.0036613805689443032	0.00424808104119887	0.8847037863320714	0.0034642511323605394	0.000517238640697548
AF100461_KJ734727.1	0.0013324122357921738	0.005316945256089237	0.000978654302159813	0.02225516857485109	0.0004418919700829421	0.03108509802588538	0.0036276219196930692	0.9243466087853042	0.010174498243267683	0.00044110068687438543
AY037116_GU131843.1	0.015530453490870231	0.0012985548654286148	0.000796858610832693	0.03266307660021606	0.0003618392905108001	0.0028875918373183255	0.002956947210357451	0.9061249318647921	0.03701855487423234	0.00036119135544147033
FJ882602_JX475906.1	4.8085048085367676e-05	4.116447912598884e-05	3.5083249127113344e-05	0.00014037231910415073	1.6009312843169138e-05	6.688832164481502e-05	0.00013033395141570357	0.0013498131000681838	0.9981562695730689	1.5980645516570416e-05
GQ398257.2	0.0	0.0	0.0	0.0	0.0	0.0	0.0	1.0	0.0	0.0
GQ398257.1	0.0	0.0	0.0	0.0	0.0	0.0	0.0	1.0	0.0	0.0
GQ398257	0.0	0.0	0.0	0.0	0.0	0.0	0.0	1.0	0.0	0.0
AF100465_JQ922550	0.0016044966792138748	0.0018677282020011234	0.01399721451291755	0.005108257129879995	0.0007383078399708273	0.03371213800242475	0.041031566393718424	0.03690570461475951	0.8642976008516592	0.0007369857734547864
JQ922552	0.0	0.0	0.0	0.0	0.0	0.0	0.0	0.0	1.0	0.0
EF105389_JF260983.1	0.9985223544525446	2.1706402970111325e-05	1.9086272880642948e-05	5.9593805699511947e-05	0.0012099533892239826	3.482502310637825e-05	7.091171942645852e-05	3.2313369890079795e-05	2.055826941710106e-05	8.697294840846468e-06
EF457904_EF457904.2	0.9999999999998895	8.26881754202047e-15	7.270707560705212e-15	2.2701610536001025e-14	8.292023173893513e-15	1.3266212808094253e-14	2.7013046395071974e-14	1.2309418757608042e-14	7.831446716324695e-15	3.3131396519792056e-15
EF105383_EF105383.3	1.0	0.0	0.0	0.0	0.0	0.0	0.0	0.0	0.0	0.0
EF105378	1.0	0.0	0.0	0.0	0.0	0.0	0.0	0.0	0.0	0.0
AF100466_JN819419	9.540803657894214e-06	0.998892679545498	1.1413241226447104e-05	3.144912727463506e-05	4.436854818305857e-06	1.9020106315480393e-05	0.0002843092896823	0.0007304402641465626	1.2281857507446203e-05	4.4289098729475845e-06
EU482449_JX649148	7.16982013787434e-07	2.353580071968641e-05	7.133604966182776e-07	2.5535252605522675e-06	3.253445441483318e-07	1.6834249296167585e-06	2.655320763507376e-06	0.9999661839033545	1.3075759583672491e-06	3.24761959235266e-07
AF204178_KJ734727.1	0.005031879898166038	0.007798134201556383	0.004968852895054671	0.17253290331691828	0.002265800295520324	0.2969972074016384	0.01845661764305886	0.4796765637555379	0.010010297599050644	0.002261742993498447
AF100461_M84728	5.804584457386624e-05	0.0001236247771251323	5.382911050628663e-05	0.00045308242021510506	2.450081592166636e-05	0.0005331573043486129	0.0001998680173470096	0.9983360654526305	0.0001933693143036761	2.4456943027922625e-05
GQ398259_GU131843.1	0.04311999799642752	0.001247040446430079	0.0009524294627433266	0.015577709165224378	0.00043397972368298666	0.0023366329606511467	0.0035370643717319455	0.9162321687668753	0.016129774497308912	0.00043320260892435684
AY037116_FJ196852	0.0007397786642778596	0.000263167793691333	0.0002190933351961221	0.2097724839567357	9.994749483727854e-05	0.0051353228918802635	0.0008138731407320299	0.7813303513963851	0.0015262128044673982	9.976852179694151e-05
0.301	3.8286575658615075e-06	3.3478844523207257e-06	2.8604102339955982e-06	1.1241567986774455e-05	1.3053135330895296e-06	5.434587536168881e-06	1.062647543934e-05	0.00010154479595954658	0.9998585073310604	1.3029762324446076e-06
JX475906_JX475906.1	9.52750251884393e-11	1.1000786437950772e-10	9.66344361866506e-11	3.0434826244035335e-10	4.411315835733886e-11	1.7656484002298043e-10	3.590274016901351e-10	2.7338276110545656e-10	0.999999998496612	4.403416623001538e-11
0.973	0.004830419935489847	0.005638767253220104	0.077961163068083	0.015470837460455607	0.0022574805586425698	0.18807099104833672	0.2249347885425182	0.026085573384030867	0.4524965405947669	0.0022534381544562754
JQ922550	0.0	0.0	0.0	0.0	0.0	0.0	0.0	0.0	1.0	0.0
JF260983_JF260983.1	0.0	0.0	0.0	0.0	1.0	0.0	0.0	0.0	0.0	0.0
EF105389	1.0	0.0	0.0	0.0	0.0	0.0	0.0	0.0	0.0	0.0
EF457904.2	1.0	0.0	0.0	0.0	0.0	0.0	0.0	0.0	0.0	0.0
EF457904.1	1.0	0.0	0.0	0.0	0.0	0.0	0.0	0.0	0.0	0.0
EF457904	1.0	0.0	0.0	0.0	0.0	0.0	0.0	0.0	0.0	0.0
EF105383.3	1.0	0.0	0.0	0.0	0.0	0.0	0.0	0.0	0.0	0.0
EF105383.2	1.0	0.0	0.0	0.0	0.0	0.0	0.0	0.0	0.0	0.0
EF105383.1	1.0	0.0	0.0	0.0	0.0	0.0	0.0	0.0	0.0	0.0
EF105383	1.0	0.0	0.0	0.0	0.0	0.0	0.0	0.0	0.0	0.0
AF208496_JN819419	4.6710425862752905e-07	0.9987218818196837	9.038410120183679e-06	1.5062098105039874e-06	2.1864553162812155e-07	8.864417601503233e-07	0.0012574852760950598	7.764283409859034e-06	5.335553207307081e-07	2.1825400951088694e-07
AF100466_EU529701	1.0826051021840368e-08	0.9999990554490124	1.2427872959239883e-08	3.5409074808653454e-08	5.046299771233377e-09	2.121274790446118e-08	2.4356051741068415e-07	5.976542241641022e-07	1.3376936082826234e-08	5.037263510749536e-09
FJ639701_JX649148	1.3408509696176655e-07	5.937377543932283e-07	1.3726750740813398e-07	4.348770243041719e-07	6.265683823462843e-08	2.578128433756776e-07	5.100889006966738e-07	0.9999976486915649	1.5823782907866787e-07	6.254464047867032e-08
EU482449_FM210237.1	2.2389111687059028e-07	2.5948044054802765e-06	2.275797466075608e-07	7.441101370810467e-07	1.0385895755292861e-07	4.5449392417601475e-07	8.460421441544978e-07	0.9999944009878543	3.0055873329657646e-07	1.0367298037355075e-07
AF204178_M29095.1	0.0012749348158516047	0.0016665989190679756	0.0012910162833455149	0.13074039461418255	0.0005891203113239745	0.811511932217893	0.004796149711045491	0.045720879121030955	0.0018209086153458747	0.0005880653909131814
KJ734727_KJ734727.1	7.563647282149084e-08	9.04623099601345e-08	7.746219271949472e-08	0.9999982002827066	3.5358806645863625e-08	4.586472278496706e-07	2.877925459709381e-07	6.50492421999051e-07	8.856982468724961e-08	3.529549067159065e-08
AF100461_AJ487271	1.842122150215132e-06	2.7510679846661026e-06	1.8298023829536231e-06	8.77349967199224e-06	8.345307109375906e-07	8.008763630533107e-06	6.796973258319938e-06	0.9999649055709963	3.4246328726184497e-06	8.330363413189882e-07
M84728	0.0	0.0	0.0	0.0	0.0	0.0	0.0	1.0	0.0	0.0
GU131843_GU131843.1	1.0	0.0	0.0	0.0	0.0	0.0	0.0	0.0	0.0	0.0
GQ398259_GQ398259.1	8.5939497213178e-07	6.008999980564782e-08	5.006840446160212e-08	3.9848851946471e-07	2.2840795175015056e-08	1.028604472887758e-07	1.85991200293934e-07	0.9999979533457908	3.4411997573684683e-07	2.2799894834676353e-08
AY037116_FJ196854	0.0002734368959484604	0.00011907679754262467	0.00010060061024606948	0.19784142998815732	4.590132673837469e-05	0.006592177102856008	0.0003737207122114435	0.7940694032858803	0.000538434147836711	4.581913258264826e-05
DQ645550_FJ196852	0.0001923200068633318	0.0002115844824674381	0.00018577729536286083	0.9806050883676318	8.480597057590083e-05	0.0004418194756708476	0.0006902203310149195	0.017275603578764287	0.00022812638062768293	8.46541110209368e-05
FJ898454_KF041236	3.7827720628583704e-07	4.191569946752242e-07	3.668795299059821e-07	1.1921405816024049e-06	1.674713623874043e-07	6.737597294302804e-07	1.3630591745309656e-06	2.5723558266093066e-06	0.999992699727572	1.671720225234644e-07
FJ882602	0.0	0.0	0.0	0.0	0.0	0.0	0.0	0.0	1.0	0.0
JX475906.1	0.0	0.0	0.0	0.0	0.0	0.0	0.0	0.0	1.0	0.0
JX475906	0.0	0.0	0.0	0.0	0.0	0.0	0.0	0.0	1.0	0.0
AF100465_GQ868592	0.0012064850297110205	0.0014089614405277675	0.24478391586080617	0.003867472243674615	0.0005651103617934048	0.015696126824002427	0.6935895018892043	0.003425182824365963	0.03489314509062499	0.000564098435289334
HM582115	0.0	0.0	0.0	0.0	0.0	1.0	0.0	0.0	0.0	0.0
JF260983.1	0.0	0.0	0.0	0.0	1.0	0.0	0.0	0.0	0.0	0.0
JF260983	0.0	0.0	0.0	0.0	1.0	0.0	0.0	0.0	0.0	0.0
AF208496_GQ868553.1	7.609762665092295e-07	0.9984809051674111	5.7003356803739924e-05	2.4423359362899023e-06	3.5669129769985075e-07	1.428788665083353e-06	0.0014528508534137773	3.0497718805605444e-06	8.460057442702845e-07	3.560525810936674e-07
EU482545_JN819419	4.026309245048634e-05	0.9818431205746355	4.359749546176898e-05	0.00012911636412609354	1.8877012466968984e-05	7.54537836663626e-05	0.017714349800954175	7.183332505855473e-05	4.4545341223488485e-05	1.884320995646994e-05
EU482572_EU529701	1.911470360390037e-07	0.9999971396527072	1.9639784029278068e-07	6.130067827764283e-07	8.961626849650647e-08	3.5825751746220536e-07	7.421105670049111e-07	3.6881144850319346e-07	2.115440369760826e-07	8.945579528274571e-08
0.770	2.656318719509209e-09	0.99999994686959	2.736708058177925e-09	8.52271492075515e-09	1.2452062655469766e-09	4.9838528489643785e-09	2.0388684071841897e-08	8.40623907494411e-09	2.947709591958168e-09	1.2429765113449588e-09
0.201	5.660865134689347e-07	7.760141958036444e-07	5.812764075928301e-07	1.816591526222549e-06	2.6535153993030317e-07	1.0625345649322856e-06	2.1596562136877396e-06	0.999991878779189	6.288334667075248e-07	2.6487638273942904e-07
FJ639701	0.0	0.0	0.0	0.0	0.0	0.0	0.0	1.0	0.0	0.0
FM210213_FM210237.1	5.894045569829655e-07	7.028332803883517e-07	6.053267278430657e-07	1.8902417882047326e-06	2.763318771723315e-07	1.1047278805189715e-06	2.2489890684478082e-06	0.9999916539545495	6.523532133093104e-07	2.758370578148811e-07
EU482449_FM210227	6.825268110628679e-07	8.125853163455681e-07	7.009658947432419e-07	2.188873765573515e-06	3.1999120990747673e-07	1.2792486819707286e-06	2.604319934203333e-06	0.9999903366784755	7.5539169971192e-07	3.1941821106819616e-07
AF204178_AF204178.2	5.212965429168599e-09	6.126559185767439e-09	5.350013521819696e-09	0.9999997528768994	2.4422361585714226e-09	1.8152355183598842e-07	1.9876958435514172e-08	1.8298984372281488e-08	5.853968921424647e-09	2.437862918177277e-09
M29095_M29095.1	0.0	0.0	0.0	0.0	0.0	1.0	0.0	0.0	0.0	0.0
KJ734727.1	0.0	0.0	0.0	1.0	0.0	0.0	0.0	0.0	0.0	0.0
KJ734727	0.0	0.0	0.0	1.0	0.0	0.0	0.0	0.0	0.0	0.0
AF100461_DQ181804.2	7.572939445372714e-07	8.989162081574334e-07	7.762802723788017e-07	2.4971996985861108e-06	3.5435388794420685e-07	1.52840638035791e-06	2.8841019192017018e-06	0.9999890787164637	8.710118682570144e-07	3.5371935686796966e-07
AJ487271	0.0	0.0	0.0	0.0	0.0	0.0	0.0	1.0	0.0	0.0
GU131843.1	1.0	0.0	0.0	0.0	0.0	0.0	0.0	0.0	0.0	0.0
GU131843	1.0	0.0	0.0	0.0	0.0	0.0	0.0	0.0	0.0	0.0
GQ398259.1	0.0	0.0	0.0	0.0	0.0	0.0	0.0	1.0	0.0	0.0
GQ398259	0.0	0.0	0.0	0.0	0.0	0.0	0.0	1.0	0.0	0.0
0.985	0.0002490652762814376	0.0001535710149753017	0.0001322206908908355	0.13589843823439515	6.034312026205899e-05	0.01229328988657753	0.0004912132249149433	0.8502243138859656	0.0004373096001248567	6.023506561221492e-05
FJ196854	0.0	0.0	0.0	1.0	0.0	0.0	0.0	0.0	0.0	0.0
DQ645550	0.0	0.0	0.0	1.0	0.0	0.0	0.0	0.0	0.0	0.0
FJ196852	0.0	0.0	0.0	1.0	0.0	0.0	0.0	0.0	0.0	0.0
FJ898454_JQ955623	2.1023016126507356e-08	2.4505617640575643e-08	2.1543902554199773e-08	6.736985941361968e-08	9.83478577744946e-09	3.931879960448764e-08	8.00425750228404e-08	4.076438078430011e-08	0.9999996857653005	9.831762471571419e-09
KF041236	0.0	0.0	0.0	0.0	0.0	0.0	0.0	0.0	1.0	0.0
AF100465_FJ898449.2	0.0004003089252058531	0.00046751968896790503	0.380774448202876	0.0012833899159764796	0.0001875670433069178	0.0036054507487072937	0.604541158431818	0.0009781473200670128	0.007574778550553495	0.000187231172520981
AF100467_GQ868592	8.155642189888832e-05	9.525562215660257e-05	0.004632574456785292	0.00026150521375563855	3.822709292074061e-05	0.0004037692753536867	0.9935653412930997	0.00016660137816809772	0.0007170106050708595	3.81586407905333e-05
EU482444_GQ868553.1	0.0004427170244418293	0.2630133136886896	0.1249008933052358	0.0014196889689729684	0.00020756515237083402	0.0008296285942383672	0.6077189975517213	0.0007702467439371012	0.0004897554988290866	0.00020719347156305254
0.392	1.1373203917026953e-07	0.9998942681168526	3.9936446432376804e-06	3.648540967466444e-07	5.3316519508827676e-08	2.133180448208774e-07	0.00010049687745193539	3.1681547399749204e-07	1.261038308425797e-07	5.322104718693446e-08
EU920834_JN819419	1.5637329959180065e-05	0.0063147686607199745	1.607454620791325e-05	5.0145219917298356e-05	7.331466137517533e-06	2.9303533156065402e-05	0.9935149203641177	2.7201763505622674e-05	1.7298778381843965e-05	7.318337896938178e-06
EU482545	0.0	1.0	0.0	0.0	0.0	0.0	0.0	0.0	0.0	0.0
EU529701	0.0	1.0	0.0	0.0	0.0	0.0	0.0	0.0	0.0	0.0
EU482572	0.0	1.0	0.0	0.0	0.0	0.0	0.0	0.0	0.0	0.0
M20558_M20558.1	2.939865381771483e-11	0.9999999995676737	3.0193560584825755e-11	9.427450768290361e-11	1.378337935961837e-11	5.5091497372875945e-11	1.1218379885448056e-10	5.1119956119986374e-11	3.252217832203277e-11	1.3758697867971897e-11
0.978	6.7398077970727445e-09	0.9999992009604237	6.922289792003434e-09	2.1613094186837942e-08	3.1599122279966814e-09	1.2630210872544577e-08	7.255359309506573e-07	1.1827920897942294e-08	7.456155731318366e-09	3.154253866195548e-09
JX649148	0.0	0.0	0.0	0.0	0.0	0.0	0.0	1.0	0.0	0.0
FJ639702	0.0	0.0	0.0	0.0	0.0	0.0	0.0	1.0	0.0	0.0
0.808	5.198183481103748e-08	6.077716361070517e-08	5.338729661536363e-08	1.6669408940681767e-07	2.437133706785215e-08	9.741207134584136e-08	1.9835120655266486e-07	0.9999992651911737	5.7506130987937984e-08	2.4327696032039372e-08
FM210237_FM210237.1	4.744845508208196e-10	5.542483243453669e-10	4.873139798612985e-10	1.5215597546825346e-09	2.2245916887312342e-10	8.891590521178929e-10	1.810530143974851e-09	0.9999999932932864	5.248979642636201e-10	2.2206081778846058e-10
EU482449_FM210218	3.184467280478084e-08	3.720853855902686e-08	3.2705699535265426e-08	1.0211845403124516e-07	1.4930174317625574e-08	5.967539764766501e-08	1.21512327700054e-07	0.9999995498729254	3.522837081172225e-08	1.4903439294008612e-08
FM210204_FM210227	1.8799741327211762e-07	2.1962576802846863e-07	1.9308058726787705e-07	6.028635274806569e-07	8.814142130451093e-08	3.5229762045029944e-07	7.173572697536725e-07	0.9999973426803281	2.0797247533973166e-07	8.798358905620108e-08
AF204178.2	0.0	0.0	0.0	1.0	0.0	0.0	0.0	0.0	0.0	0.0
AF204178.1	0.0	0.0	0.0	1.0	0.0	0.0	0.0	0.0	0.0	0.0
AF204178	0.0	0.0	0.0	1.0	0.0	0.0	0.0	0.0	0.0	0.0
M29095.1	0.0	0.0	0.0	0.0	0.0	1.0	0.0	0.0	0.0	0.0
M29095	0.0	0.0	0.0	0.0	0.0	1.0	0.0	0.0	0.0	0.0
AF100461_EU726767.1	9.196000284438159e-09	1.0744645239249542e-08	9.444290800414332e-09	2.950624872086172e-08	4.311320827403013e-09	1.7259050341457446e-08	3.508860828416256e-08	0.9999998699652005	1.0181034287261236e-08	4.3036006721193275e-09
DQ181804_DQ181804.2	4.176989082724692e-14	4.8790589527385373e-14	4.289907303148207e-14	1.3395642251377144e-13	1.9583453769651388e-14	7.829089504245601e-14	1.5938402220179152e-13	0.9999999999994095	4.621279989905939e-14	1.9548386255508746e-14
AY858035_JN851127	8.693997780250078e-07	7.262301707933745e-07	6.326440314560938e-07	0.0004335771788552029	2.8876933843547916e-07	6.729384946492958e-05	2.3504160540940156e-06	0.9994926707688307	1.3024912284846964e-06	2.882522476805168e-07
AY037116_AY037116.2	1.0914399895942777e-10	1.2612799976615676e-10	1.1087561820324014e-10	1.6831848738958866e-09	5.06146414175703e-11	0.9999999887595984	4.119387367617889e-10	8.575655108676922e-09	1.2233671593006235e-10	5.0524007269234193e-11
FJ898454_JQ922549.3	1.630580368564227e-08	1.9037087392424705e-08	1.6738529414389506e-08	5.2280951999803556e-08	7.641146725371114e-09	3.0542945343379656e-08	6.218908121339283e-08	2.9075076021356548e-08	0.9999997584958924	7.69348575030011e-09
JQ955623	0.0	0.0	0.0	0.0	0.0	0.0	0.0	0.0	1.0	0.0
0.524	2.999571191305221e-05	3.5034326235681987e-05	0.9817430839600092	9.618024774724225e-05	1.4059956277164365e-05	0.0001391367587641708	0.017627809252912397	6.0349154121058554e-05	0.00024031585249262874	1.4034779527277263e-05
AF100465	0.0	0.0	0.0	0.0	0.0	0.0	1.0	0.0	0.0	0.0
AF100467_AF100468	9.144299106573417e-07	1.0680701492595421e-06	1.110077651005055e-05	2.932299662135797e-06	4.2870223679654775e-07	2.274162006654401e-06	0.9999767964657473	1.6453858174587427e-06	2.4117733874060825e-06	4.2793457232114927e-07
GQ868592	0.0	0.0	0.0	0.0	0.0	0.0	1.0	0.0	0.0	0.0
EU482444_GU131959	6.188748162003639e-07	4.6394989064674817e-05	0.9998396956746939	1.9845847504784186e-06	2.901556771832395e-07	1.1597382125661412e-06	0.00010780554448275481	1.0761735701182473e-06	6.846286283018187e-07	2.8963610395408223e-07
0.947	4.316462559248255e-06	0.0015585510412236623	0.0007409327163860048	1.384187420138195e-05	2.023746995251956e-06	8.088822738871436e-06	0.997657942015288	7.508117021189638e-06	4.775080455273295e-06	2.0201231310852167e-06
EU677142_EU677142.1	5.007689882533189e-11	0.9999999992284765	5.273941089210836e-11	1.6058477769606167e-10	2.3478246401777926e-11	9.384147657561848e-11	2.248554542576012e-10	8.711349654083131e-11	5.5397518630448505e-11	2.343620459712898e-11
AF208496_EU920849.1	1.6490531790428834e-08	0.9999994162801067	2.555841044153388e-08	5.2881538482785296e-08	7.7314717427708e-09	3.0902792032824375e-08	3.9525588878179317e-07	2.893838978086161e-08	1.824324280247941e-08	7.71762722392998e-09
EU920834_EU920835	1.2237003356801203e-06	0.0001535096679599696	1.2571355209868348e-06	3.924116889821203e-06	5.737244209925447e-07	2.293148998672477e-06	0.9998331640502923	2.1280429467169e-06	1.3537155651439226e-06	5.726970695619085e-07
EU920840_JN819419	1.576570427992472e-08	2.5479757345008767e-06	1.6197775183768435e-08	5.055687752300038e-08	7.391654010292599e-09	2.954408853315392e-08	0.9999972803309918	2.7417980755172857e-08	1.744077515881062e-08	7.378417993061355e-09
M20558.1	0.0	1.0	0.0	0.0	0.0	0.0	0.0	0.0	0.0	0.0
M20558	0.0	1.0	0.0	0.0	0.0	0.0	0.0	0.0	0.0	0.0
AF100466_FJ898450	8.925406089120823e-07	0.9993357659595501	9.166738207896833e-07	2.8621659217288564e-06	4.1846221741533535e-07	1.6725730728381086e-06	0.000654514583517297	1.5519579520389257e-06	9.873704493550755e-07	4.17712889441837e-07
EU482561_EU482576.1	1.502107169606216e-08	0.9999997785207245	1.5427222812895688e-08	4.8169012039094663e-08	7.042537801400841e-09	2.8148679793720207e-08	5.7905196971368474e-08	2.611861104410182e-08	1.6617016410988437e-08	7.029926936287129e-09
FM210235_FM210235.2	8.111836741928753e-15	9.474862897857088e-15	8.331170613974803e-15	2.6012735265402133e-14	3.803185156181413e-15	1.5201145382645366e-14	3.095301199684826e-14	0.9999999999998853	8.97369551840356e-15	3.7963749044852806e-15
0.359	2.6737834729551632e-08	3.1232234367895095e-08	2.7460790498544938e-08	8.574190894444674e-08	1.2535869862035077e-08	5.010528780532803e-08	1.0202578006716835e-07	0.9999996220681829	2.9578688593744516e-08	1.251342224892014e-08
FM210237.1	0.0	0.0	0.0	0.0	0.0	0.0	0.0	1.0	0.0	0.0
FM210237	0.0	0.0	0.0	0.0	0.0	0.0	0.0	1.0	0.0	0.0
EU482664_FM210218	2.7054537773480657e-08	3.1600576994779895e-08	2.7786058392096415e-08	8.675748278700147e-08	1.2684354901925897e-08	5.0698748668161647e-08	1.0323425587595605e-07	0.9999996175933386	2.992900469113259e-08	1.2661641401021321e-08
EU482449_FM210241	2.314369056003667e-08	2.703256831427212e-08	2.3769466809357927e-08	7.421632365146336e-08	1.085077806249145e-08	4.337003114844695e-08	8.831131007970533e-08	0.9999996728718423	2.5602640915574108e-08	1.0831347893654063e-08
FM210204_FM210204.1	1.304789028300265e-11	1.524033788800511e-11	1.3400688819924608e-11	4.184148773073524e-11	6.117423728524721e-12	2.4451044301536794e-11	4.978792309805039e-11	0.9999999998155725	1.4434190669494377e-11	6.106469437946617e-12
FM210227	0.0	0.0	0.0	0.0	0.0	0.0	0.0	1.0	0.0	0.0
AF100461_FJ687434.2	2.3194246412934185e-11	2.7093113922998017e-11	2.3821227425549628e-11	7.634463159225961e-11	1.0874404795442072e-11	4.3476670886572496e-11	8.850361411395131e-11	0.9999999996701749	2.5662188776409693e-11	1.0854932318909432e-11
AF100462_EU726767.1	9.636521455730764e-07	1.1255735938212057e-06	9.897080772428081e-07	3.0902042831715005e-06	4.5180242267825253e-07	1.8058331094049066e-06	3.6770878193202575e-06	0.9999863791075513	1.0660376041095602e-06	4.509933933807015e-07
DQ181804.2	0.0	0.0	0.0	0.0	0.0	0.0	0.0	1.0	0.0	0.0
DQ181804.1	0.0	0.0	0.0	0.0	0.0	0.0	0.0	1.0	0.0	0.0
DQ181804	0.0	0.0	0.0	0.0	0.0	0.0	0.0	1.0	0.0	0.0
AY858035_JN851129.1	1.7704820575955618e-08	1.6266183337988328e-08	1.421233020654461e-08	9.58296143404584e-06	6.4874335279352166e-09	1.0351167775725954e-06	5.280248071591753e-08	0.9999892431879635	2.478475994631884e-08	6.475816671674849e-09
AY858036_JN851127	1.2149925474995417e-06	1.4093300909296897e-06	1.2390120335329381e-06	0.00021422456841603492	5.656087282654543e-07	0.0001450300546334488	4.603331083800433e-06	0.9996297928618344	1.3556447226390546e-06	5.645959093668039e-07
AY037116.2	0.0	0.0	0.0	0.0	0.0	1.0	0.0	0.0	0.0	0.0
AY037116.1	0.0	0.0	0.0	0.0	0.0	1.0	0.0	0.0	0.0	0.0
AY037116	0.0	0.0	0.0	0.0	0.0	1.0	0.0	0.0	0.0	0.0
FJ898454_KJ010186.1	6.097806237144362e-07	7.122409752935395e-07	6.262679752855743e-07	1.9554214002093337e-06	2.858917643776933e-07	1.1426954901069606e-06	2.3267894810392343e-06	1.0603127166909644e-06	0.9999909376958742	3.429036990506905e-07
JQ922549_JQ922549.3	0.0	0.0	0.0	0.0	0.0	0.0	0.0	0.0	1.0	0.0
AF100469_JX966379	3.963149056576534e-06	4.629008065982546e-06	0.9991930422133369	1.270850540330523e-05	1.8579575366824857e-06	1.0909788868758028e-05	0.0007507153459291906	7.235206630279342e-06	1.308419462552193e-05	1.8546305468144269e-06
FJ898449_FJ898449.2	2.2134120818526773e-14	2.585317692923968e-14	0.999999999998343	7.097820980657486e-14	1.037719757761142e-14	4.7663948182230376e-14	1.390846796678633e-12	3.909776861184101e-14	3.9936660688399216e-14	1.0358615435399233e-14
AF100467	0.0	0.0	0.0	0.0	0.0	0.0	1.0	0.0	0.0	0.0
AF100468	0.0	0.0	0.0	0.0	0.0	0.0	1.0	0.0	0.0	0.0
0.849	4.056079309927911e-09	2.3652587483381087e-07	0.999999172859438	1.3006884184035407e-08	1.90166801386703e-09	7.600874894618372e-09	5.506108121005815e-07	7.05307915714171e-09	4.487026724361674e-09	1.898262752938339e-09
FJ898439_GU131959	1.6556217091656773e-07	2.177503841497555e-06	0.999990977091528	5.309185928284562e-07	7.762281339865386e-08	3.1025460017585667e-07	5.212528352905912e-06	2.878816128945367e-07	1.8315267078878108e-07	7.74838165118608e-08
EU482605_EU482607	2.48826010371506e-06	0.0006806677688265311	0.0003238738420936855	7.979261007944798e-06	1.1666055066665671e-06	4.662867343901723e-06	0.9989709165065762	4.327738815740655e-06	2.7526332251205326e-06	1.1645165005298078e-06
FJ898466_GQ868553.1	9.810885667320728e-07	6.358945601980084e-05	3.0611314833190235e-05	3.1461183177688316e-06	4.5997738241556686e-07	1.8385073264060855e-06	0.9998961230402982	1.7060169511825765e-06	1.085326589983382e-06	4.591537144582794e-07
EU677142.1	0.0	1.0	0.0	0.0	0.0	0.0	0.0	0.0	0.0	0.0
EU677142	0.0	1.0	0.0	0.0	0.0	0.0	0.0	0.0	0.0	0.0
0.427	5.187362726346516e-08	0.9999949689168319	5.343359289769145e-08	1.66346417080009e-07	2.4320633363653484e-08	9.720839242304428e-08	4.4660360812441e-06	9.020228205660149e-08	5.738505861391123e-08	2.427708312147118e-08
EU482726_EU920849.1	4.2273423215001026e-08	0.9999993693674782	4.345142773035607e-08	1.3556083664755626e-07	1.9819636467103837e-08	7.921812088787616e-08	1.7025431318452452e-07	7.350576540157986e-08	4.676485215075194e-08	1.9784146027558062e-08
EU920834_EU920834.2	1.9553200433056573e-14	8.05460425036982e-14	2.008202640973655e-14	6.270247329276211e-14	9.16739870386649e-15	3.664164506943381e-14	0.9999999999997066	3.399905613496628e-14	2.1630670476087178e-14	9.150982912889114e-15
EU920835	0.0	0.0	0.0	0.0	0.0	0.0	1.0	0.0	0.0	0.0
JN819419	0.0	0.0	0.0	0.0	0.0	0.0	1.0	0.0	0.0	0.0
EU920840_FJ850088.1	5.623473597784075e-07	7.360105189397104e-07	5.775527070969213e-07	1.8033145192668793e-06	2.63653128178396e-07	1.0538086765637209e-06	0.9999931402317223	9.778052497900728e-07	6.220951058711774e-07	2.631810122835258e-07
FJ850085	0.0	0.0	0.0	0.0	0.0	0.0	1.0	0.0	0.0	0.0
EU482554_FJ898450	1.265617600420855e-07	0.9999864629131513	1.2998383168128716e-07	4.0585352747466803e-07	5.933770890118061e-08	2.3716992487628276e-07	1.2158875211324317e-05	2.2006485590395013e-07	1.4000857383930854e-07	5.923145461271083e-08
AF100466_JX669488	1.3694500942559115e-05	0.8130262489798064	1.4064783047691392e-05	4.3915014363557024e-05	6.420583202967701e-06	2.5662757477315527e-05	0.18682462290408225	2.381188980908122e-05	1.5149501214555347e-05	6.409086053643506e-06
EU482561_EU482575.1	1.1905975875818852e-09	0.9999999824902215	1.222789851334055e-09	3.8179638952842325e-09	5.582044138934987e-10	2.2311157796129273e-09	4.544605378503712e-09	2.070201826373173e-09	1.3170950646788303e-09	5.572048536826769e-10
EU482576_EU482576.1	3.5102174445207707e-10	0.99999999483807	3.6051293149215344e-10	1.1256434253329558e-09	1.6457440294995686e-10	6.577958506473826e-10	1.3394312501856222e-09	6.103538100375199e-10	3.8831676784408773e-10	1.6427970441154664e-10
FM210235.2	0.0	0.0	0.0	0.0	0.0	0.0	0.0	1.0	0.0	0.0
FM210235.1	0.0	0.0	0.0	0.0	0.0	0.0	0.0	1.0	0.0	0.0
FM210235	0.0	0.0	0.0	0.0	0.0	0.0	0.0	1.0	0.0	0.0
FM210213_FM210222	8.711754907070233e-10	1.017558408223043e-09	8.947309813249695e-10	2.793653043463477e-09	4.0844531274534247e-10	1.6325359717645486e-09	3.3242169776600497e-09	0.9999999876862347	9.637353204517104e-10	4.077139217481462e-10
FM210243	0.0	0.0	0.0	0.0	0.0	0.0	0.0	1.0	0.0	0.0
EU482664_FM210202	4.1923601348492854e-08	4.896797526842737e-08	4.3057162866373494e-08	1.3443903966757159e-07	1.9655624673934674e-08	7.856257183564539e-08	1.599713822308497e-07	0.9999994074243541	4.637786015854918e-08	1.962042792547854e-08
FM210218	0.0	0.0	0.0	0.0	0.0	0.0	0.0	1.0	0.0	0.0
FM210221_FM210241	2.338356362927605e-08	2.7312677307039214e-08	2.4015825815690397e-08	7.498553887406344e-08	1.096324112046981e-08	4.381953932278313e-08	8.922661400336605e-08	0.9999996694813919	2.5867998210966062e-08	1.0943609567345335e-08
EU482449	0.0	0.0	0.0	0.0	0.0	0.0	0.0	1.0	0.0	0.0
FM210204.1	0.0	0.0	0.0	0.0	0.0	0.0	0.0	1.0	0.0	0.0
FM210204	0.0	0.0	0.0	0.0	0.0	0.0	0.0	1.0	0.0	0.0
0.469	2.352846727937881e-09	2.7481932673476426e-09	2.4164646984172097e-09	8.195846242101596e-09	1.1031178080801363e-09	4.4091117277970405e-09	8.97795330991199e-09	0.9999999660924931	2.6028308479243926e-09	1.101142487496203e-09
AF100461_GQ868542	7.956520622108385e-10	9.293445428582661e-10	8.171654942337434e-10	2.551470818942777e-09	3.730366141598406e-10	1.4910091490557625e-09	3.0360359327261074e-09	0.9999999887537291	8.801877498014522e-10	3.7236862847679475e-10
EU726767_EU726767.1	0.0	0.0	0.0	0.0	0.0	0.0	0.0	1.0	0.0	0.0
AF100462_AF100462.1	5.79722149910018e-10	6.771321796632034e-10	5.953971085843443e-10	1.859031349616155e-09	2.7179919249624864e-10	1.0863681010101557e-09	2.2120941579908555e-09	0.9999999918058275	6.413159168078252e-10	2.713124896838188e-10
0.939	4.5558556834691175e-07	5.299407628620012e-07	4.659278448275395e-07	6.201455343857767e-06	2.126961325789806e-07	1.3523360475193258e-06	1.7310732046525676e-06	0.9999883320925448	5.065772866162591e-07	2.123152638759793e-07
AY858035_JX470186.1	2.740748330539422e-07	3.200159536779454e-07	2.8138528199609363e-07	1.988191559154988e-05	1.2845256340299606e-07	5.388795741113639e-07	1.0454379356850915e-06	0.9999770982900819	3.0332563723150364e-07	1.2822254717926089e-07
AY858036_AY858036.2	2.7166364340013586e-15	3.1729953335883683e-15	2.7899880109391584e-15	1.1161039901953736e-14	1.2736314465203555e-15	6.753298725681416e-15	1.0365714035496326e-14	0.9999999999999576	3.005405687399501e-15	1.2713507921838667e-15
0.618	8.295024380601319e-06	9.68074934891245e-06	8.512042863561348e-06	0.0006542546943756753	3.885752539046215e-06	0.0009139145225265231	3.1625009559930236e-05	0.9983567675482143	9.185861755021779e-06	3.878794436368262e-06
KF041233_KJ010186.1	9.748276328087782e-08	1.1386267675540371e-07	1.001185744631327e-07	3.1260408566688214e-07	4.570419859384398e-08	1.826774496075926e-07	3.7197310917887246e-07	1.6950227627063584e-07	0.999987240524677	1.1365550189206396e-05
FJ898454_FJ898454.1	1.1419650903325433e-10	1.3338481360236005e-10	1.1728423900385456e-10	3.662011016621487e-10	5.354033634728099e-11	2.1399810946494811e-10	4.357491431923928e-10	1.9856399536160746e-10	0.9999999983136066	5.3475107970954243e-11
JQ922549.3	0.0	0.0	0.0	0.0	0.0	0.0	0.0	0.0	1.0	0.0
JQ922549.2	0.0	0.0	0.0	0.0	0.0	0.0	0.0	0.0	1.0	0.0
JQ922549.1	0.0	0.0	0.0	0.0	0.0	0.0	0.0	0.0	1.0	0.0
JQ922549	0.0	0.0	0.0	0.0	0.0	0.0	0.0	0.0	1.0	0.0
JX966379	0.0	0.0	1.0	0.0	0.0	0.0	0.0	0.0	0.0	0.0
AF100469	0.0	0.0	1.0	0.0	0.0	0.0	0.0	0.0	0.0	0.0
FJ898449.2	0.0	0.0	1.0	0.0	0.0	0.0	0.0	0.0	0.0	0.0
FJ898449.1	0.0	0.0	1.0	0.0	0.0	0.0	0.0	0.0	0.0	0.0
FJ898449	0.0	0.0	1.0	0.0	0.0	0.0	0.0	0.0	0.0	0.0
0.761	3.983791659247302e-10	6.439659983121791e-10	0.9999999934944052	1.2775074368737245e-09	1.8677764101656168e-10	7.46541109329923e-10	1.932575633776044e-09	6.926988242995525e-10	4.4070577619326937e-10	1.8644318379339299e-10
EU482603_GQ868604.1	2.281647135420143e-08	2.7512546543149343e-08	0.999999658404404	7.316700852773488e-08	1.0697363368126133e-08	4.275683891727451e-08	8.905340564673939e-08	3.967309984831204e-08	2.524065403667756e-08	1.067820791446553e-08
GU131959	0.0	0.0	1.0	0.0	0.0	0.0	0.0	0.0	0.0	0.0
FJ898439	0.0	0.0	1.0	0.0	0.0	0.0	0.0	0.0	0.0	0.0
EU482605_GU131947.1	4.793676399496619e-07	3.7092051915657857e-06	1.985368568691111e-06	1.5372182579607517e-06	2.24748592609938e-07	8.983091575725436e-07	0.9999895776113272	8.335260736918408e-07	5.302990487641881e-07	2.2434614192158857e-07
EU482607	0.0	0.0	0.0	0.0	0.0	0.0	1.0	0.0	0.0	0.0
FJ898466_JN819408	8.288459883242555e-07	2.1429267252249683e-06	1.4082201779710968e-06	2.657912374286058e-06	3.8859938390042886e-07	1.5532127616045937e-06	0.9999882742778038	1.4411928233417888e-06	9.169084309918806e-07	3.879035304237652e-07
GQ868553_GQ868553.1	4.816662642741944e-09	7.439545430629836e-09	5.806678238235487e-09	1.544589394489516e-08	2.2582628885920462e-09	9.026166475981007e-09	0.9999999392489748	8.375177711127175e-09	5.328418827138943e-09	2.2542190837190828e-09
0.553	2.247421153666657e-06	0.9995948048960386	2.3082651667361793e-06	7.206946254887871e-06	1.0536896940026244e-06	4.211546248114998e-06	0.0003807214292202222	3.907800323152654e-06	2.4862030177896954e-06	1.0518028828874425e-06
FJ898460	0.0	1.0	0.0	0.0	0.0	0.0	0.0	0.0	0.0	0.0
0.875	1.0486628650122889e-08	0.9999995684902542	1.0770409855600548e-08	3.3628129264104046e-08	4.916591852784443e-09	1.9651377518342913e-08	3.173139453791641e-07	1.8234073478650215e-08	1.1600801983008463e-08	4.907787856494597e-09
EU482726_EU482726.1	0.0	1.0	0.0	0.0	0.0	0.0	0.0	0.0	0.0	0.0
EU920834.2	0.0	0.0	0.0	0.0	0.0	0.0	1.0	0.0	0.0	0.0
EU920834.1	0.0	0.0	0.0	0.0	0.0	0.0	1.0	0.0	0.0	0.0
EU920834	0.0	0.0	0.0	0.0	0.0	0.0	1.0	0.0	0.0	0.0
FJ850088_FJ850088.1	0.0	0.0	0.0	0.0	0.0	0.0	1.0	0.0	0.0	0.0
EU920840	0.0	0.0	0.0	0.0	0.0	0.0	1.0	0.0	0.0	0.0
EU482554_GQ398270	6.778089410884969e-09	0.9999998975601109	6.961360434467376e-09	2.173572407489515e-08	3.177865860356649e-09	1.2701774634444798e-08	2.862897012701145e-08	1.178568785665135e-08	7.498241387684263e-09	3.1721753495145983e-09
FJ898450	0.0	1.0	0.0	0.0	0.0	0.0	0.0	0.0	0.0	0.0
EU569708_JX669488	1.5071717836107794e-05	0.8118721048050063	1.5479238155798866e-05	4.833142208168639e-05	7.066282939729983e-06	2.8243587788450623e-05	0.18796376968986364	2.620658343916835e-05	1.6673043334301812e-05	7.0536295548961015e-06
AF100466_AF100466.1	0.0	0.0	0.0	0.0	0.0	0.0	1.0	0.0	0.0	0.0
0.967	4.3578573624121623e-10	0.9999999935915838	4.4756883514252045e-10	1.3974614296876413e-09	2.0431548327004602e-10	8.166390076995498e-10	1.6628688138372128e-09	7.577407621606546e-10	4.820866833568065e-10	2.0394962154905554e-10
EU482575_EU482575.1	1.9023583382300565e-10	0.9999999972025024	1.953795718065426e-10	6.100411697844013e-10	8.919090986796428e-11	3.5649171058663866e-10	7.258987529909418e-10	3.307805501224796e-10	2.1044782918787995e-10	8.90311983313801e-11
EU482576.1	0.0	1.0	0.0	0.0	0.0	0.0	0.0	0.0	0.0	0.0
EU482576	0.0	1.0	0.0	0.0	0.0	0.0	0.0	0.0	0.0	0.0
FM210213_FM210213.3	3.846667100358369e-21	4.49301803768598e-21	3.950676146795539e-21	1.2335348448900053e-20	1.803486397622293e-21	7.208447047573562e-21	1.4678048479649587e-20	1.0	4.2553641162689176e-21	1.8002569476234164e-21
FM210222	0.0	0.0	0.0	0.0	0.0	0.0	0.0	1.0	0.0	0.0
FM210217	0.0	0.0	0.0	0.0	0.0	0.0	0.0	1.0	0.0	0.0
EU482664_EU482664.1	3.788497828807461e-11	4.425074652134668e-11	3.890934051210591e-11	1.214881340053897e-10	1.7762140896047647e-11	7.099440964430793e-11	1.445608713868194e-10	0.9999999994645089	4.19101453145706e-11	1.7730334753249774e-11
FM210202	0.0	0.0	0.0	0.0	0.0	0.0	0.0	1.0	0.0	0.0
FM210241	0.0	0.0	0.0	0.0	0.0	0.0	0.0	1.0	0.0	0.0
FM210221	0.0	0.0	0.0	0.0	0.0	0.0	0.0	1.0	0.0	0.0
EU687246_FJ687434.2	3.862892779730234e-08	4.511970099306727e-08	3.9673405481046337e-08	1.1564167352646646e-06	1.8110937083625878e-08	7.238853100910918e-08	1.4739962157512863e-07	0.9999984214504972	4.2733137272853145e-08	1.8078506361763223e-08
DQ181802	0.0	0.0	0.0	0.0	0.0	0.0	0.0	1.0	0.0	0.0
GQ868542	0.0	0.0	0.0	0.0	0.0	0.0	0.0	1.0	0.0	0.0
AF169679_AF169680	5.0038397282890434e-08	5.8446290178588426e-08	5.139137269013415e-08	1.6046126431240645e-07	2.346019723154783e-08	9.376926251964133e-08	1.909356858808522e-07	0.999999292724513	5.5354829174941444e-08	2.3418187747016662e-08
AF100461_FJ906957	1.9988842608066894e-07	2.3347544262872813e-07	2.0529315803382385e-07	6.409947423500235e-07	9.371646884780358e-08	3.745801487975927e-07	7.627309387546156e-07	0.99999717464604	2.2112598085817196e-07	9.354865352598341e-08
EU726767.1	0.0	0.0	0.0	0.0	0.0	0.0	0.0	1.0	0.0	0.0
EU726767	0.0	0.0	0.0	0.0	0.0	0.0	0.0	1.0	0.0	0.0
AF100462.1	0.0	0.0	0.0	0.0	0.0	0.0	0.0	1.0	0.0	0.0
AF100462	0.0	0.0	0.0	0.0	0.0	0.0	0.0	1.0	0.0	0.0
JN851129_JN851129.1	0.0	0.0	0.0	0.0	0.0	0.0	0.0	1.0	0.0	0.0
GU370051	0.0	0.0	0.0	0.0	0.0	0.0	0.0	1.0	0.0	0.0
EU179859_JX470186.1	1.058851058260829e-05	1.2367580949526614e-05	1.0874716508351133e-05	0.000689697324934191	4.964315606946894e-06	1.9866040212476872e-05	4.0403113313184254e-05	0.9991945693399977	1.1713631741805025e-05	4.955426153135422e-06
0.860	8.018035054066967e-07	9.365212212265223e-07	8.234757232884364e-07	4.001627831482869e-06	3.759172371388082e-07	1.5044393854535427e-06	3.0594804868744224e-06	0.9999872344878836	8.870026323900819e-07	3.752440932089973e-07
AY858036.2	0.0	0.0	0.0	0.0	0.0	0.0	0.0	1.0	0.0	0.0
AY858036.1	0.0	0.0	0.0	0.0	0.0	0.0	0.0	1.0	0.0	0.0
AY858036	0.0	0.0	0.0	0.0	0.0	0.0	0.0	1.0	0.0	0.0
JN851126_JN851127	4.2548372661892797e-07	4.969397015911782e-07	4.369544820512807e-07	4.282265839401698e-06	1.9947001943480453e-07	4.973676740816769e-06	1.6234281931883658e-06	0.9999868919341112	4.70734351481509e-07	1.991128343432566e-07
HM488257_KC131142.1	0.0008141478420797945	0.0009509414361333342	0.0008361553414493732	0.05908005249555329	0.0003817054918039216	0.10313895850278296	0.0031065893980036555	0.8304097709625404	0.0009006565466365826	0.00038102198301688404
0.252	4.706351231009867e-06	5.497153878921689e-06	4.833605056240202e-06	1.5092151424074853e-05	2.206544056383351e-06	8.819448824025278e-06	1.79584169166889e-05	8.183365991516481e-06	0.9992071119447717	0.0007255910178492924
KJ010185_KJ010186.1	3.890948297769559e-08	4.54473975176844e-08	3.996154651494654e-08	1.247734773895323e-07	1.8242473665198423e-08	7.291427626409535e-08	1.4847015935333048e-07	6.765549916586618e-08	0.9999991603990028	2.832266842800087e-07
FJ898454.1	0.0	0.0	0.0	0.0	0.0	0.0	0.0	0.0	1.0	0.0
FJ898454	0.0	0.0	0.0	0.0	0.0	0.0	0.0	0.0	1.0	0.0
FJ850061_KJ189309.1	2.0051116314349854e-10	2.343333005671658e-10	0.999999997022698	6.429917122383339e-10	9.400843531975827e-11	3.75747124526052e-10	7.654084171714098e-10	3.486472109899735e-10	2.2181488189469484e-10	9.384009718217202e-11
EU482444_FJ850120	7.636301132999466e-10	8.920679468197403e-10	0.9999999886624187	2.4487805385475484e-09	3.580233189461298e-10	1.4310017196818408e-09	2.914137932492951e-09	1.3277939488626989e-09	8.447635569862339e-10	3.573822171288425e-10
EU482687_GQ868604.1	6.35552601940916e-09	7.4243569941365415e-09	0.9999999056402232	2.0380663566692535e-08	2.9797495927502728e-09	1.1909913588864168e-08	2.4253433411988684e-08	1.1050937938753e-08	7.030781884010603e-09	2.974413842876224e-09
EU482603_EU482634	4.744416156611353e-09	5.54190520276752e-09	0.9999999295614993	1.521421660661542e-08	2.224390564577529e-09	8.890780445596908e-09	1.8104334865399158e-08	8.249552961920152e-09	5.248496357694214e-09	2.2204074138780014e-09
EU482605_FJ639732	9.003011609168268e-09	1.2080150354294855e-08	9.988091778990717e-09	2.8870521519963077e-08	4.221007056401872e-09	1.6871159051940163e-08	0.9999998891386875	1.565436746372697e-08	9.959555003242657e-09	4.213448623329391e-09
GQ868555_GU131947.1	2.979098590640959e-07	3.7707558781252304e-07	3.1976484604493626e-07	9.553262141679867e-07	1.3967321957228265e-07	5.582670369689666e-07	0.9999963649948875	5.180033365036234e-07	3.2956190165100915e-07	1.3942311084987386e-07
JN819408	0.0	0.0	0.0	0.0	0.0	0.0	1.0	0.0	0.0	0.0
FJ898466	0.0	0.0	0.0	0.0	0.0	0.0	1.0	0.0	0.0	0.0
GQ868553.1	0.0	0.0	0.0	0.0	0.0	0.0	1.0	0.0	0.0	0.0
GQ868553	0.0	0.0	0.0	0.0	0.0	0.0	1.0	0.0	0.0	0.0
AF208496_AY702039	4.052732766169423e-08	0.999996675560464	4.162369706970791e-08	1.2996152134987222e-07	1.900099027536504e-08	7.594603013808268e-08	2.883111156052996e-06	7.046861124483089e-08	4.4833236545017094e-08	1.8966965761454458e-08
EU920833	0.0	0.0	0.0	0.0	0.0	0.0	1.0	0.0	0.0	0.0
0.866	6.292047132773327e-08	0.9999792119609355	6.462178159395233e-08	2.0177101842971675e-07	2.949987904096523e-08	1.1790957573006354e-07	2.0102858084035825e-05	1.0940561416204351e-07	6.960558553336724e-08	2.9447054476021822e-08
EU920849_EU920849.1	5.6933059557783935e-12	0.9999999999162559	5.847245815752152e-12	1.8257080989457876e-11	2.66927175678698e-12	1.0668948842503732e-11	2.174619466730732e-11	9.899474974386588e-12	6.29820289489185e-12	2.664491970433546e-12
EU482726.1	0.0	1.0	0.0	0.0	0.0	0.0	0.0	0.0	0.0	0.0
EU482726	0.0	1.0	0.0	0.0	0.0	0.0	0.0	0.0	0.0	0.0
FJ850088.1	0.0	0.0	0.0	0.0	0.0	0.0	1.0	0.0	0.0	0.0
FJ850088	0.0	0.0	0.0	0.0	0.0	0.0	1.0	0.0	0.0	0.0
0.976	6.422649453545914e-10	0.9999999905382685	6.59630982702519e-10	2.0595912489350214e-09	3.011220005257655e-10	1.2035699290620362e-09	2.467700900410104e-09	1.116765163294561e-09	7.105036984739838e-10	3.005827902242397e-10
GQ398270	0.0	1.0	0.0	0.0	0.0	0.0	0.0	0.0	0.0	0.0
FJ850072_JX669488	5.956962263722279e-05	0.025861193209383522	6.11803104055352e-05	0.0001910256419463127	2.792885407934354e-05	0.000111630265687529	0.9734901153494828	0.0001035791846083551	6.589871906687394e-05	2.7878842702549086e-05
EU569708	0.0	1.0	0.0	0.0	0.0	0.0	0.0	0.0	0.0	0.0
AF100466.1	0.0	0.0	0.0	0.0	0.0	0.0	1.0	0.0	0.0	0.0
AF100466	0.0	0.0	0.0	0.0	0.0	0.0	1.0	0.0	0.0	0.0
EU482561_GQ398285.1	3.8719882979006175e-09	0.9999999430607923	3.97668199771236e-09	1.241654751985609e-08	1.815358086579919e-09	7.25589760851406e-09	1.4774668706273376e-08	6.7325823610616645e-09	4.2833756162478364e-09	1.8121073782971192e-09
EU482590_EU482744.1	2.306920452029571e-08	0.9999996607576978	2.3692966832349444e-08	7.397746380763537e-08	1.0815855770946271e-08	4.323044726139606e-08	8.802708782233967e-08	4.0112548770163865e-08	2.5520239351458193e-08	1.0796488136428271e-08
EU482575.1	0.0	1.0	0.0	0.0	0.0	0.0	0.0	0.0	0.0	0.0
EU482575	0.0	1.0	0.0	0.0	0.0	0.0	0.0	0.0	0.0	0.0
FM210213.3	0.0	0.0	0.0	0.0	0.0	0.0	0.0	1.0	0.0	0.0
FM210213.2	0.0	0.0	0.0	0.0	0.0	0.0	0.0	1.0	0.0	0.0
FM210213.1	0.0	0.0	0.0	0.0	0.0	0.0	0.0	1.0	0.0	0.0
FM210213	0.0	0.0	0.0	0.0	0.0	0.0	0.0	1.0	0.0	0.0
EU482664.1	0.0	0.0	0.0	0.0	0.0	0.0	0.0	1.0	0.0	0.0
EU482664	0.0	0.0	0.0	0.0	0.0	0.0	0.0	1.0	0.0	0.0
FJ639828_FJ687434.2	4.118544665168181e-07	4.810578869123875e-07	4.229904939441245e-07	1.3225732627036689e-06	1.9309545348852006e-07	7.717930966567649e-07	1.5715474379186315e-06	0.9999941767254318	4.556127869181532e-07	1.9274968314454976e-07
EU687246_FJ639831.1	2.6217879763182587e-07	3.062323918677229e-07	2.692677829860214e-07	1.7518846188927177e-05	1.2292092945332557e-07	4.913089514842986e-07	1.0004175047054575e-06	0.9999796160921138	2.9003452037828904e-07	1.2270081856365742e-07
AF169679_AF169679.1	0.0	0.0	0.0	0.0	0.0	0.0	0.0	1.0	0.0	0.0
AF169680	0.0	0.0	0.0	0.0	0.0	0.0	0.0	1.0	0.0	0.0
EU482464_FJ906957	1.7306027801750642e-07	2.0213939247923907e-07	1.777396105469781e-07	5.54963238647342e-07	8.113825533387832e-08	3.2430564371200864e-07	6.60360536633376e-07	0.9999975538526598	1.9144742131663603e-07	8.09929634487039e-08
AF100461_AF100461.1	1.1924138397805468e-10	1.3927737313162825e-10	1.2246552121682243e-10	3.8237881847418455e-10	5.590559526662567e-11	2.2345193380656273e-10	4.54999293972527e-10	0.9999999983145641	1.3191042877277669e-10	5.5805486763002316e-11
JN851129.1	0.0	0.0	0.0	0.0	0.0	0.0	0.0	1.0	0.0	0.0
JN851129	0.0	0.0	0.0	0.0	0.0	0.0	0.0	1.0	0.0	0.0
JX470186_JX470186.1	1.3937758183921243e-07	1.62797031678605e-07	1.431461757658721e-07	0.999989651073119	6.53463283935318e-08	2.611862884493508e-07	5.318346605735796e-07	8.825823460611064e-06	1.5418603923027267e-07	6.522931464702651e-08
EU179859	0.0	0.0	0.0	0.0	0.0	0.0	0.0	1.0	0.0	0.0
AY858035_AY858035.1	3.2261890072326784e-09	3.768281591303419e-09	3.3134209697095714e-09	1.0371366320601706e-08	1.5125789678423744e-09	6.045738751465141e-09	1.2310437965461699e-08	0.999999954373154	3.568962236402246e-09	1.509870437213898e-09
JN851130	0.0	0.0	0.0	0.0	0.0	0.0	0.0	1.0	0.0	0.0
JN851126	0.0	0.0	0.0	0.0	0.0	0.0	0.0	1.0	0.0	0.0
JN851127	0.0	0.0	0.0	0.0	0.0	0.0	0.0	1.0	0.0	0.0
KC131142_KC131142.1	0.0	0.0	0.0	1.0	0.0	0.0	0.0	0.0	0.0	0.0
HM488257	0.0	0.0	0.0	0.0	0.0	1.0	0.0	0.0	0.0	0.0
KJ830750_KJ830750.1	0.0	0.0	0.0	0.0	0.0	0.0	0.0	0.0	0.0	1.0
KF041233	0.0	0.0	0.0	0.0	0.0	0.0	0.0	0.0	1.0	0.0
KJ010186_KJ010186.1	0.0	0.0	0.0	0.0	0.0	0.0	0.0	0.0	1.0	0.0
KJ010185_KJ010185.2	0.0	0.0	0.0	0.0	0.0	0.0	0.0	0.0	1.0	0.0
FJ850061_FJ873808.2	1.3868898862303135e-08	1.6199276030807138e-08	0.999999794096656	4.447426710076406e-08	6.502348603504807e-09	2.5989569788284398e-08	5.292071974672703e-08	2.4115130693521884e-08	1.5342428396079128e-08	6.490705039284984e-09
GQ199898_KJ189309.1	2.6809502932271e-09	3.1314290830278006e-09	0.9999999601975106	8.597171311771567e-09	1.2569471858082405e-09	5.023956511366214e-09	1.0229929958507915e-08	4.6616149808236906e-09	2.9657933420428453e-09	1.2546964074862367e-09
EU482444_FJ850066.2	5.663234919353752e-09	6.614823139654002e-09	0.9999999159212966	1.8160650312499747e-08	2.655173134852922e-09	1.0612597339220293e-08	2.1609681356557597e-08	9.847187695596625e-09	6.264936899679068e-09	2.650418594486731e-09
FJ744744_FJ850120	1.3172480973874223e-08	1.538583892025501e-08	0.9999998044359635	4.2241020215683375e-08	6.1758373260601395e-09	2.46845201594109e-08	5.026333774346155e-08	2.2904204825251432e-08	1.4572018164304257e-08	6.164778435972579e-09
EU482687_JF357906.1	7.330704250877641e-10	8.562488225645332e-10	0.9999999891165323	2.350782871280506e-09	3.4369559560321995e-10	1.3737345092573492e-09	2.797241282155792e-09	1.274657006594016e-09	8.109569921778666e-10	3.430801500183249e-10
GQ868604_GQ868604.1	0.0	0.0	1.0	0.0	0.0	0.0	0.0	0.0	0.0	0.0
0.238	3.3789859235750016e-09	3.946758513863841e-09	0.9999999498341768	1.0835605911242533e-08	1.584216931680158e-09	6.332037701499236e-09	1.289349126604722e-08	5.875353765841037e-09	3.737993196036614e-09	1.5813801210588074e-09
EU482634	0.0	0.0	1.0	0.0	0.0	0.0	0.0	0.0	0.0	0.0
FJ024473_FJ639732	2.13576259590144e-09	2.5088005100879585e-09	2.2002279226835354e-09	6.848883757637734e-09	1.0013392606537498e-09	4.0023041186640585e-09	0.9999999742268075	3.713646986803757e-09	2.362681062483612e-09	9.99546191918406e-10
EU482605_HQ332189	8.214437027037334e-08	9.597282859361634e-08	8.437769969015843e-08	2.634174998679528e-07	3.851288675592894e-08	1.5393412736323038e-07	0.9999990094927219	1.4283197571010494e-07	9.087196694766455e-08	3.844392286340685e-08
GQ868558_GU131947.1	1.9165254152258654e-07	2.242186035832083e-07	1.970066373493544e-07	6.145842151458829e-07	8.985512462812398e-08	3.591465445433414e-07	0.999997688583141	3.332439107929274e-07	2.120150578969343e-07	8.969422370172276e-08
GQ868555	0.0	0.0	0.0	0.0	0.0	0.0	1.0	0.0	0.0	0.0
AF208496	0.0	1.0	0.0	0.0	0.0	0.0	0.0	0.0	0.0	0.0
AY702039	0.0	1.0	0.0	0.0	0.0	0.0	0.0	0.0	0.0	0.0
EU920842_FJ898453.1	7.840878485541486e-06	0.9939576829249206	8.052885998792521e-06	2.5143836402070426e-05	3.6761480328687564e-06	1.4693384141356626e-05	0.005956932771139215	1.363365695515196e-05	8.67394866176195e-06	3.6695652628094573e-06
FJ898451_FJ898451.2	2.6284393356852573e-15	0.99999999999996	2.6995090351647143e-15	8.428781133530391e-15	1.232327743786855e-15	4.925553804040122e-15	1.1570754684396006e-14	4.5703093468344495e-15	2.9077032503857764e-15	1.2301210507749e-15
EU920849.1	0.0	1.0	0.0	0.0	0.0	0.0	0.0	0.0	0.0	0.0
EU920849	0.0	1.0	0.0	0.0	0.0	0.0	0.0	0.0	0.0	0.0
EU482554_EU569714	2.307054246158136e-08	0.9999996607378182	2.3694340949886798e-08	7.398175426780048e-08	1.0816483056553927e-08	4.32329544913327e-08	8.8032397609903e-08	4.011487517178854e-08	2.552171944505299e-08	1.0797114298774055e-08
EU482565_EU482728.2	1.963973766863724e-09	0.9999999711189241	2.017077150491624e-09	6.297997754083112e-09	9.20797116416904e-10	3.680381101848206e-09	7.494118773676438e-09	3.4149419169317146e-09	2.1726401777855784e-09	9.191482721281424e-10
FJ850072_KC294201.2	2.334927825973319e-05	0.005626971474298221	2.3980613413900235e-05	7.487559381921039e-05	1.0947166634670013e-05	4.375529037038069e-05	0.9941187634104811	4.059953875871117e-05	2.5830070098352258e-05	1.0927563865654039e-05
JX669488	0.0	0.0	0.0	0.0	0.0	0.0	1.0	0.0	0.0	0.0
EU482561_GQ398286.2	9.89893449924842e-09	0.9999998544320275	1.0166589253649989e-08	3.174353359293534e-08	4.641055036627798e-09	1.8550070308548602e-08	3.777218997355498e-08	1.7212188332037917e-08	1.0950667047187287e-08	4.6327444360030374e-09
GQ398285_GQ398285.1	0.0	1.0	0.0	0.0	0.0	0.0	0.0	0.0	0.0	0.0
EU482744_EU482744.1	1.2037573885297708e-11	0.9999999998229824	1.2363054762265299e-11	3.8601642533789995e-11	5.643743062789426e-12	2.2557765377028707e-11	4.593277464783594e-11	2.093083743409914e-11	1.3316530550214299e-11	5.633636978234633e-12
EU482590_EU482590.2	7.011403797093121e-20	1.0	7.200983348454297e-20	2.248390793812792e-19	3.2872538866481974e-20	1.3138993232814806e-19	2.6753998242959546e-19	1.2191372984303976e-19	7.756344738030238e-20	3.281367497887771e-20
FJ687434_FJ687434.2	0.0	0.0	0.0	0.0	0.0	0.0	0.0	1.0	0.0	0.0
FJ639828	0.0	0.0	0.0	0.0	0.0	0.0	0.0	1.0	0.0	0.0
FJ196851_FJ639831.1	5.3002158116502786e-05	6.190804825053413e-05	5.443526989378564e-05	0.005365373269375997	2.4849738413504423e-05	9.932319075762019e-05	0.00020224475528116375	0.9940554248483504	5.8633480841831635e-05	2.4805240718485828e-05
EU687246	0.0	0.0	0.0	0.0	0.0	0.0	0.0	1.0	0.0	0.0
AF169679.1	0.0	0.0	0.0	0.0	0.0	0.0	0.0	1.0	0.0	0.0
AF169679	0.0	0.0	0.0	0.0	0.0	0.0	0.0	1.0	0.0	0.0
EU482464_JN368476	3.6025504424053865e-08	4.207882745513509e-08	3.699958881056485e-08	1.1552524263841228e-07	1.68903379214204e-08	6.750985573425778e-08	1.374655218775839e-07	0.9999994907919205	3.98531078455706e-08	1.6860092890543934e-08
FJ906957	0.0	0.0	0.0	0.0	0.0	0.0	0.0	1.0	0.0	0.0
AF100461.1	0.0	0.0	0.0	0.0	0.0	0.0	0.0	1.0	0.0	0.0
AF100461	0.0	0.0	0.0	0.0	0.0	0.0	0.0	1.0	0.0	0.0
JX470186.1	0.0	0.0	0.0	1.0	0.0	0.0	0.0	0.0	0.0	0.0
JX470186	0.0	0.0	0.0	1.0	0.0	0.0	0.0	0.0	0.0	0.0
AY858035.1	0.0	0.0	0.0	0.0	0.0	0.0	0.0	1.0	0.0	0.0
AY858035	0.0	0.0	0.0	0.0	0.0	0.0	0.0	1.0	0.0	0.0
KC131142.1	0.0	0.0	0.0	1.0	0.0	0.0	0.0	0.0	0.0	0.0
KC131142	0.0	0.0	0.0	1.0	0.0	0.0	0.0	0.0	0.0	0.0
KJ830750.1	0.0	0.0	0.0	0.0	0.0	0.0	0.0	0.0	0.0	1.0
KJ830750	0.0	0.0	0.0	0.0	0.0	0.0	0.0	0.0	0.0	1.0
KJ010186.1	0.0	0.0	0.0	0.0	0.0	0.0	0.0	0.0	1.0	0.0
KJ010186	0.0	0.0	0.0	0.0	0.0	0.0	0.0	0.0	1.0	0.0
KJ010185.2	0.0	0.0	0.0	0.0	0.0	0.0	0.0	0.0	1.0	0.0
KJ010185.1	0.0	0.0	0.0	0.0	0.0	0.0	0.0	0.0	1.0	0.0
KJ010185	0.0	0.0	0.0	0.0	0.0	0.0	0.0	0.0	1.0	0.0
FJ873808_FJ873808.2	0.0	0.0	1.0	0.0	0.0	0.0	0.0	0.0	0.0	0.0
FJ850061	0.0	0.0	1.0	0.0	0.0	0.0	0.0	0.0	0.0	0.0
GU369819_KJ189309.1	5.7394754117202314e-09	6.70387270484075e-09	0.999999914789404	1.8405135477116307e-08	2.6909180244791027e-09	1.0755467917247038e-08	2.190059503607583e-08	9.979754055462187e-09	6.349277719136178e-09	2.6860994767913625e-09
GQ199898	0.0	0.0	1.0	0.0	0.0	0.0	0.0	0.0	0.0	0.0
EU482444_EU482635.2	7.866596555600175e-09	9.188411501637826e-09	0.999999883209295	2.522630814899556e-08	3.6882057930840007e-09	1.4741578420025815e-08	3.00172285826121e-08	1.36783753299338e-08	8.702399200789583e-09	3.681601431548456e-09
FJ850066_FJ850066.2	4.606437978739798e-15	5.380452321466896e-15	0.9999999999999315	1.4771753336988154e-14	2.159700337825966e-15	8.632216768792598e-15	1.7577169589001686e-14	8.009637606546529e-15	5.095858406026213e-15	2.1558330260110487e-15
FJ744744	0.0	0.0	1.0	0.0	0.0	0.0	0.0	0.0	0.0	0.0
FJ850120	0.0	0.0	1.0	0.0	0.0	0.0	0.0	0.0	0.0	0.0
0.217	5.793402026839177e-10	6.766860635846325e-10	0.9999999913988789	1.8578065333224703e-09	2.716201188917161e-10	1.0856523490655911e-09	2.210636752759624e-09	1.0073521223596152e-09	6.408933877806005e-10	2.7113373674111806e-10
EU482687	0.0	0.0	1.0	0.0	0.0	0.0	0.0	0.0	0.0	0.0
GQ868604.1	0.0	0.0	1.0	0.0	0.0	0.0	0.0	0.0	0.0	0.0
GQ868604	0.0	0.0	1.0	0.0	0.0	0.0	0.0	0.0	0.0	0.0
EU482603	0.0	0.0	1.0	0.0	0.0	0.0	0.0	0.0	0.0	0.0
EU482693	0.0	0.0	1.0	0.0	0.0	0.0	0.0	0.0	0.0	0.0
0.848	1.110824102689778e-08	1.2977011237594004e-08	1.1409667988782699e-08	3.5621492618480406e-08	5.208031022921888e-09	2.0816245634210928e-08	0.9999998660572256	1.931492087819462e-08	1.228845882097644e-08	5.198705155089837e-09
FJ639732	0.0	0.0	0.0	0.0	0.0	0.0	1.0	0.0	0.0	0.0
EU482605_FJ850106.1	1.6505547228707528e-07	1.92790323021632e-07	1.6951873203040857e-07	5.2929372647535e-07	7.738525101252783e-08	3.093050687393103e-07	0.9999980098154799	2.869971383756042e-07	1.8259212862447722e-07	7.724667952170593e-08
HQ332189	0.0	0.0	0.0	0.0	0.0	0.0	1.0	0.0	0.0	0.0
GU131947_GU131947.1	0.0	0.0	0.0	0.0	0.0	0.0	1.0	0.0	0.0	0.0
GQ868558	0.0	0.0	0.0	0.0	0.0	0.0	1.0	0.0	0.0	0.0
EU920842_JX669476.1	5.629684036144867e-06	0.007866969370951889	5.781903620840328e-06	1.8053060592788523e-05	2.639443007988082e-06	1.0549724790413546e-05	0.9920717254253429	9.788849687545665e-06	6.2278213342424534e-06	2.634716635096985e-06
FJ898453_FJ898453.1	6.942386060469917e-10	0.9999999247286528	7.130099459834597e-10	2.2262584436980096e-09	3.2548953419789607e-10	1.3009657710189207e-09	6.77113422374256e-08	1.2071365494525718e-09	7.679994070777325e-10	3.249066896711862e-10
FJ898451.2	0.0	1.0	0.0	0.0	0.0	0.0	0.0	0.0	0.0	0.0
FJ898451.1	0.0	1.0	0.0	0.0	0.0	0.0	0.0	0.0	0.0	0.0
FJ898451	0.0	1.0	0.0	0.0	0.0	0.0	0.0	0.0	0.0	0.0
EU482554_EU482554.1	0.0	1.0	0.0	0.0	0.0	0.0	0.0	0.0	0.0	0.0
EU569714	0.0	1.0	0.0	0.0	0.0	0.0	0.0	0.0	0.0	0.0
EU482565_EU677143.1	5.691558409101701e-10	0.999999991630325	5.845450999083579e-10	1.8251477022015943e-09	2.6684524301911784e-10	1.0665674034115858e-09	2.1717755125057743e-09	9.896436353598472e-10	6.296269676541839e-10	2.6636741109817586e-10
EU482728_EU482728.2	5.255542740068536e-15	0.9999999999999227	5.397646014056944e-15	1.685327825243612e-14	2.464029144334641e-15	9.84860414474462e-15	2.0054012768943992e-14	9.138295786885125e-15	5.8139286307150066e-15	2.45961687988513e-15
FJ850072_FJ850072.1	0.0	0.0	0.0	0.0	0.0	0.0	1.0	0.0	0.0	0.0
KC294201_KC294201.2	0.0	0.0	0.0	0.0	0.0	0.0	1.0	0.0	0.0	0.0
EU482561_GQ398314.2	8.180042321245873e-10	0.9999999879709056	8.401220390325305e-10	2.6231454328323546e-09	3.835162927659452e-10	1.532895890941949e-09	3.1213269727876966e-09	1.422339232651895e-09	9.04914765307981e-10	3.828295414309336e-10
GQ398286_GQ398286.2	4.372237772619601e-16	0.9999999999999936	4.49045758984383e-16	1.4020728859453388e-15	2.049897000277269e-16	8.193338191493587e-16	1.668351232813657e-15	7.602412156630783e-16	4.836775119860449e-16	2.0462263100663688e-16
GQ398285.1	0.0	1.0	0.0	0.0	0.0	0.0	0.0	0.0	0.0	0.0
GQ398285	0.0	1.0	0.0	0.0	0.0	0.0	0.0	0.0	0.0	0.0
EU482744.1	0.0	1.0	0.0	0.0	0.0	0.0	0.0	0.0	0.0	0.0
EU482744	0.0	1.0	0.0	0.0	0.0	0.0	0.0	0.0	0.0	0.0
EU482590.2	0.0	1.0	0.0	0.0	0.0	0.0	0.0	0.0	0.0	0.0
EU482590.1	0.0	1.0	0.0	0.0	0.0	0.0	0.0	0.0	0.0	0.0
EU482590	0.0	1.0	0.0	0.0	0.0	0.0	0.0	0.0	0.0	0.0
FJ687434.2	0.0	0.0	0.0	0.0	0.0	0.0	0.0	1.0	0.0	0.0
FJ687434.1	0.0	0.0	0.0	0.0	0.0	0.0	0.0	1.0	0.0	0.0
FJ687434	0.0	0.0	0.0	0.0	0.0	0.0	0.0	1.0	0.0	0.0
FJ639831_FJ639831.1	4.950807946207491e-09	5.782686367963288e-09	5.084671574159783e-09	8.945682543812426e-08	2.3211560957260333e-09	9.277547547490524e-09	1.88912107941699e-08	0.9999998564412779	5.476816665228369e-09	2.3169996698385854e-09
FJ196851	0.0	0.0	0.0	1.0	0.0	0.0	0.0	0.0	0.0	0.0
GQ868623_JN368476	9.989377939706571e-08	1.166788133654523e-07	1.025947817112841e-07	3.203356424125027e-07	4.683458891800304e-08	1.8719556446634792e-07	3.811730255183656e-07	0.9999985880358823	1.1050719836013659e-07	4.6750723598404273e-08
EU482464_GU131927.1	1.9433624017952033e-09	2.269903294770727e-09	1.995908480002432e-09	6.231901998070335e-09	9.111336036751748e-10	3.6417565133932314e-09	7.415449999408818e-09	0.9999999725312427	2.149838916066902e-09	9.095020635541936e-10
FJ873808.2	0.0	0.0	1.0	0.0	0.0	0.0	0.0	0.0	0.0	0.0
FJ873808.1	0.0	0.0	1.0	0.0	0.0	0.0	0.0	0.0	0.0	0.0
FJ873808	0.0	0.0	1.0	0.0	0.0	0.0	0.0	0.0	0.0	0.0
KJ189308_KJ189309.1	5.437272946346709e-08	6.350891508524018e-08	0.9999991927602542	1.7436043893352354e-07	2.54923224262959e-08	1.0189156767241832e-07	2.0747455868076092e-07	9.454286819689463e-08	6.014967134558025e-08	2.5446674075002804e-08
GU369819_GU369819.1	0.0	0.0	1.0	0.0	0.0	0.0	0.0	0.0	0.0	0.0
EU482444_FJ906956	7.442526226487541e-10	8.69308513294223e-10	0.9999999889505217	2.3866415249514697e-09	3.4893830069586824e-10	1.3946893454547357e-09	2.8399068053866177e-09	1.2941005224972487e-09	8.23327265196191e-10	3.483134671533053e-10
EU482635_EU482635.2	2.1266795429346892e-18	2.4840229989888825e-18	1.0	6.819756562454401e-18	9.970807266963661e-19	3.985282966382467e-18	8.114948504113896e-18	3.697853422271172e-18	2.3526329619122557e-18	9.952952835924118e-19
FJ850066.2	0.0	0.0	1.0	0.0	0.0	0.0	0.0	0.0	0.0	0.0
FJ850066.1	0.0	0.0	1.0	0.0	0.0	0.0	0.0	0.0	0.0	0.0
FJ850066	0.0	0.0	1.0	0.0	0.0	0.0	0.0	0.0	0.0	0.0
0.495	1.6295527426973208e-09	1.90336456872524e-09	0.9999999758069946	5.225588898805197e-09	7.640058598751467e-10	3.0536941072616053e-09	6.218020310561911e-09	2.8334533081741874e-09	1.8026879077201778e-09	7.626377770736524e-10
EU596500_EU596500.1	0.0	0.0	1.0	0.0	0.0	0.0	0.0	0.0	0.0	0.0
FJ850108_JN819407	4.4930160110312354e-08	5.247973283534334e-08	4.614502036786017e-08	1.4408036005349382e-07	2.106523140367186e-08	8.41967010776686e-08	0.9999994582472228	7.812420393995052e-08	4.970385689310333e-08	2.1027510513942598e-08
FJ024473	0.0	0.0	0.0	0.0	0.0	0.0	1.0	0.0	0.0	0.0
FJ850106_FJ850106.1	1.6238446691529577e-09	1.8966974049041453e-09	1.667751403760405e-09	5.207284461663989e-09	7.613296644245636e-10	3.0429974847531588e-09	0.999999980420227	2.8235281554352093e-09	1.7963733682240403e-09	7.599663738074773e-10
EU482605	0.0	0.0	0.0	0.0	0.0	0.0	1.0	0.0	0.0	0.0
GU131947.1	0.0	0.0	0.0	0.0	0.0	0.0	1.0	0.0	0.0	0.0
GU131947	0.0	0.0	0.0	0.0	0.0	0.0	1.0	0.0	0.0	0.0
EU920846_JX669476.1	9.219492156179314e-08	0.0036633107777371454	9.468775643140232e-08	2.956472325296245e-07	4.322502640040218e-08	1.7276831937742747e-07	0.9963356852532281	1.6030779406608292e-07	1.0199035962318966e-07	4.3147624618140726e-08
EU920842	0.0	0.0	0.0	0.0	0.0	0.0	1.0	0.0	0.0	0.0
FJ898453.1	0.0	1.0	0.0	0.0	0.0	0.0	0.0	0.0	0.0	0.0
FJ898453	0.0	1.0	0.0	0.0	0.0	0.0	0.0	0.0	0.0	0.0
EU482554.1	0.0	1.0	0.0	0.0	0.0	0.0	0.0	0.0	0.0	0.0
EU482554	0.0	1.0	0.0	0.0	0.0	0.0	0.0	0.0	0.0	0.0
EU482721_EU677143.1	2.8771024135776166e-09	0.9999999576910056	2.954895648794271e-09	9.226184608318266e-09	1.3489119105134205e-09	5.39153502438185e-09	1.097839964133344e-08	5.002682722753481e-09	3.1827860457243707e-09	1.3464964536662627e-09
EU482565	0.0	1.0	0.0	0.0	0.0	0.0	0.0	0.0	0.0	0.0
EU482728.2	0.0	1.0	0.0	0.0	0.0	0.0	0.0	0.0	0.0	0.0
EU482728.1	0.0	1.0	0.0	0.0	0.0	0.0	0.0	0.0	0.0	0.0
EU482728	0.0	1.0	0.0	0.0	0.0	0.0	0.0	0.0	0.0	0.0
FJ850072.1	0.0	0.0	0.0	0.0	0.0	0.0	1.0	0.0	0.0	0.0
FJ850072	0.0	0.0	0.0	0.0	0.0	0.0	1.0	0.0	0.0	0.0
KC294201.2	0.0	0.0	0.0	0.0	0.0	0.0	1.0	0.0	0.0	0.0
KC294201.1	0.0	0.0	0.0	0.0	0.0	0.0	1.0	0.0	0.0	0.0
KC294201	0.0	0.0	0.0	0.0	0.0	0.0	1.0	0.0	0.0	0.0
EU482561_GQ398296.1	1.5045962657574542e-09	0.9999999778742826	1.5452786587983827e-09	4.824883133584033e-09	7.054207781468996e-10	2.819532396936211e-09	5.741213459576542e-09	2.6161799829935603e-09	1.664455174241447e-09	7.041576019265533e-10
0.792	6.709746026813149e-09	0.999999901330378	6.891169130990669e-09	2.1516563062254738e-08	3.145823481769565e-09	1.2573702812089392e-08	2.5602937529614855e-08	1.1666852860014265e-08	7.422636720790233e-09	3.1401903482715455e-09
GQ398286.2	0.0	1.0	0.0	0.0	0.0	0.0	0.0	0.0	0.0	0.0
GQ398286.1	0.0	1.0	0.0	0.0	0.0	0.0	0.0	0.0	0.0	0.0
GQ398286	0.0	1.0	0.0	0.0	0.0	0.0	0.0	0.0	0.0	0.0
FJ639831.1	0.0	0.0	0.0	0.0	0.0	0.0	0.0	1.0	0.0	0.0
FJ639831	0.0	0.0	0.0	0.0	0.0	0.0	0.0	1.0	0.0	0.0
GQ868638_JN368476	4.1776853689805593e-08	4.8796569156655774e-08	4.290644733595652e-08	1.3396845474734443e-07	1.9586822929907857e-08	7.828757461469022e-08	1.5941142495254363e-07	0.9999994094985821	4.621552098065236e-08	1.9551749382709273e-08
GQ868623	0.0	0.0	0.0	0.0	0.0	0.0	0.0	1.0	0.0	0.0
0.894	2.130653860829512e-09	2.4886651168331845e-09	2.188264064824536e-09	6.832501256705371e-09	9.989440613900476e-10	3.992730624146349e-09	8.130113640375768e-09	0.9999999698839426	2.357029539342806e-09	9.971552816675125e-10
FJ639710_GU131927.1	3.5691443744458296e-07	4.16886349534345e-07	3.665649554982035e-07	1.1445398932264833e-06	1.6733715610231853e-07	6.68838440059965e-07	1.3619081868068087e-06	0.999994955137529	3.948355420562217e-07	1.6703751038317186e-07
KJ189309_KJ189309.1	0.0	0.0	1.0	0.0	0.0	0.0	0.0	0.0	0.0	0.0
KJ189308_KJ189308.1	0.0	0.0	1.0	0.0	0.0	0.0	0.0	0.0	0.0	0.0
GU369819.1	0.0	0.0	1.0	0.0	0.0	0.0	0.0	0.0	0.0	0.0
GU369819	0.0	0.0	1.0	0.0	0.0	0.0	0.0	0.0	0.0	0.0
0.769	1.5898707393118815e-10	1.85701484503867e-10	0.999999997639613	5.098338131806354e-10	7.454011947276547e-11	2.979332169333856e-10	6.066602380492591e-10	2.764454557276845e-10	1.7587898087002988e-10	7.44066426752332e-11
FJ906956	0.0	0.0	1.0	0.0	0.0	0.0	0.0	0.0	0.0	0.0
EU482635.2	0.0	0.0	1.0	0.0	0.0	0.0	0.0	0.0	0.0	0.0
EU482635.1	0.0	0.0	1.0	0.0	0.0	0.0	0.0	0.0	0.0	0.0
EU482635	0.0	0.0	1.0	0.0	0.0	0.0	0.0	0.0	0.0	0.0
JF357906_JF357906.1	1.491481345637425e-11	1.7420931975549538e-11	0.9999999997785686	4.7828266973655285e-11	6.9927192787592815e-12	2.79495574271792e-11	5.691169765046665e-11	2.593375864521748e-11	1.649946832601668e-11	6.980197622207445e-12
FJ744708_HQ705625	6.258980312036242e-10	7.310669393970513e-10	0.9999999907076622	2.0071064396650803e-09	2.9344847269709214e-10	1.1728992131113606e-09	2.388291319638409e-09	1.08830650314399e-09	6.923978480432738e-10	2.929230031559458e-10
EU596500.1	0.0	0.0	1.0	0.0	0.0	0.0	0.0	0.0	0.0	0.0
EU596500	0.0	0.0	1.0	0.0	0.0	0.0	0.0	0.0	0.0	0.0
FJ850108_HQ332188	1.1317670067920846e-08	1.3219364913218797e-08	1.1623685691843803e-08	3.6293081848564756e-08	5.30622055086876e-09	2.1208704381752174e-08	0.9999998635353402	1.9679074419950208e-08	1.2520139078920932e-08	5.296718857939643e-09
JN819407	0.0	0.0	0.0	0.0	0.0	0.0	1.0	0.0	0.0	0.0
FJ850106.1	0.0	0.0	0.0	0.0	0.0	0.0	1.0	0.0	0.0	0.0
FJ850106	0.0	0.0	0.0	0.0	0.0	0.0	1.0	0.0	0.0	0.0
GQ199892_JX669476.1	1.3201902392429854e-07	0.0036567994303697412	1.3558865249683323e-07	4.2335367722310815e-07	6.189631378620312e-08	2.4739654313781307e-07	0.9963417629306609	2.2955362553105097e-07	1.460456552166712e-07	6.178547787928921e-08
EU920846	0.0	0.0	0.0	0.0	0.0	0.0	1.0	0.0	0.0	0.0
EU677143_EU677143.1	1.2834855951786733e-10	0.9999999981125808	1.3181894334333445e-10	4.115833689948773e-10	6.017543894643891e-11	2.405182904521838e-10	4.89750303248494e-10	2.231714513046861e-10	1.4198521481003632e-10	6.006768455943924e-11
EU482721_EU677146.1	4.4811913648840245e-10	0.9999999934102206	4.602357150382003e-10	1.4370117171536806e-09	2.1009792271751126e-10	8.397511357507308e-10	1.709925563723415e-09	7.791859793611279e-10	4.957304709441358e-10	2.0972170655243305e-10
EU482561_GQ398302	8.364917641501532e-09	0.999999876990387	8.591094507011194e-09	2.6824305603325492e-08	3.921840593451244e-09	1.5675405306182528e-08	3.191871390659135e-08	1.4544852058415122e-08	9.253665429969391e-09	3.9148178689567236e-09
GQ398296_GQ398296.1	0.0	1.0	0.0	0.0	0.0	0.0	0.0	0.0	0.0	0.0
GQ398314_GQ398314.2	1.6776467068038477e-19	1.0	1.723008166394906e-19	5.379814827398711e-19	7.86554421476897e-20	3.143819606693955e-19	6.401536460458807e-19	2.9170787092614107e-19	1.8558917134378474e-19	7.851459616299558e-20
GQ398308	0.0	1.0	0.0	0.0	0.0	0.0	0.0	0.0	0.0	0.0
JF730047_JN368476	4.397533290698239e-08	5.1364456244491106e-08	4.516437066956575e-08	1.4101845582464423e-07	2.0617566495750686e-08	8.240740630502099e-08	1.6780034546199375e-07	0.9999993784238366	4.864758212009033e-08	2.0580647226393097e-08
GQ868638	0.0	0.0	0.0	0.0	0.0	0.0	0.0	1.0	0.0	0.0
EU482464_GU131924	2.2400307142829975e-09	2.6164204340073646e-09	2.3005983310026466e-09	7.183246866968164e-09	1.0502247317136406e-09	4.1976969588406565e-09	8.547472022491086e-09	0.9999999683379384	2.4780273603637504e-09	1.0483441252044232e-09
FJ810411_FJ810411.1	4.3124054996701283e-10	5.037013911067829e-10	4.429007527391579e-10	1.3828860960291366e-09	2.0218450042017198e-10	8.081215733261617e-10	1.6455205334032903e-09	0.9999999939045636	4.770585844661604e-10	2.018224545874361e-10
GU131927_GU131927.1	0.0	0.0	0.0	0.0	0.0	0.0	0.0	1.0	0.0	0.0
FJ639710_FJ639710.2	2.538985357492066e-15	2.9656080734205845e-15	2.607636332234885e-15	8.141923455866858e-15	1.1903877919595747e-15	4.757921864967304e-15	9.6882181883941e-15	0.9999999999999643	2.8087450512669223e-15	1.188256199584675e-15
KJ189309.1	0.0	0.0	1.0	0.0	0.0	0.0	0.0	0.0	0.0	0.0
KJ189309	0.0	0.0	1.0	0.0	0.0	0.0	0.0	0.0	0.0	0.0
KJ189308.1	0.0	0.0	1.0	0.0	0.0	0.0	0.0	0.0	0.0	0.0
KJ189308	0.0	0.0	1.0	0.0	0.0	0.0	0.0	0.0	0.0	0.0
0.950	2.356211618830797e-10	2.752123078958652e-10	0.999999996501872	7.555811454262958e-10	1.1046954398744512e-10	4.4154137189663137e-10	8.990793189847444e-10	4.096961964596347e-10	2.606552142807821e-10	1.1027172942717089e-10
EU482762_EU482762.2	1.3664244280421814e-16	1.5960231135494685e-16	0.9999999999999979	4.381798842800478e-16	6.40639755159297e-17	2.5606058120119165e-16	5.213979654416197e-16	2.3759278939308836e-16	1.5116029869446404e-16	6.394925804097079e-17
JF357906.1	0.0	0.0	1.0	0.0	0.0	0.0	0.0	0.0	0.0	0.0
JF357906	0.0	0.0	1.0	0.0	0.0	0.0	0.0	0.0	0.0	0.0
0.900	1.0340777607145142e-09	1.2078326275771872e-09	0.9999999846476592	3.316041957590568e-09	4.848210481636458e-10	1.937806050461002e-09	3.945816757078132e-09	1.7980461602954864e-09	1.1439454680042002e-09	4.839528933854829e-10
HQ705625	0.0	0.0	1.0	0.0	0.0	0.0	0.0	0.0	0.0	0.0
0.759	3.023383740181326e-08	3.531399345670113e-08	3.1051322389402964e-08	9.695274105315798e-08	1.4174950178822272e-08	5.665658354880964e-08	0.9999996354505557	5.257035526396595e-08	3.344609331147634e-08	1.4149567512837413e-08
FJ850108	0.0	0.0	0.0	0.0	0.0	0.0	1.0	0.0	0.0	0.0
HM181971_JX669476.1	9.870217940843499e-09	5.975052891540405e-05	1.0137096235580116e-08	3.165144640552449e-08	4.627591453448226e-09	1.8496257024152057e-08	0.9999401419880151	1.7162256209388613e-08	1.0918899439283905e-08	4.619304961665508e-09
GQ199892_GQ199892.1	3.692816084174381e-09	0.9999990114782161	3.792665192392533e-09	1.1841984753957267e-08	1.7313542874840629e-09	6.920138526340882e-09	9.483083649612714e-07	6.421039145295256e-09	4.085166884108781e-09	1.7282540023312923e-09
EU677143.1	0.0	1.0	0.0	0.0	0.0	0.0	0.0	0.0	0.0	0.0
EU677143	0.0	1.0	0.0	0.0	0.0	0.0	0.0	0.0	0.0	0.0
EU677146_EU677146.1	6.407642181943657e-11	0.9999999990577292	6.58089677764095e-11	2.054778773104129e-10	3.0041839375415846e-11	1.200757647159917e-10	2.445017469228228e-10	1.1141557104787151e-10	7.088435234853326e-11	2.998804433805647e-11
EU596490_EU596490.1	0.0	1.0	0.0	0.0	0.0	0.0	0.0	0.0	0.0	0.0
EU482721	0.0	1.0	0.0	0.0	0.0	0.0	0.0	0.0	0.0	0.0
EU482561	0.0	1.0	0.0	0.0	0.0	0.0	0.0	0.0	0.0	0.0
GQ398302	0.0	1.0	0.0	0.0	0.0	0.0	0.0	0.0	0.0	0.0
GQ398296.1	0.0	1.0	0.0	0.0	0.0	0.0	0.0	0.0	0.0	0.0
GQ398296	0.0	1.0	0.0	0.0	0.0	0.0	0.0	0.0	0.0	0.0
GQ398314.2	0.0	1.0	0.0	0.0	0.0	0.0	0.0	0.0	0.0	0.0
GQ398314.1	0.0	1.0	0.0	0.0	0.0	0.0	0.0	0.0	0.0	0.0
GQ398314	0.0	1.0	0.0	0.0	0.0	0.0	0.0	0.0	0.0	0.0
JF730047_JF730047.1	3.158120178368234e-11	3.6887753882332334e-11	3.243511780946872e-11	1.0127341885146376e-10	1.4806653747637802e-11	5.918147186045605e-11	1.2050702562311706e-10	0.9999999995536106	3.493661117864759e-11	1.4780139908669166e-11
JN368476	0.0	0.0	0.0	0.0	0.0	0.0	0.0	1.0	0.0	0.0
EU482464_FJ639707.2	3.4321921395100476e-09	4.008899337850346e-09	3.5249943036449155e-09	1.100622561814283e-08	1.609162341356725e-09	6.43174328562263e-09	1.3096501802952368e-08	0.999999951487148	3.796852415237374e-09	1.606280861724642e-09
GQ868631_GU131924	2.994208618423814e-08	3.4973219621377446e-08	3.0751682583175965e-08	9.601716414065504e-08	1.4038164400729478e-08	5.610985747449992e-08	1.1425251552263279e-07	0.999999576778939	3.312334438890096e-08	1.401302667301057e-08
FJ810411.1	0.0	0.0	0.0	0.0	0.0	0.0	0.0	1.0	0.0	0.0
FJ810411	0.0	0.0	0.0	0.0	0.0	0.0	0.0	1.0	0.0	0.0
GU131927.1	0.0	0.0	0.0	0.0	0.0	0.0	0.0	1.0	0.0	0.0
GU131927	0.0	0.0	0.0	0.0	0.0	0.0	0.0	1.0	0.0	0.0
FJ639710.2	0.0	0.0	0.0	0.0	0.0	0.0	0.0	1.0	0.0	0.0
FJ639710.1	0.0	0.0	0.0	0.0	0.0	0.0	0.0	1.0	0.0	0.0
FJ639710	0.0	0.0	0.0	0.0	0.0	0.0	0.0	1.0	0.0	0.0
EU482639_FJ410291	3.100536835486372e-09	3.621516384142844e-09	0.9999999539681641	9.942685770965331e-09	1.453667775827448e-09	5.810239101681483e-09	1.1830976998235334e-08	5.3911887129734865e-09	3.4299597149096066e-09	1.45106473573621e-09
EU482444	0.0	0.0	1.0	0.0	0.0	0.0	0.0	0.0	0.0	0.0
EU482762.2	0.0	0.0	1.0	0.0	0.0	0.0	0.0	0.0	0.0	0.0
EU482762.1	0.0	0.0	1.0	0.0	0.0	0.0	0.0	0.0	0.0	0.0
EU482762	0.0	0.0	1.0	0.0	0.0	0.0	0.0	0.0	0.0	0.0
FJ744708_FJ744708.1	0.0	0.0	1.0	0.0	0.0	0.0	0.0	0.0	0.0	0.0
FJ850050	0.0	0.0	1.0	0.0	0.0	0.0	0.0	0.0	0.0	0.0
HQ332188	0.0	0.0	0.0	0.0	0.0	0.0	1.0	0.0	0.0	0.0
HQ332186	0.0	0.0	0.0	0.0	0.0	0.0	1.0	0.0	0.0	0.0
HM181971_JX669477.2	2.8250424331280876e-12	3.481115900606262e-09	2.9014280318681975e-12	9.059240606580233e-12	1.3245039063499044e-12	5.293977423846788e-12	0.9999999964881203	4.9121612440905525e-12	3.125194846143329e-12	1.3221321561972476e-12
JX669476_JX669476.1	0.0	0.0	0.0	0.0	0.0	0.0	1.0	0.0	0.0	0.0
GQ199892.1	0.0	1.0	0.0	0.0	0.0	0.0	0.0	0.0	0.0	0.0
GQ199892	0.0	1.0	0.0	0.0	0.0	0.0	0.0	0.0	0.0	0.0
EU677146.1	0.0	1.0	0.0	0.0	0.0	0.0	0.0	0.0	0.0	0.0
EU677146	0.0	1.0	0.0	0.0	0.0	0.0	0.0	0.0	0.0	0.0
EU596490.1	0.0	1.0	0.0	0.0	0.0	0.0	0.0	0.0	0.0	0.0
EU596490	0.0	1.0	0.0	0.0	0.0	0.0	0.0	0.0	0.0	0.0
JF730047.1	0.0	0.0	0.0	0.0	0.0	0.0	0.0	1.0	0.0	0.0
JF730047	0.0	0.0	0.0	0.0	0.0	0.0	0.0	1.0	0.0	0.0
EU482464_EU482784	1.1109941454677368e-10	1.297673181769194e-10	1.1410340315958173e-10	3.562694548679684e-10	5.2088282581105297e-11	2.0819432144315267e-10	4.239313021462953e-10	0.9999999984296479	1.229033991417487e-10	5.199500962692898e-11
FJ639707_FJ639707.2	4.844691684167024e-14	5.6587395155327095e-14	4.975686061690737e-14	1.5535776424770448e-13	2.2714041337902905e-14	9.078691385558962e-14	1.8486294122653392e-13	0.9999999999993152	5.359425863825866e-14	2.26733679727642e-14
GQ868631_GU131932.1	9.204967622152368e-09	1.075166747822233e-08	9.453858383917552e-09	2.951814651949269e-08	4.315692900890458e-09	1.7249613742954285e-08	3.5124162680719215e-08	0.9999998698909576	1.0182968239458819e-08	4.3079649166637346e-09
GU131924	0.0	0.0	0.0	0.0	0.0	0.0	0.0	1.0	0.0	0.0
EU482639	0.0	0.0	1.0	0.0	0.0	0.0	0.0	0.0	0.0	0.0
FJ410291	0.0	0.0	1.0	0.0	0.0	0.0	0.0	0.0	0.0	0.0
FJ744708.1	0.0	0.0	1.0	0.0	0.0	0.0	0.0	0.0	0.0	0.0
FJ744708	0.0	0.0	1.0	0.0	0.0	0.0	0.0	0.0	0.0	0.0
HM181971	0.0	0.0	0.0	0.0	0.0	0.0	1.0	0.0	0.0	0.0
0.877	6.698828573338711e-08	7.830084751058224e-08	6.879956483288144e-08	2.1481553380036771e-07	3.1407049003264263e-08	1.2553244092056792e-07	0.9999991922211788	1.1647869679014068e-07	7.410559320135565e-08	3.135080932521509e-08
JX567950_JX567950.1	0.0	0.0	0.0	0.0	0.0	0.0	1.0	0.0	0.0	0.0
JX669477_JX669477.2	3.9515109726918505e-13	4.615610924460358e-13	4.0583548657382437e-13	1.2671557864537852e-12	1.8526418074080533e-13	7.404918819697261e-13	0.9999999999952355	6.87085575354095e-13	4.37134734031638e-13	1.8493243362639727e-13
JX669476.1	0.0	0.0	0.0	0.0	0.0	0.0	1.0	0.0	0.0	0.0
JX669476	0.0	0.0	0.0	0.0	0.0	0.0	1.0	0.0	0.0	0.0
0.989	6.765635455873542e-10	7.90245720423452e-10	6.948569740007847e-10	2.169578719683238e-09	3.1720268995469717e-10	1.267843659314973e-09	2.5816199485444603e-09	0.9999999904370075	7.484464236584404e-10	3.1663468443601467e-10
0.604	2.5256571127960825e-09	2.9500402994835274e-09	2.5939477085444773e-09	8.099182938362277e-09	1.1841389257628746e-09	4.732945451978734e-09	9.637360493487759e-09	0.9999999643007079	2.794000719945179e-09	1.1820185230487113e-09
FJ639707.2	0.0	0.0	0.0	0.0	0.0	0.0	0.0	1.0	0.0	0.0
FJ639707.1	0.0	0.0	0.0	0.0	0.0	0.0	0.0	1.0	0.0	0.0
FJ639707	0.0	0.0	0.0	0.0	0.0	0.0	0.0	1.0	0.0	0.0
GU131932_GU131932.1	6.291044885579446e-12	7.348121739998645e-12	6.461146836845703e-12	2.0173887874014876e-11	2.9495180066184742e-12	1.1789079415627434e-11	2.4005264663943585e-11	0.9999999999110782	6.95944982019242e-12	2.944236391555715e-12
GQ868631	0.0	0.0	0.0	0.0	0.0	0.0	0.0	1.0	0.0	0.0
JX286525_KC294211	1.762784719089179e-07	2.0590071576927967e-07	1.810448203587079e-07	5.652832226717836e-07	8.264708590243236e-08	3.3033636580201746e-07	0.9999978744910859	3.065116005778701e-07	1.9500753880208836e-07	8.249909219877775e-08
JX669478	0.0	0.0	0.0	0.0	0.0	0.0	1.0	0.0	0.0	0.0
JX567950.1	0.0	0.0	0.0	0.0	0.0	0.0	1.0	0.0	0.0	0.0
JX567950	0.0	0.0	0.0	0.0	0.0	0.0	1.0	0.0	0.0	0.0
JX669477.2	0.0	0.0	0.0	0.0	0.0	0.0	1.0	0.0	0.0	0.0
JX669477.1	0.0	0.0	0.0	0.0	0.0	0.0	1.0	0.0	0.0	0.0
JX669477	0.0	0.0	0.0	0.0	0.0	0.0	1.0	0.0	0.0	0.0
0.840	7.4790856102631e-09	8.735787546844598e-09	7.681310690378064e-09	2.3983652516526064e-08	3.5065236509563216e-09	1.4015403771443113e-08	2.8538570743661315e-08	0.9999998942857043	8.273716362262941e-09	3.5002446222840945e-09
EU482784	0.0	0.0	0.0	0.0	0.0	0.0	0.0	1.0	0.0	0.0
0.700	6.46442572574711e-10	7.550635558308161e-10	6.639215677140707e-10	2.0729879079396774e-09	3.0308065555603817e-10	1.211398577555027e-09	2.466684839630926e-09	0.9999999908627571	7.151251862440686e-10	3.025379379486109e-10
EU482661_FJ410224	2.8806374158390403e-08	3.3646675242932605e-08	2.9585262330763816e-08	9.237520521597125e-08	1.3505692747530885e-08	5.398159428300804e-08	1.0991888442345056e-07	0.9999995928318366	3.1866966315332624e-08	1.3481508501125788e-08
GU131932.1	0.0	0.0	0.0	0.0	0.0	0.0	0.0	1.0	0.0	0.0
GU131932	0.0	0.0	0.0	0.0	0.0	0.0	0.0	1.0	0.0	0.0
KC294211	0.0	0.0	0.0	0.0	0.0	0.0	1.0	0.0	0.0	0.0
JX286525	0.0	0.0	0.0	0.0	0.0	0.0	1.0	0.0	0.0	0.0
0.757	1.4079990625822234e-09	1.6445834849110605e-09	1.4460695885890073e-09	4.515118828727855e-09	6.601317688747803e-10	2.63851443882711e-09	5.372619454893239e-09	0.9999999800984188	1.5575948035882455e-09	6.589496903500619e-10
EU660413_EU660413.1	2.7646890539290806e-10	3.229236495845061e-10	2.839442773107875e-10	8.865701643351785e-10	1.296207592789053e-10	5.180878440558728e-10	1.0549454607326734e-09	0.9999999960922071	3.058429098695343e-10	1.2938865120120665e-10
EU482649_FM210214.1	7.766642410498875e-08	9.071662177168796e-08	7.976642665280308e-08	2.4905778928096354e-07	3.641342902073918e-08	1.4554269733479717e-07	2.9635825209513175e-07	0.9999989022118829	8.591825223047462e-08	3.634822456537695e-08
0.962	2.066323958246781e-09	2.413525936570188e-09	2.1221947624834e-09	6.6262105267464824e-09	9.687833791055014e-10	3.8721798501269475e-09	7.884644665763302e-09	0.9999999707932237	2.285864774648689e-09	9.670486072288245e-10
FJ410215_FJ410224	4.5164470474514505e-08	5.27534031953961e-08	4.6385661023199416e-08	1.4483173778185327e-07	2.1175086388165094e-08	8.463578608528244e-08	1.723378368564487e-07	0.9999993616157875	4.996306204132177e-08	2.113716878434915e-08
EU482661_EU482661.1	5.353533203885401e-10	6.253081075839693e-10	5.498286016925571e-10	1.7167510413502962e-09	2.5099713753569075e-10	1.0032232998285186e-09	2.0427923148515577e-09	0.9999999924329656	5.922330291837161e-10	2.505476843506811e-10
EU482469_FM210211	6.0290418933371486e-09	7.042094693894841e-09	6.192059612805891e-09	1.9333706459911734e-08	2.8266795024491625e-09	1.1298099913993823e-08	2.3005517994524894e-08	0.9999999147815724	6.669609784011753e-09	2.821617850679541e-09
EU482776	0.0	0.0	0.0	0.0	0.0	0.0	0.0	1.0	0.0	0.0
EU660413.1	0.0	0.0	0.0	0.0	0.0	0.0	0.0	1.0	0.0	0.0
EU660413	0.0	0.0	0.0	0.0	0.0	0.0	0.0	1.0	0.0	0.0
FM210214_FM210214.1	4.57893872143348e-12	5.348332395817564e-12	4.702747472668087e-12	1.46835697452945e-11	2.1468074788384953e-12	8.580684641117258e-12	1.7472238378071263e-11	0.9999999999352783	5.065437433867108e-12	2.1429632538866105e-12
EU482649_EU482649.1	0.0	0.0	0.0	0.0	0.0	0.0	0.0	1.0	0.0	0.0
EU482474_EU482676	1.2617701990641615e-09	1.4737839578729703e-09	1.2958868802854972e-09	4.046197568394757e-09	5.915732585035492e-10	2.3644894213259683e-09	4.814641784394478e-09	0.9999999821653134	1.3958295552984957e-09	5.905139456850391e-10
EU482464_EU482464.1	7.417628217177801e-11	8.664003540462938e-11	7.618191566582893e-11	2.3786573242783463e-10	3.47770972722158e-11	1.3900235925570509e-10	2.830406264311504e-10	0.999999998951544	8.20572930271463e-11	3.4714822947943224e-11
FJ410215_FJ410215.1	8.115915807900861e-11	9.479623571711657e-11	8.335359976611388e-11	2.602581581937899e-10	3.805097603177928e-11	1.520878927588142e-10	3.0968576842541333e-10	0.9999999988528434	8.978207887129087e-11	3.7982839269192603e-11
FJ410224	0.0	0.0	0.0	0.0	0.0	0.0	0.0	1.0	0.0	0.0
EU482661.1	0.0	0.0	0.0	0.0	0.0	0.0	0.0	1.0	0.0	0.0
EU482661	0.0	0.0	0.0	0.0	0.0	0.0	0.0	1.0	0.0	0.0
EU482469_EU482541.1	1.9602385263004252e-08	2.2896150945781005e-08	2.013240913715482e-08	6.286019724093342e-08	9.190458716712571e-09	3.6733814621320534e-08	7.479845635208226e-08	0.9999997229270452	2.168508078946764e-08	9.174001632849061e-09
FM210211	0.0	0.0	0.0	0.0	0.0	0.0	0.0	1.0	0.0	0.0
FM210214.1	0.0	0.0	0.0	0.0	0.0	0.0	0.0	1.0	0.0	0.0
FM210214	0.0	0.0	0.0	0.0	0.0	0.0	0.0	1.0	0.0	0.0
EU482649.1	0.0	0.0	0.0	0.0	0.0	0.0	0.0	1.0	0.0	0.0
EU482649	0.0	0.0	0.0	0.0	0.0	0.0	0.0	1.0	0.0	0.0
0.420	3.764088457230945e-10	4.396563802502435e-10	3.8658646808883926e-10	1.2070538339046757e-09	1.764769904687278e-10	7.053699116256572e-10	1.4362946263735227e-09	0.9999999946795909	4.1640117362557085e-10	1.761609783172513e-10
EU482676	0.0	0.0	0.0	0.0	0.0	0.0	0.0	1.0	0.0	0.0
EU482464.1	0.0	0.0	0.0	0.0	0.0	0.0	0.0	1.0	0.0	0.0
EU482464	0.0	0.0	0.0	0.0	0.0	0.0	0.0	1.0	0.0	0.0
FJ410215.1	0.0	0.0	0.0	0.0	0.0	0.0	0.0	1.0	0.0	0.0
FJ410215	0.0	0.0	0.0	0.0	0.0	0.0	0.0	1.0	0.0	0.0
0.836	1.796378634508758e-08	2.098222018374151e-08	1.8449504562809067e-08	5.76055994051578e-08	8.422211612785635e-09	3.3663168468729685e-08	6.854591779639552e-08	0.9999997460880758	1.9872385577134502e-08	8.407130206394482e-09
EU482541_EU482541.1	6.90916968806922e-11	8.070109324226335e-11	7.095984957542853e-11	2.2156067414040152e-10	3.2393220484653556e-11	1.2947412016627428e-10	2.6363895026465334e-10	0.9999999990234127	7.64324855693402e-11	3.233521489836484e-11
0.980	9.093558920381492e-10	1.062153890365372e-09	9.339437330795835e-10	2.9160885253901165e-09	4.263459610881606e-10	1.7040839833904704e-09	3.4699051205516325e-09	0.9999999871465681	1.0059722692239077e-09	4.25582515926959e-10
EU482474_EU482701	1.0994947439247494e-09	1.2842415493437614e-09	1.1292237006799781e-09	3.5258186971214993e-09	5.154914015670255e-10	2.0603939550496363e-09	4.195433795907095e-09	0.9999999844590209	1.2163128124311297e-09	5.145683262899364e-10
FJ432726_FJ432726.1	5.422314155589388e-13	6.333419209759606e-13	5.568926719165055e-13	1.7388074601611833e-12	2.5422189048616314e-13	1.0161124798720347e-12	2.0690376362492295e-12	0.9999999999923358	5.99841901647275e-13	2.537666628309796e-13
EU482469	0.0	0.0	0.0	0.0	0.0	0.0	0.0	1.0	0.0	0.0
EU482541.1	0.0	0.0	0.0	0.0	0.0	0.0	0.0	1.0	0.0	0.0
EU482541	0.0	0.0	0.0	0.0	0.0	0.0	0.0	1.0	0.0	0.0
FM210207_FM210207.1	7.642280598286577e-10	8.926403996284169e-10	7.84891826588177e-10	2.45069801115228e-09	3.5830366252745446e-10	1.4321222392837977e-09	2.9161287470466525e-09	0.9999999891979	8.454250335666895e-10	3.5766205870716913e-10
EU482642_FJ410202	5.95277177843526e-11	6.953009001515275e-11	6.113727249803079e-11	1.9089126302854526e-10	2.7909207244780116e-11	1.1155173824930546e-10	2.2714487755912867e-10	0.9999999991585963	6.585236194712349e-11	2.7859231048993908e-11
EU482699_EU482701	2.4788703069799435e-08	2.8953919618519323e-08	2.545895846269898e-08	7.949148756173931e-08	1.1622032173492868e-08	4.645269496807226e-08	9.458832176360118e-08	0.9999996496202319	2.742242954224752e-08	1.1601220942624078e-08
0.857	3.197299253274013e-08	3.734537676899796e-08	3.2837502088236586e-08	1.0252979879872589e-07	1.4990342449624554e-08	5.991566663079347e-08	1.220020142609466e-07	0.9999995480727782	3.537002853739723e-08	1.496349968470493e-08
FJ432726.1	0.0	0.0	0.0	0.0	0.0	0.0	0.0	1.0	0.0	0.0
FJ432726	0.0	0.0	0.0	0.0	0.0	0.0	0.0	1.0	0.0	0.0
FM210207.1	0.0	0.0	0.0	0.0	0.0	0.0	0.0	1.0	0.0	0.0
FM210207	0.0	0.0	0.0	0.0	0.0	0.0	0.0	1.0	0.0	0.0
0.953	7.472298454031184e-09	8.727859952753699e-09	7.674340017967263e-09	2.396188771730806e-08	3.503341534172247e-09	1.4002685006074305e-08	2.851267242555582e-08	0.9999998943816385	8.266208090731434e-09	3.4970682036228646e-09
EU482652_FJ410202	2.952930264132937e-11	3.4491076546462444e-11	3.03277378917813e-11	9.469346528580048e-11	1.3844633355443816e-11	5.5336323338704705e-11	1.1267742293043729e-10	0.9999999995826134	3.266670381396884e-11	1.3819842178070293e-11
EU482699	0.0	0.0	0.0	0.0	0.0	0.0	0.0	1.0	0.0	0.0
EU482701	0.0	0.0	0.0	0.0	0.0	0.0	0.0	1.0	0.0	0.0
FJ410217_FJ410217.1	0.0	0.0	0.0	0.0	0.0	0.0	0.0	1.0	0.0	0.0
EU482474	0.0	0.0	0.0	0.0	0.0	0.0	0.0	1.0	0.0	0.0
FJ024452_FJ410195	4.732748106883099e-09	5.527986190949257e-09	4.8607156706939786e-09	1.5176799940352304e-08	2.218920070660957e-09	8.86891514859478e-09	1.8059141678344978e-08	0.9999999331042377	5.235588612149897e-09	2.2149467158138386e-09
EU482642	0.0	0.0	0.0	0.0	0.0	0.0	0.0	1.0	0.0	0.0
0.960	1.0409841858267551e-08	1.2158995311577437e-08	1.0691310905885287e-08	3.3381892238013055e-08	4.880590834344813e-09	1.9507483192902905e-08	3.9721701793977e-08	0.9999998528604759	1.1515856803822318e-08	4.871851304018843e-09
0.914	1.4441172441657734e-10	1.6867705619595271e-10	1.4831643604330453e-10	4.6309412650213985e-10	6.77065557916914e-11	2.7061979665686713e-10	5.510438612737895e-10	0.9999999979587901	1.597550435267729e-10	6.758531565546761e-11
FJ410217.1	0.0	0.0	0.0	0.0	0.0	0.0	0.0	1.0	0.0	0.0
FJ410217	0.0	0.0	0.0	0.0	0.0	0.0	0.0	1.0	0.0	0.0
FJ024452_FM210206	9.174062934343864e-09	1.0715569912160754e-08	9.422118072171352e-09	2.9419042520400367e-08	4.3012034265919925e-09	1.7191700021860865e-08	3.5006237085894695e-08	0.9999998703277848	1.0148780019866713e-08	4.293501388240336e-09
FJ410195	0.0	0.0	0.0	0.0	0.0	0.0	0.0	1.0	0.0	0.0
FJ390385_GU131899	3.2076276170210335e-08	3.7466015034291633e-08	3.294357838552517e-08	1.0286100491145299e-07	1.503876635281522e-08	6.010921460678425e-08	1.223961222506401e-07	0.9999995466128995	3.548428575623674e-08	1.5011836876637718e-08
FJ410202	0.0	0.0	0.0	0.0	0.0	0.0	0.0	1.0	0.0	0.0
FJ410223_FJ410223.1	0.0	0.0	0.0	0.0	0.0	0.0	0.0	1.0	0.0	0.0
0.885	6.334577017853823e-11	7.398968525130807e-11	6.505856023294281e-11	2.0313485090596998e-10	2.96992778120204e-11	1.1870656287808178e-10	2.417137385178734e-10	0.9999999991046293	7.00760711292196e-11	2.964609618956784e-11
FJ024452_FJ024452.1	0.0	0.0	0.0	0.0	0.0	0.0	0.0	1.0	0.0	0.0
FM210206	0.0	0.0	0.0	0.0	0.0	0.0	0.0	1.0	0.0	0.0
GU131899	0.0	0.0	0.0	0.0	0.0	0.0	0.0	1.0	0.0	0.0
FJ390385	0.0	0.0	0.0	0.0	0.0	0.0	0.0	1.0	0.0	0.0
FJ410223.1	0.0	0.0	0.0	0.0	0.0	0.0	0.0	1.0	0.0	0.0
FJ410223	0.0	0.0	0.0	0.0	0.0	0.0	0.0	1.0	0.0	0.0
0.771	2.8052102360868078e-09	3.276566404462652e-09	2.881059597130826e-09	8.995643457508341e-09	1.3152057017832593e-09	5.256812954325682e-09	1.070407466168715e-08	0.9999999603493208	3.1032555367530335e-09	1.3128506016517877e-09
0.828	6.56124562756931e-10	7.663723994074218e-10	6.738653467488725e-10	2.1040357525959996e-09	3.0761999757342247e-10	1.2295421058934047e-09	2.503629217079362e-09	0.9999999907259057	7.258358592814224e-10	3.0706915149987966e-10
FJ024452.1	0.0	0.0	0.0	0.0	0.0	0.0	0.0	1.0	0.0	0.0
FJ024452	0.0	0.0	0.0	0.0	0.0	0.0	0.0	1.0	0.0	0.0
FJ547067_FJ547067.1	0.0	0.0	0.0	0.0	0.0	0.0	0.0	1.0	0.0	0.0
FJ410241_FJ461309	6.756278730818427e-09	7.891528279700808e-09	6.938960020860609e-09	2.1665782400242457e-08	3.167640056099661e-09	1.2660902594147782e-08	2.5780496249269858e-08	0.9999999045023305	7.474113387133041e-09	3.1619678563042534e-09
EU482652_FJ461311	2.913987428668693e-09	3.403621300456029e-09	2.992777988360627e-09	9.344466097675367e-09	1.3662052247663357e-09	5.460655556831404e-09	1.1119144867800995e-08	0.9999999588117928	3.223589984706239e-09	1.3637588012904482e-09
0.233	2.772394860748168e-08	3.238237100298123e-08	2.8473569352637705e-08	8.890412336976533e-08	1.2998204132953126e-08	5.195318707669195e-08	1.057885829709621e-07	0.9999996081315486	3.0669536247251075e-08	1.2974928631470046e-08
FJ547067.1	0.0	0.0	0.0	0.0	0.0	0.0	0.0	1.0	0.0	0.0
FJ547067	0.0	0.0	0.0	0.0	0.0	0.0	0.0	1.0	0.0	0.0
0.827	2.375887615141115e-08	2.7751052097292323e-08	2.4401286318045354e-08	7.618907704662278e-08	1.1139204106815216e-08	4.452285476727198e-08	9.065872530012164e-08	0.9999996641764803	2.6283186556009232e-08	1.1119257461951316e-08
FJ461309	0.0	0.0	0.0	0.0	0.0	0.0	0.0	1.0	0.0	0.0
0.813	9.613406543491698e-10	1.122873590992828e-09	9.873340980632997e-10	3.082791320409715e-09	4.5071869968641875e-10	1.8015006291835944e-09	3.66826771380363e-09	0.9999999864117816	1.0634802589614279e-09	4.4991161097972527e-10
FJ461311	0.0	0.0	0.0	0.0	0.0	0.0	0.0	1.0	0.0	0.0
EU677148	0.0	0.0	0.0	0.0	0.0	0.0	0.0	1.0	0.0	0.0
FJ859028	0.0	0.0	0.0	0.0	0.0	0.0	0.0	1.0	0.0	0.0
JF730049_JF730049.1	0.0	0.0	0.0	0.0	0.0	0.0	0.0	1.0	0.0	0.0
FJ410241_FJ410241.1	1.9731043544106556e-10	2.3046427526157309e-10	2.0264546176565185e-10	6.327277381354234e-10	9.25077936673395e-11	3.6974913313347027e-10	7.528938848581227e-10	0.9999999972110851	2.1827408632865512e-10	9.234214268458245e-11
FJ390387_FJ547064	9.343894552666332e-09	1.0913938137063273e-08	9.59654172412079e-09	2.996365221367303e-08	4.3808279445291484e-09	1.7509955331130314e-08	3.565427775644877e-08	0.9999998679272732	1.0336655745933546e-08	4.3729833248973086e-09
EU482652	0.0	0.0	0.0	0.0	0.0	0.0	0.0	1.0	0.0	0.0
JF730049.1	0.0	0.0	0.0	0.0	0.0	0.0	0.0	1.0	0.0	0.0
JF730049	0.0	0.0	0.0	0.0	0.0	0.0	0.0	1.0	0.0	0.0
FJ410241.1	0.0	0.0	0.0	0.0	0.0	0.0	0.0	1.0	0.0	0.0
FJ410241	0.0	0.0	0.0	0.0	0.0	0.0	0.0	1.0	0.0	0.0
FJ390387	0.0	0.0	0.0	0.0	0.0	0.0	0.0	1.0	0.0	0.0
FJ547064	0.0	0.0	0.0	0.0	0.0	0.0	0.0	1.0	0.0	0.0
